rt-uaw rt-uax rt-uay rt-uaz rt-faw rt-fax rt-fay rt-faz rt-thw rt-thx rt-thy rt-thz rt-llw rt-llx rt-lly rt-llz rt-ftw rt-ftx rt-fty rt-ftz lt-uaw lt-uax lt-uay lt-uaz lt-faw lt-fax lt-fay lt-faz lt-thw lt-thx lt-thy lt-thz lt-llw lt-llx lt-lly lt-llz lt-ftw lt-ftx lt-fty lt-ftz 
0.7871 -0.0282 -0.5904 -0.1763 0.7175 -0.3149 -0.5975 -0.1704 0.7286 -0.2999 -0.5898 -0.1768 0.6334 0.0869 -0.7583 -0.1275 0.7219 -0.3777 -0.5772 0.0548 0.8295 0.1426 -0.528 -0.1135 0.9408 0.0509 0.3085 -0.131 0.6209 0.063 -0.7812 -0.0157 0.6465 -0.3862 -0.6512 -0.0939 0.9404 0.0275 0.3362 -0.0436
0.7871 -0.0282 -0.5904 -0.1763 0.7004 -0.3152 -0.598 -0.229 0.7286 -0.2999 -0.5898 -0.1768 0.6334 0.0869 -0.7583 -0.1275 0.7219 -0.3777 -0.5772 0.0548 0.7878 0.2288 -0.5674 -0.0707 0.9408 0.0509 0.3085 -0.131 0.6209 0.063 -0.7812 -0.0157 0.6465 -0.3862 -0.6512 -0.0939 0.9404 0.0275 0.3362 -0.0436
0.7871 -0.0282 -0.5904 -0.1763 0.7004 -0.3152 -0.598 -0.229 0.7286 -0.2999 -0.5898 -0.1768 0.6334 0.0869 -0.7583 -0.1275 0.7219 -0.3777 -0.5772 0.0548 0.7878 0.2288 -0.5674 -0.0707 0.9408 0.0509 0.3085 -0.131 0.6209 0.063 -0.7812 -0.0157 0.6465 -0.3862 -0.6512 -0.0939 0.9404 0.0275 0.3362 -0.0436
0.7726 0.0285 -0.5702 -0.2777 0.7004 -0.3152 -0.598 -0.229 0.7286 -0.2999 -0.5898 -0.1768 0.6334 0.0869 -0.7583 -0.1275 0.7219 -0.3777 -0.5772 0.0548 0.7878 0.2288 -0.5674 -0.0707 0.9408 0.0509 0.3085 -0.131 0.6216 0.059 -0.7809 0.0137 0.6465 -0.3862 -0.6512 -0.0939 0.9404 0.0275 0.3362 -0.0436
0.7726 0.0285 -0.5702 -0.2777 0.7004 -0.3152 -0.598 -0.229 0.7313 -0.3062 -0.5917 -0.1462 0.6334 0.0869 -0.7583 -0.1275 0.7219 -0.3777 -0.5772 0.0548 0.7878 0.2288 -0.5674 -0.0707 0.9408 0.0509 0.3085 -0.131 0.6216 0.059 -0.7809 0.0137 0.6465 -0.3862 -0.6512 -0.0939 0.9404 0.0275 0.3362 -0.0436
0.7726 0.0285 -0.5702 -0.2777 0.7004 -0.3152 -0.598 -0.229 0.7313 -0.3062 -0.5917 -0.1462 0.6334 0.0869 -0.7583 -0.1275 0.7219 -0.3777 -0.5772 0.0548 0.7878 0.2288 -0.5674 -0.0707 0.9408 0.0509 0.3085 -0.131 0.6216 0.059 -0.7809 0.0137 0.6465 -0.3862 -0.6512 -0.0939 0.9404 0.0275 0.3362 -0.0436
0.7726 0.0285 -0.5702 -0.2777 0.7004 -0.3152 -0.598 -0.229 0.7313 -0.3062 -0.5917 -0.1462 0.5475 0.1255 -0.8138 -0.1487 0.7065 -0.3924 -0.5782 0.1116 0.7878 0.2288 -0.5674 -0.0707 0.9408 0.0509 0.3085 -0.131 0.6216 0.059 -0.7809 0.0137 0.6498 -0.3965 -0.6452 -0.0651 0.9392 0.0302 0.3391 -0.045
0.7726 0.0285 -0.5702 -0.2777 0.6929 -0.3049 -0.5937 -0.2728 0.7313 -0.3062 -0.5917 -0.1462 0.5475 0.1255 -0.8138 -0.1487 0.7065 -0.3924 -0.5782 0.1116 0.7878 0.2288 -0.5674 -0.0707 0.9408 0.0509 0.3085 -0.131 0.6216 0.059 -0.7809 0.0137 0.6498 -0.3965 -0.6452 -0.0651 0.9392 0.0302 0.3391 -0.045
0.7726 0.0285 -0.5702 -0.2777 0.6929 -0.3049 -0.5937 -0.2728 0.7313 -0.3062 -0.5917 -0.1462 0.5475 0.1255 -0.8138 -0.1487 0.7065 -0.3924 -0.5782 0.1116 0.7878 0.2288 -0.5674 -0.0707 0.9408 0.0509 0.3085 -0.131 0.6216 0.059 -0.7809 0.0137 0.6498 -0.3965 -0.6452 -0.0651 0.9392 0.0302 0.3391 -0.045
0.7726 0.0285 -0.5702 -0.2777 0.6929 -0.3049 -0.5937 -0.2728 0.7313 -0.3062 -0.5917 -0.1462 0.5475 0.1255 -0.8138 -0.1487 0.7065 -0.3924 -0.5782 0.1116 0.7142 0.08 -0.6947 -0.0307 0.9282 0.1129 0.3284 -0.1334 0.6216 0.059 -0.7809 0.0137 0.6498 -0.3965 -0.6452 -0.0651 0.9392 0.0302 0.3391 -0.045
0.7726 0.0285 -0.5702 -0.2777 0.6929 -0.3049 -0.5937 -0.2728 0.7296 -0.3266 -0.5734 -0.1796 0.5475 0.1255 -0.8138 -0.1487 0.7065 -0.3924 -0.5782 0.1116 0.7142 0.08 -0.6947 -0.0307 0.9282 0.1129 0.3284 -0.1334 0.6147 0.0264 -0.7871 0.0433 0.6498 -0.3965 -0.6452 -0.0651 0.9392 0.0302 0.3391 -0.045
0.7726 0.0285 -0.5702 -0.2777 0.6929 -0.3049 -0.5937 -0.2728 0.7296 -0.3266 -0.5734 -0.1796 0.5475 0.1255 -0.8138 -0.1487 0.7065 -0.3924 -0.5782 0.1116 0.7142 0.08 -0.6947 -0.0307 0.9282 0.1129 0.3284 -0.1334 0.6147 0.0264 -0.7871 0.0433 0.6546 -0.4019 -0.6398 -0.0258 0.9392 0.0302 0.3391 -0.045
0.7726 0.0285 -0.5702 -0.2777 0.6929 -0.3049 -0.5937 -0.2728 0.7296 -0.3266 -0.5734 -0.1796 0.5475 0.1255 -0.8138 -0.1487 0.7065 -0.3924 -0.5782 0.1116 0.7142 0.08 -0.6947 -0.0307 0.9282 0.1129 0.3284 -0.1334 0.6147 0.0264 -0.7871 0.0433 0.6546 -0.4019 -0.6398 -0.0258 0.9392 0.0302 0.3391 -0.045
0.7726 0.0285 -0.5702 -0.2777 0.6929 -0.3049 -0.5937 -0.2728 0.7296 -0.3266 -0.5734 -0.1796 0.5386 0.0974 -0.815 -0.1902 0.6779 -0.4144 -0.5995 0.0964 0.7142 0.08 -0.6947 -0.0307 0.9282 0.1129 0.3284 -0.1334 0.6147 0.0264 -0.7871 0.0433 0.6546 -0.4019 -0.6398 -0.0258 0.9327 0.0264 0.3563 -0.048
0.7726 0.0285 -0.5702 -0.2777 0.6929 -0.3049 -0.5937 -0.2728 0.7296 -0.3266 -0.5734 -0.1796 0.5386 0.0974 -0.815 -0.1902 0.6779 -0.4144 -0.5995 0.0964 0.7142 0.08 -0.6947 -0.0307 0.9282 0.1129 0.3284 -0.1334 0.6147 0.0264 -0.7871 0.0433 0.6546 -0.4019 -0.6398 -0.0258 0.9327 0.0264 0.3563 -0.048
0.7726 0.0285 -0.5702 -0.2777 0.6929 -0.3049 -0.5937 -0.2728 0.7296 -0.3266 -0.5734 -0.1796 0.5386 0.0974 -0.815 -0.1902 0.6779 -0.4144 -0.5995 0.0964 0.7142 0.08 -0.6947 -0.0307 0.9282 0.1129 0.3284 -0.1334 0.6147 0.0264 -0.7871 0.0433 0.6546 -0.4019 -0.6398 -0.0258 0.9327 0.0264 0.3563 -0.048
0.7726 0.0285 -0.5702 -0.2777 0.6884 -0.2939 -0.5991 -0.2844 0.7296 -0.3266 -0.5734 -0.1796 0.5386 0.0974 -0.815 -0.1902 0.6779 -0.4144 -0.5995 0.0964 0.6189 -0.0215 -0.7748 0.127 0.9282 0.1129 0.3284 -0.1334 0.6147 0.0264 -0.7871 0.0433 0.6546 -0.4019 -0.6398 -0.0258 0.9327 0.0264 0.3563 -0.048
0.7698 0.0403 -0.5544 -0.3137 0.6884 -0.2939 -0.5991 -0.2844 0.733 -0.3411 -0.5512 -0.2061 0.5386 0.0974 -0.815 -0.1902 0.6779 -0.4144 -0.5995 0.0964 0.6189 -0.0215 -0.7748 0.127 0.9282 0.1129 0.3284 -0.1334 0.607 0.0024 -0.7902 0.0845 0.6546 -0.4019 -0.6398 -0.0258 0.9327 0.0264 0.3563 -0.048
0.7698 0.0403 -0.5544 -0.3137 0.6884 -0.2939 -0.5991 -0.2844 0.733 -0.3411 -0.5512 -0.2061 0.5386 0.0974 -0.815 -0.1902 0.6779 -0.4144 -0.5995 0.0964 0.6189 -0.0215 -0.7748 0.127 0.9282 0.1129 0.3284 -0.1334 0.607 0.0024 -0.7902 0.0845 0.65 -0.4295 -0.626 0.0349 0.9327 0.0264 0.3563 -0.048
0.7698 0.0403 -0.5544 -0.3137 0.6884 -0.2939 -0.5991 -0.2844 0.733 -0.3411 -0.5512 -0.2061 0.5386 0.0974 -0.815 -0.1902 0.6779 -0.4144 -0.5995 0.0964 0.6189 -0.0215 -0.7748 0.127 0.9282 0.1129 0.3284 -0.1334 0.607 0.0024 -0.7902 0.0845 0.65 -0.4295 -0.626 0.0349 0.9327 0.0264 0.3563 -0.048
0.7698 0.0403 -0.5544 -0.3137 0.6884 -0.2939 -0.5991 -0.2844 0.733 -0.3411 -0.5512 -0.2061 0.6131 0.05 -0.7626 -0.2004 0.6623 -0.381 -0.638 0.0961 0.6189 -0.0215 -0.7748 0.127 0.9282 0.1129 0.3284 -0.1334 0.607 0.0024 -0.7902 0.0845 0.65 -0.4295 -0.626 0.0349 0.899 0.0035 0.4344 -0.0552
0.7698 0.0403 -0.5544 -0.3137 0.6884 -0.2939 -0.5991 -0.2844 0.733 -0.3411 -0.5512 -0.2061 0.6131 0.05 -0.7626 -0.2004 0.6623 -0.381 -0.638 0.0961 0.6189 -0.0215 -0.7748 0.127 0.9282 0.1129 0.3284 -0.1334 0.607 0.0024 -0.7902 0.0845 0.65 -0.4295 -0.626 0.0349 0.899 0.0035 0.4344 -0.0552
0.7698 0.0403 -0.5544 -0.3137 0.6763 -0.2953 -0.6053 -0.2985 0.733 -0.3411 -0.5512 -0.2061 0.6131 0.05 -0.7626 -0.2004 0.6623 -0.381 -0.638 0.0961 0.6189 -0.0215 -0.7748 0.127 0.9282 0.1129 0.3284 -0.1334 0.607 0.0024 -0.7902 0.0845 0.65 -0.4295 -0.626 0.0349 0.899 0.0035 0.4344 -0.0552
0.7698 0.0403 -0.5544 -0.3137 0.6763 -0.2953 -0.6053 -0.2985 0.733 -0.3411 -0.5512 -0.2061 0.6131 0.05 -0.7626 -0.2004 0.6623 -0.381 -0.638 0.0961 0.6189 -0.0215 -0.7748 0.127 0.9282 0.1129 0.3284 -0.1334 0.607 0.0024 -0.7902 0.0845 0.65 -0.4295 -0.626 0.0349 0.899 0.0035 0.4344 -0.0552
0.7601 0.0376 -0.5764 -0.2977 0.6763 -0.2953 -0.6053 -0.2985 0.7476 -0.3485 -0.5407 -0.1649 0.6131 0.05 -0.7626 -0.2004 0.6623 -0.381 -0.638 0.0961 0.6408 0.0562 -0.7521 0.1434 0.9518 0.0342 0.3021 -0.0408 0.6125 -0.0128 -0.7859 0.0839 0.65 -0.4295 -0.626 0.0349 0.899 0.0035 0.4344 -0.0552
0.7601 0.0376 -0.5764 -0.2977 0.6763 -0.2953 -0.6053 -0.2985 0.7476 -0.3485 -0.5407 -0.1649 0.6131 0.05 -0.7626 -0.2004 0.6623 -0.381 -0.638 0.0961 0.6408 0.0562 -0.7521 0.1434 0.9518 0.0342 0.3021 -0.0408 0.6125 -0.0128 -0.7859 0.0839 0.65 -0.4295 -0.626 0.0349 0.899 0.0035 0.4344 -0.0552
0.7601 0.0376 -0.5764 -0.2977 0.6763 -0.2953 -0.6053 -0.2985 0.7476 -0.3485 -0.5407 -0.1649 0.6131 0.05 -0.7626 -0.2004 0.6623 -0.381 -0.638 0.0961 0.6408 0.0562 -0.7521 0.1434 0.9518 0.0342 0.3021 -0.0408 0.6125 -0.0128 -0.7859 0.0839 0.65 -0.4295 -0.626 0.0349 0.899 0.0035 0.4344 -0.0552
0.7601 0.0376 -0.5764 -0.2977 0.6763 -0.2953 -0.6053 -0.2985 0.7476 -0.3485 -0.5407 -0.1649 0.7048 0.006 -0.6918 -0.157 0.653 -0.4082 -0.6362 0.0474 0.6408 0.0562 -0.7521 0.1434 0.9518 0.0342 0.3021 -0.0408 0.6125 -0.0128 -0.7859 0.0839 0.6172 -0.506 -0.5907 0.1188 0.6906 0.0318 0.7209 -0.049
0.7601 0.0376 -0.5764 -0.2977 0.6763 -0.2953 -0.6053 -0.2985 0.7476 -0.3485 -0.5407 -0.1649 0.7048 0.006 -0.6918 -0.157 0.653 -0.4082 -0.6362 0.0474 0.6408 0.0562 -0.7521 0.1434 0.9518 0.0342 0.3021 -0.0408 0.6125 -0.0128 -0.7859 0.0839 0.6172 -0.506 -0.5907 0.1188 0.6906 0.0318 0.7209 -0.049
0.7601 0.0376 -0.5764 -0.2977 0.6763 -0.2953 -0.6053 -0.2985 0.7476 -0.3485 -0.5407 -0.1649 0.7048 0.006 -0.6918 -0.157 0.653 -0.4082 -0.6362 0.0474 0.6408 0.0562 -0.7521 0.1434 0.9518 0.0342 0.3021 -0.0408 0.6125 -0.0128 -0.7859 0.0839 0.6172 -0.506 -0.5907 0.1188 0.6906 0.0318 0.7209 -0.049
0.7601 0.0376 -0.5764 -0.2977 0.674 -0.3106 -0.6046 -0.2893 0.7476 -0.3485 -0.5407 -0.1649 0.7048 0.006 -0.6918 -0.157 0.653 -0.4082 -0.6362 0.0474 0.6927 0.1235 -0.7075 0.0659 0.9465 0.032 0.3187 -0.0394 0.6125 -0.0128 -0.7859 0.0839 0.6172 -0.506 -0.5907 0.1188 0.6906 0.0318 0.7209 -0.049
0.7528 0.0355 -0.6145 -0.2332 0.674 -0.3106 -0.6046 -0.2893 0.7476 -0.3485 -0.5407 -0.1649 0.7048 0.006 -0.6918 -0.157 0.653 -0.4082 -0.6362 0.0474 0.6927 0.1235 -0.7075 0.0659 0.9465 0.032 0.3187 -0.0394 0.6507 0.065 -0.7565 -0.0138 0.6172 -0.506 -0.5907 0.1188 0.6906 0.0318 0.7209 -0.049
0.7528 0.0355 -0.6145 -0.2332 0.674 -0.3106 -0.6046 -0.2893 0.7657 -0.3694 -0.5142 -0.1129 0.7048 0.006 -0.6918 -0.157 0.653 -0.4082 -0.6362 0.0474 0.6927 0.1235 -0.7075 0.0659 0.9465 0.032 0.3187 -0.0394 0.6507 0.065 -0.7565 -0.0138 0.5382 -0.5897 -0.5539 0.236 0.6906 0.0318 0.7209 -0.049
0.7528 0.0355 -0.6145 -0.2332 0.674 -0.3106 -0.6046 -0.2893 0.7657 -0.3694 -0.5142 -0.1129 0.7048 0.006 -0.6918 -0.157 0.653 -0.4082 -0.6362 0.0474 0.6927 0.1235 -0.7075 0.0659 0.9465 0.032 0.3187 -0.0394 0.6507 0.065 -0.7565 -0.0138 0.5382 -0.5897 -0.5539 0.236 0.6906 0.0318 0.7209 -0.049
0.7528 0.0355 -0.6145 -0.2332 0.674 -0.3106 -0.6046 -0.2893 0.7657 -0.3694 -0.5142 -0.1129 0.72 0.0026 -0.6761 -0.1559 0.6577 -0.3833 -0.6479 -0.0272 0.6927 0.1235 -0.7075 0.0659 0.9465 0.032 0.3187 -0.0394 0.6507 0.065 -0.7565 -0.0138 0.5382 -0.5897 -0.5539 0.236 0.5663 0.0807 0.816 -0.0834
0.7528 0.0355 -0.6145 -0.2332 0.674 -0.3106 -0.6046 -0.2893 0.7657 -0.3694 -0.5142 -0.1129 0.72 0.0026 -0.6761 -0.1559 0.6577 -0.3833 -0.6479 -0.0272 0.6927 0.1235 -0.7075 0.0659 0.9465 0.032 0.3187 -0.0394 0.6507 0.065 -0.7565 -0.0138 0.5382 -0.5897 -0.5539 0.236 0.5663 0.0807 0.816 -0.0834
0.7528 0.0355 -0.6145 -0.2332 0.6989 -0.3369 -0.6061 -0.1753 0.7657 -0.3694 -0.5142 -0.1129 0.72 0.0026 -0.6761 -0.1559 0.6577 -0.3833 -0.6479 -0.0272 0.6927 0.1235 -0.7075 0.0659 0.9465 0.032 0.3187 -0.0394 0.6507 0.065 -0.7565 -0.0138 0.5382 -0.5897 -0.5539 0.236 0.5663 0.0807 0.816 -0.0834
0.7728 0.047 -0.6155 -0.1475 0.6989 -0.3369 -0.6061 -0.1753 0.7657 -0.3694 -0.5142 -0.1129 0.72 0.0026 -0.6761 -0.1559 0.6577 -0.3833 -0.6479 -0.0272 0.7127 0.1691 -0.68 0.0329 0.9446 0.0341 0.3243 -0.0386 0.688 0.1776 -0.6918 -0.1284 0.5382 -0.5897 -0.5539 0.236 0.5663 0.0807 0.816 -0.0834
0.7728 0.047 -0.6155 -0.1475 0.6989 -0.3369 -0.6061 -0.1753 0.799 -0.3008 -0.5196 -0.0339 0.72 0.0026 -0.6761 -0.1559 0.6577 -0.3833 -0.6479 -0.0272 0.7127 0.1691 -0.68 0.0329 0.9446 0.0341 0.3243 -0.0386 0.688 0.1776 -0.6918 -0.1284 0.5382 -0.5897 -0.5539 0.236 0.5663 0.0807 0.816 -0.0834
0.7728 0.047 -0.6155 -0.1475 0.6989 -0.3369 -0.6061 -0.1753 0.799 -0.3008 -0.5196 -0.0339 0.72 0.0026 -0.6761 -0.1559 0.6577 -0.3833 -0.6479 -0.0272 0.7127 0.1691 -0.68 0.0329 0.9446 0.0341 0.3243 -0.0386 0.688 0.1776 -0.6918 -0.1284 0.5731 -0.5367 -0.6045 0.1346 0.5663 0.0807 0.816 -0.0834
0.7728 0.047 -0.6155 -0.1475 0.6989 -0.3369 -0.6061 -0.1753 0.799 -0.3008 -0.5196 -0.0339 0.72 0.0026 -0.6761 -0.1559 0.6577 -0.3833 -0.6479 -0.0272 0.7127 0.1691 -0.68 0.0329 0.9446 0.0341 0.3243 -0.0386 0.688 0.1776 -0.6918 -0.1284 0.5731 -0.5367 -0.6045 0.1346 0.5663 0.0807 0.816 -0.0834
0.7728 0.047 -0.6155 -0.1475 0.6989 -0.3369 -0.6061 -0.1753 0.799 -0.3008 -0.5196 -0.0339 0.704 0.1241 -0.6901 -0.1125 0.6624 -0.3024 -0.6787 -0.0955 0.7127 0.1691 -0.68 0.0329 0.9446 0.0341 0.3243 -0.0386 0.688 0.1776 -0.6918 -0.1284 0.5731 -0.5367 -0.6045 0.1346 0.765 0.0737 0.6359 -0.0705
0.7728 0.047 -0.6155 -0.1475 0.6989 -0.3369 -0.6061 -0.1753 0.799 -0.3008 -0.5196 -0.0339 0.704 0.1241 -0.6901 -0.1125 0.6624 -0.3024 -0.6787 -0.0955 0.7127 0.1691 -0.68 0.0329 0.9446 0.0341 0.3243 -0.0386 0.688 0.1776 -0.6918 -0.1284 0.5731 -0.5367 -0.6045 0.1346 0.765 0.0737 0.6359 -0.0705
0.7728 0.047 -0.6155 -0.1475 0.7248 -0.3679 -0.5804 -0.0489 0.799 -0.3008 -0.5196 -0.0339 0.704 0.1241 -0.6901 -0.1125 0.6624 -0.3024 -0.6787 -0.0955 0.7361 0.1736 -0.6542 0.0023 0.9446 0.0341 0.3243 -0.0386 0.688 0.1776 -0.6918 -0.1284 0.5731 -0.5367 -0.6045 0.1346 0.765 0.0737 0.6359 -0.0705
0.7912 0.04 -0.6062 -0.0701 0.7248 -0.3679 -0.5804 -0.0489 0.799 -0.3008 -0.5196 -0.0339 0.704 0.1241 -0.6901 -0.1125 0.6624 -0.3024 -0.6787 -0.0955 0.7361 0.1736 -0.6542 0.0023 0.936 0.0328 0.3484 -0.0372 0.6768 0.1888 -0.6613 -0.2629 0.5731 -0.5367 -0.6045 0.1346 0.765 0.0737 0.6359 -0.0705
0.7912 0.04 -0.6062 -0.0701 0.7248 -0.3679 -0.5804 -0.0489 0.799 -0.3008 -0.5196 -0.0339 0.704 0.1241 -0.6901 -0.1125 0.6624 -0.3024 -0.6787 -0.0955 0.7361 0.1736 -0.6542 0.0023 0.936 0.0328 0.3484 -0.0372 0.6768 0.1888 -0.6613 -0.2629 0.5731 -0.5367 -0.6045 0.1346 0.765 0.0737 0.6359 -0.0705
0.7912 0.04 -0.6062 -0.0701 0.7248 -0.3679 -0.5804 -0.0489 0.8051 -0.2408 -0.5413 0.0292 0.704 0.1241 -0.6901 -0.1125 0.6624 -0.3024 -0.6787 -0.0955 0.7361 0.1736 -0.6542 0.0023 0.936 0.0328 0.3484 -0.0372 0.6768 0.1888 -0.6613 -0.2629 0.5731 -0.5367 -0.6045 0.1346 0.765 0.0737 0.6359 -0.0705
0.7912 0.04 -0.6062 -0.0701 0.7248 -0.3679 -0.5804 -0.0489 0.8051 -0.2408 -0.5413 0.0292 0.704 0.1241 -0.6901 -0.1125 0.6624 -0.3024 -0.6787 -0.0955 0.7361 0.1736 -0.6542 0.0023 0.936 0.0328 0.3484 -0.0372 0.6768 0.1888 -0.6613 -0.2629 0.5731 -0.5367 -0.6045 0.1346 0.765 0.0737 0.6359 -0.0705
0.7912 0.04 -0.6062 -0.0701 0.7248 -0.3679 -0.5804 -0.0489 0.8051 -0.2408 -0.5413 0.0292 0.6851 0.2115 -0.6929 -0.0767 0.6639 -0.2126 -0.7031 -0.1403 0.7361 0.1736 -0.6542 0.0023 0.936 0.0328 0.3484 -0.0372 0.6768 0.1888 -0.6613 -0.2629 0.6617 -0.3062 -0.6763 -0.1052 0.9366 0.0291 0.3492 -0.0021
0.7912 0.04 -0.6062 -0.0701 0.7248 -0.3679 -0.5804 -0.0489 0.8051 -0.2408 -0.5413 0.0292 0.6851 0.2115 -0.6929 -0.0767 0.6639 -0.2126 -0.7031 -0.1403 0.7361 0.1736 -0.6542 0.0023 0.936 0.0328 0.3484 -0.0372 0.6768 0.1888 -0.6613 -0.2629 0.6617 -0.3062 -0.6763 -0.1052 0.9366 0.0291 0.3492 -0.0021
0.7912 0.04 -0.6062 -0.0701 0.7423 -0.3846 -0.5477 0.031 0.8051 -0.2408 -0.5413 0.0292 0.6851 0.2115 -0.6929 -0.0767 0.6639 -0.2126 -0.7031 -0.1403 0.7685 0.1992 -0.6059 -0.051 0.936 0.0328 0.3484 -0.0372 0.6768 0.1888 -0.6613 -0.2629 0.6617 -0.3062 -0.6763 -0.1052 0.9366 0.0291 0.3492 -0.0021
0.7912 0.04 -0.6062 -0.0701 0.7423 -0.3846 -0.5477 0.031 0.8051 -0.2408 -0.5413 0.0292 0.6851 0.2115 -0.6929 -0.0767 0.6639 -0.2126 -0.7031 -0.1403 0.7685 0.1992 -0.6059 -0.051 0.936 0.0328 0.3484 -0.0372 0.6768 0.1888 -0.6613 -0.2629 0.6617 -0.3062 -0.6763 -0.1052 0.9366 0.0291 0.3492 -0.0021
0.8035 0.0199 -0.593 -0.0498 0.7423 -0.3846 -0.5477 0.031 0.8051 -0.2408 -0.5413 0.0292 0.6851 0.2115 -0.6929 -0.0767 0.6639 -0.2126 -0.7031 -0.1403 0.7685 0.1992 -0.6059 -0.051 0.912 0.0414 0.407 -0.0308 0.6809 0.1206 -0.6851 -0.229 0.6617 -0.3062 -0.6763 -0.1052 0.9366 0.0291 0.3492 -0.0021
0.8035 0.0199 -0.593 -0.0498 0.7423 -0.3846 -0.5477 0.031 0.8018 -0.2195 -0.5552 0.026 0.6851 0.2115 -0.6929 -0.0767 0.6639 -0.2126 -0.7031 -0.1403 0.7685 0.1992 -0.6059 -0.051 0.912 0.0414 0.407 -0.0308 0.6809 0.1206 -0.6851 -0.229 0.6617 -0.3062 -0.6763 -0.1052 0.9366 0.0291 0.3492 -0.0021
0.8035 0.0199 -0.593 -0.0498 0.7423 -0.3846 -0.5477 0.031 0.8018 -0.2195 -0.5552 0.026 0.6851 0.2115 -0.6929 -0.0767 0.6639 -0.2126 -0.7031 -0.1403 0.7685 0.1992 -0.6059 -0.051 0.912 0.0414 0.407 -0.0308 0.6809 0.1206 -0.6851 -0.229 0.6617 -0.3062 -0.6763 -0.1052 0.9366 0.0291 0.3492 -0.0021
0.8035 0.0199 -0.593 -0.0498 0.7423 -0.3846 -0.5477 0.031 0.8018 -0.2195 -0.5552 0.026 0.7009 0.1871 -0.685 -0.0671 0.6669 -0.168 -0.6991 -0.1959 0.7685 0.1992 -0.6059 -0.051 0.912 0.0414 0.407 -0.0308 0.6809 0.1206 -0.6851 -0.229 0.6825 -0.1177 -0.6641 -0.2816 0.9862 0.0116 0.1627 -0.0278
0.8035 0.0199 -0.593 -0.0498 0.7423 -0.3846 -0.5477 0.031 0.8018 -0.2195 -0.5552 0.026 0.7009 0.1871 -0.685 -0.0671 0.6669 -0.168 -0.6991 -0.1959 0.7685 0.1992 -0.6059 -0.051 0.912 0.0414 0.407 -0.0308 0.6809 0.1206 -0.6851 -0.229 0.6825 -0.1177 -0.6641 -0.2816 0.9862 0.0116 0.1627 -0.0278
0.8035 0.0199 -0.593 -0.0498 0.7568 -0.3725 -0.5371 -0.0024 0.8018 -0.2195 -0.5552 0.026 0.7009 0.1871 -0.685 -0.0671 0.6669 -0.168 -0.6991 -0.1959 0.7962 0.2769 -0.5233 -0.1249 0.912 0.0414 0.407 -0.0308 0.6809 0.1206 -0.6851 -0.229 0.6825 -0.1177 -0.6641 -0.2816 0.9862 0.0116 0.1627 -0.0278
0.8035 0.0199 -0.593 -0.0498 0.7568 -0.3725 -0.5371 -0.0024 0.8018 -0.2195 -0.5552 0.026 0.7009 0.1871 -0.685 -0.0671 0.6669 -0.168 -0.6991 -0.1959 0.7962 0.2769 -0.5233 -0.1249 0.912 0.0414 0.407 -0.0308 0.6809 0.1206 -0.6851 -0.229 0.6825 -0.1177 -0.6641 -0.2816 0.9862 0.0116 0.1627 -0.0278
0.8029 0.0031 -0.5894 -0.0884 0.7568 -0.3725 -0.5371 -0.0024 0.7795 -0.2365 -0.577 -0.0599 0.7009 0.1871 -0.685 -0.0671 0.6669 -0.168 -0.6991 -0.1959 0.7962 0.2769 -0.5233 -0.1249 0.7335 0.0652 0.675 -0.0464 0.6623 0.1489 -0.6865 -0.2607 0.6825 -0.1177 -0.6641 -0.2816 0.9862 0.0116 0.1627 -0.0278
0.8029 0.0031 -0.5894 -0.0884 0.7568 -0.3725 -0.5371 -0.0024 0.7795 -0.2365 -0.577 -0.0599 0.7009 0.1871 -0.685 -0.0671 0.6669 -0.168 -0.6991 -0.1959 0.7962 0.2769 -0.5233 -0.1249 0.7335 0.0652 0.675 -0.0464 0.6623 0.1489 -0.6865 -0.2607 0.6825 -0.1177 -0.6641 -0.2816 0.9862 0.0116 0.1627 -0.0278
0.8029 0.0031 -0.5894 -0.0884 0.7568 -0.3725 -0.5371 -0.0024 0.7795 -0.2365 -0.577 -0.0599 0.7009 0.1871 -0.685 -0.0671 0.6669 -0.168 -0.6991 -0.1959 0.7962 0.2769 -0.5233 -0.1249 0.7335 0.0652 0.675 -0.0464 0.6623 0.1489 -0.6865 -0.2607 0.6825 -0.1177 -0.6641 -0.2816 0.9862 0.0116 0.1627 -0.0278
0.8029 0.0031 -0.5894 -0.0884 0.7568 -0.3725 -0.5371 -0.0024 0.7795 -0.2365 -0.577 -0.0599 0.7474 0.095 -0.6543 -0.0654 0.6996 -0.237 -0.6515 -0.1729 0.7962 0.2769 -0.5233 -0.1249 0.7335 0.0652 0.675 -0.0464 0.6623 0.1489 -0.6865 -0.2607 0.6489 -0.3192 -0.6519 -0.2281 0.9384 0.0536 0.3328 -0.0758
0.8029 0.0031 -0.5894 -0.0884 0.7496 -0.3195 -0.5677 -0.1171 0.7795 -0.2365 -0.577 -0.0599 0.7474 0.095 -0.6543 -0.0654 0.6996 -0.237 -0.6515 -0.1729 0.8124 0.3212 -0.4003 -0.2769 0.7335 0.0652 0.675 -0.0464 0.6623 0.1489 -0.6865 -0.2607 0.6489 -0.3192 -0.6519 -0.2281 0.9384 0.0536 0.3328 -0.0758
0.8029 0.0031 -0.5894 -0.0884 0.7496 -0.3195 -0.5677 -0.1171 0.7795 -0.2365 -0.577 -0.0599 0.7474 0.095 -0.6543 -0.0654 0.6996 -0.237 -0.6515 -0.1729 0.8124 0.3212 -0.4003 -0.2769 0.7335 0.0652 0.675 -0.0464 0.6623 0.1489 -0.6865 -0.2607 0.6489 -0.3192 -0.6519 -0.2281 0.9384 0.0536 0.3328 -0.0758
0.8029 0.0031 -0.5894 -0.0884 0.7496 -0.3195 -0.5677 -0.1171 0.7795 -0.2365 -0.577 -0.0599 0.7474 0.095 -0.6543 -0.0654 0.6996 -0.237 -0.6515 -0.1729 0.8124 0.3212 -0.4003 -0.2769 0.7335 0.0652 0.675 -0.0464 0.6623 0.1489 -0.6865 -0.2607 0.6489 -0.3192 -0.6519 -0.2281 0.9384 0.0536 0.3328 -0.0758
0.7979 -0.0076 -0.5838 -0.1499 0.7496 -0.3195 -0.5677 -0.1171 0.7522 -0.2718 -0.5743 -0.1749 0.7474 0.095 -0.6543 -0.0654 0.6996 -0.237 -0.6515 -0.1729 0.8124 0.3212 -0.4003 -0.2769 0.4978 -0.0067 0.8627 -0.0891 0.6615 0.1573 -0.7081 -0.1906 0.6489 -0.3192 -0.6519 -0.2281 0.9384 0.0536 0.3328 -0.0758
0.7979 -0.0076 -0.5838 -0.1499 0.7496 -0.3195 -0.5677 -0.1171 0.7522 -0.2718 -0.5743 -0.1749 0.7474 0.095 -0.6543 -0.0654 0.6996 -0.237 -0.6515 -0.1729 0.8124 0.3212 -0.4003 -0.2769 0.4978 -0.0067 0.8627 -0.0891 0.6615 0.1573 -0.7081 -0.1906 0.6489 -0.3192 -0.6519 -0.2281 0.9384 0.0536 0.3328 -0.0758
0.7979 -0.0076 -0.5838 -0.1499 0.7496 -0.3195 -0.5677 -0.1171 0.7522 -0.2718 -0.5743 -0.1749 0.7474 0.095 -0.6543 -0.0654 0.6996 -0.237 -0.6515 -0.1729 0.8124 0.3212 -0.4003 -0.2769 0.4978 -0.0067 0.8627 -0.0891 0.6615 0.1573 -0.7081 -0.1906 0.6489 -0.3192 -0.6519 -0.2281 0.9384 0.0536 0.3328 -0.0758
0.7979 -0.0076 -0.5838 -0.1499 0.7496 -0.3195 -0.5677 -0.1171 0.7522 -0.2718 -0.5743 -0.1749 0.7057 0.0648 -0.6895 -0.1497 0.6804 -0.4233 -0.5881 -0.1094 0.8124 0.3212 -0.4003 -0.2769 0.4978 -0.0067 0.8627 -0.0891 0.6615 0.1573 -0.7081 -0.1906 0.6334 -0.3849 -0.6581 -0.1324 0.9363 0.0557 0.3373 -0.0795
0.7979 -0.0076 -0.5838 -0.1499 0.7496 -0.3195 -0.5677 -0.1171 0.7522 -0.2718 -0.5743 -0.1749 0.7057 0.0648 -0.6895 -0.1497 0.6804 -0.4233 -0.5881 -0.1094 0.8124 0.3212 -0.4003 -0.2769 0.4978 -0.0067 0.8627 -0.0891 0.6615 0.1573 -0.7081 -0.1906 0.6334 -0.3849 -0.6581 -0.1324 0.9363 0.0557 0.3373 -0.0795
0.7979 -0.0076 -0.5838 -0.1499 0.7496 -0.3195 -0.5677 -0.1171 0.7522 -0.2718 -0.5743 -0.1749 0.7057 0.0648 -0.6895 -0.1497 0.6804 -0.4233 -0.5881 -0.1094 0.8124 0.3212 -0.4003 -0.2769 0.4978 -0.0067 0.8627 -0.0891 0.6615 0.1573 -0.7081 -0.1906 0.6334 -0.3849 -0.6581 -0.1324 0.9363 0.0557 0.3373 -0.0795
0.7979 -0.0076 -0.5838 -0.1499 0.7496 -0.3195 -0.5677 -0.1171 0.7522 -0.2718 -0.5743 -0.1749 0.7057 0.0648 -0.6895 -0.1497 0.6804 -0.4233 -0.5881 -0.1094 0.8124 0.3212 -0.4003 -0.2769 0.4978 -0.0067 0.8627 -0.0891 0.6615 0.1573 -0.7081 -0.1906 0.6334 -0.3849 -0.6581 -0.1324 0.9363 0.0557 0.3373 -0.0795
0.7858 -0.0482 -0.5599 -0.2584 0.7367 -0.3107 -0.5654 -0.2029 0.746 -0.2589 -0.5493 -0.2734 0.7057 0.0648 -0.6895 -0.1497 0.6804 -0.4233 -0.5881 -0.1094 0.7999 0.3082 -0.4557 -0.2398 0.7042 -0.0012 0.7065 -0.0706 0.635 0.1041 -0.7607 -0.0854 0.6334 -0.3849 -0.6581 -0.1324 0.9363 0.0557 0.3373 -0.0795
0.7858 -0.0482 -0.5599 -0.2584 0.7367 -0.3107 -0.5654 -0.2029 0.746 -0.2589 -0.5493 -0.2734 0.7057 0.0648 -0.6895 -0.1497 0.6804 -0.4233 -0.5881 -0.1094 0.7999 0.3082 -0.4557 -0.2398 0.7042 -0.0012 0.7065 -0.0706 0.635 0.1041 -0.7607 -0.0854 0.6334 -0.3849 -0.6581 -0.1324 0.9363 0.0557 0.3373 -0.0795
0.7858 -0.0482 -0.5599 -0.2584 0.7367 -0.3107 -0.5654 -0.2029 0.746 -0.2589 -0.5493 -0.2734 0.7057 0.0648 -0.6895 -0.1497 0.6804 -0.4233 -0.5881 -0.1094 0.7999 0.3082 -0.4557 -0.2398 0.7042 -0.0012 0.7065 -0.0706 0.635 0.1041 -0.7607 -0.0854 0.6334 -0.3849 -0.6581 -0.1324 0.9363 0.0557 0.3373 -0.0795
0.7858 -0.0482 -0.5599 -0.2584 0.7367 -0.3107 -0.5654 -0.2029 0.746 -0.2589 -0.5493 -0.2734 0.6006 0.0806 -0.7506 -0.2635 0.6697 -0.4452 -0.5911 0.062 0.7999 0.3082 -0.4557 -0.2398 0.7042 -0.0012 0.7065 -0.0706 0.635 0.1041 -0.7607 -0.0854 0.6404 -0.3915 -0.657 -0.0707 0.9247 0.0502 0.3691 -0.0781
0.7858 -0.0482 -0.5599 -0.2584 0.7367 -0.3107 -0.5654 -0.2029 0.746 -0.2589 -0.5493 -0.2734 0.6006 0.0806 -0.7506 -0.2635 0.6697 -0.4452 -0.5911 0.062 0.7999 0.3082 -0.4557 -0.2398 0.7042 -0.0012 0.7065 -0.0706 0.635 0.1041 -0.7607 -0.0854 0.6404 -0.3915 -0.657 -0.0707 0.9247 0.0502 0.3691 -0.0781
0.7858 -0.0482 -0.5599 -0.2584 0.7119 -0.3335 -0.5561 -0.2697 0.746 -0.2589 -0.5493 -0.2734 0.6006 0.0806 -0.7506 -0.2635 0.6697 -0.4452 -0.5911 0.062 0.712 0.1572 -0.6843 0.0071 0.7042 -0.0012 0.7065 -0.0706 0.635 0.1041 -0.7607 -0.0854 0.6404 -0.3915 -0.657 -0.0707 0.9247 0.0502 0.3691 -0.0781
0.7858 -0.0482 -0.5599 -0.2584 0.7119 -0.3335 -0.5561 -0.2697 0.746 -0.2589 -0.5493 -0.2734 0.6006 0.0806 -0.7506 -0.2635 0.6697 -0.4452 -0.5911 0.062 0.712 0.1572 -0.6843 0.0071 0.7042 -0.0012 0.7065 -0.0706 0.635 0.1041 -0.7607 -0.0854 0.6404 -0.3915 -0.657 -0.0707 0.9247 0.0502 0.3691 -0.0781
0.767 -0.0535 -0.5487 -0.3281 0.7119 -0.3335 -0.5561 -0.2697 0.746 -0.2589 -0.5493 -0.2734 0.6006 0.0806 -0.7506 -0.2635 0.6697 -0.4452 -0.5911 0.062 0.712 0.1572 -0.6843 0.0071 0.9194 0.05 0.3755 -0.1058 0.6234 0.0499 -0.7803 0.0096 0.6404 -0.3915 -0.657 -0.0707 0.9247 0.0502 0.3691 -0.0781
0.767 -0.0535 -0.5487 -0.3281 0.7119 -0.3335 -0.5561 -0.2697 0.7522 -0.2068 -0.5327 -0.3282 0.6006 0.0806 -0.7506 -0.2635 0.6697 -0.4452 -0.5911 0.062 0.712 0.1572 -0.6843 0.0071 0.9194 0.05 0.3755 -0.1058 0.6234 0.0499 -0.7803 0.0096 0.6404 -0.3915 -0.657 -0.0707 0.9247 0.0502 0.3691 -0.0781
0.767 -0.0535 -0.5487 -0.3281 0.7119 -0.3335 -0.5561 -0.2697 0.7522 -0.2068 -0.5327 -0.3282 0.4799 0.1288 -0.7985 -0.3398 0.6527 -0.4062 -0.6334 0.0882 0.712 0.1572 -0.6843 0.0071 0.9194 0.05 0.3755 -0.1058 0.6234 0.0499 -0.7803 0.0096 0.6428 -0.4099 -0.647 -0.0096 0.9039 0.0405 0.4179 -0.0812
0.767 -0.0535 -0.5487 -0.3281 0.7119 -0.3335 -0.5561 -0.2697 0.7522 -0.2068 -0.5327 -0.3282 0.4799 0.1288 -0.7985 -0.3398 0.6527 -0.4062 -0.6334 0.0882 0.712 0.1572 -0.6843 0.0071 0.9194 0.05 0.3755 -0.1058 0.6234 0.0499 -0.7803 0.0096 0.6428 -0.4099 -0.647 -0.0096 0.9039 0.0405 0.4179 -0.0812
0.767 -0.0535 -0.5487 -0.3281 0.7119 -0.3335 -0.5561 -0.2697 0.7522 -0.2068 -0.5327 -0.3282 0.4799 0.1288 -0.7985 -0.3398 0.6527 -0.4062 -0.6334 0.0882 0.712 0.1572 -0.6843 0.0071 0.9194 0.05 0.3755 -0.1058 0.6234 0.0499 -0.7803 0.0096 0.6428 -0.4099 -0.647 -0.0096 0.9039 0.0405 0.4179 -0.0812
0.767 -0.0535 -0.5487 -0.3281 0.7119 -0.3335 -0.5561 -0.2697 0.7522 -0.2068 -0.5327 -0.3282 0.4799 0.1288 -0.7985 -0.3398 0.6527 -0.4062 -0.6334 0.0882 0.712 0.1572 -0.6843 0.0071 0.9194 0.05 0.3755 -0.1058 0.6234 0.0499 -0.7803 0.0096 0.6428 -0.4099 -0.647 -0.0096 0.9039 0.0405 0.4179 -0.0812
0.767 -0.0535 -0.5487 -0.3281 0.6997 -0.3337 -0.5643 -0.2839 0.7522 -0.2068 -0.5327 -0.3282 0.4799 0.1288 -0.7985 -0.3398 0.6527 -0.4062 -0.6334 0.0882 0.712 0.1572 -0.6843 0.0071 0.9194 0.05 0.3755 -0.1058 0.6234 0.0499 -0.7803 0.0096 0.6428 -0.4099 -0.647 -0.0096 0.9039 0.0405 0.4179 -0.0812
0.7617 -0.0551 -0.5394 -0.3548 0.6997 -0.3337 -0.5643 -0.2839 0.7612 -0.1966 -0.5239 -0.3277 0.4799 0.1288 -0.7985 -0.3398 0.6527 -0.4062 -0.6334 0.0882 0.5785 -0.0588 -0.7851 0.2133 0.9868 0.1227 0.0981 -0.0403 0.6167 0.0273 -0.7803 0.1 0.6428 -0.4099 -0.647 -0.0096 0.9039 0.0405 0.4179 -0.0812
0.7617 -0.0551 -0.5394 -0.3548 0.6997 -0.3337 -0.5643 -0.2839 0.7612 -0.1966 -0.5239 -0.3277 0.4799 0.1288 -0.7985 -0.3398 0.6527 -0.4062 -0.6334 0.0882 0.5785 -0.0588 -0.7851 0.2133 0.9868 0.1227 0.0981 -0.0403 0.6167 0.0273 -0.7803 0.1 0.6428 -0.4099 -0.647 -0.0096 0.9039 0.0405 0.4179 -0.0812
0.7617 -0.0551 -0.5394 -0.3548 0.6997 -0.3337 -0.5643 -0.2839 0.7612 -0.1966 -0.5239 -0.3277 0.4799 0.1288 -0.7985 -0.3398 0.6527 -0.4062 -0.6334 0.0882 0.5785 -0.0588 -0.7851 0.2133 0.9868 0.1227 0.0981 -0.0403 0.6167 0.0273 -0.7803 0.1 0.6428 -0.4099 -0.647 -0.0096 0.9039 0.0405 0.4179 -0.0812
0.7617 -0.0551 -0.5394 -0.3548 0.6912 -0.3298 -0.5727 -0.2924 0.7612 -0.1966 -0.5239 -0.3277 0.4329 0.1542 -0.8141 -0.3552 0.6558 -0.3885 -0.6344 0.1284 0.5785 -0.0588 -0.7851 0.2133 0.9868 0.1227 0.0981 -0.0403 0.6167 0.0273 -0.7803 0.1 0.621 -0.4722 -0.6205 0.0799 0.8254 0.0229 0.5566 -0.0913
0.7617 -0.0551 -0.5394 -0.3548 0.6912 -0.3298 -0.5727 -0.2924 0.7612 -0.1966 -0.5239 -0.3277 0.4329 0.1542 -0.8141 -0.3552 0.6558 -0.3885 -0.6344 0.1284 0.6479 0.1012 -0.7304 0.1911 0.9868 0.1227 0.0981 -0.0403 0.6167 0.0273 -0.7803 0.1 0.621 -0.4722 -0.6205 0.0799 0.8254 0.0229 0.5566 -0.0913
0.7617 -0.0551 -0.5394 -0.3548 0.6912 -0.3298 -0.5727 -0.2924 0.7612 -0.1966 -0.5239 -0.3277 0.4329 0.1542 -0.8141 -0.3552 0.6558 -0.3885 -0.6344 0.1284 0.6479 0.1012 -0.7304 0.1911 0.9868 0.1227 0.0981 -0.0403 0.6167 0.0273 -0.7803 0.1 0.621 -0.4722 -0.6205 0.0799 0.8254 0.0229 0.5566 -0.0913
0.7574 -0.0446 -0.5775 -0.3013 0.6912 -0.3298 -0.5727 -0.2924 0.7756 -0.1839 -0.5564 -0.2345 0.4329 0.1542 -0.8141 -0.3552 0.6558 -0.3885 -0.6344 0.1284 0.6479 0.1012 -0.7304 0.1911 0.9482 0.0182 0.317 -0.0033 0.6452 0.0582 -0.7573 0.0826 0.621 -0.4722 -0.6205 0.0799 0.8254 0.0229 0.5566 -0.0913
0.7574 -0.0446 -0.5775 -0.3013 0.6912 -0.3298 -0.5727 -0.2924 0.7756 -0.1839 -0.5564 -0.2345 0.4329 0.1542 -0.8141 -0.3552 0.6558 -0.3885 -0.6344 0.1284 0.6479 0.1012 -0.7304 0.1911 0.9482 0.0182 0.317 -0.0033 0.6452 0.0582 -0.7573 0.0826 0.621 -0.4722 -0.6205 0.0799 0.8254 0.0229 0.5566 -0.0913
0.7574 -0.0446 -0.5775 -0.3013 0.6912 -0.3298 -0.5727 -0.2924 0.7756 -0.1839 -0.5564 -0.2345 0.4329 0.1542 -0.8141 -0.3552 0.6595 -0.3905 -0.6347 0.0983 0.6479 0.1012 -0.7304 0.1911 0.9482 0.0182 0.317 -0.0033 0.6452 0.0582 -0.7573 0.0826 0.5562 -0.5408 -0.5721 0.2664 0.8254 0.0229 0.5566 -0.0913
0.7574 -0.0446 -0.5775 -0.3013 0.6912 -0.3298 -0.5727 -0.2924 0.7756 -0.1839 -0.5564 -0.2345 0.4329 0.1542 -0.8141 -0.3552 0.6595 -0.3905 -0.6347 0.0983 0.6479 0.1012 -0.7304 0.1911 0.9482 0.0182 0.317 -0.0033 0.6452 0.0582 -0.7573 0.0826 0.5562 -0.5408 -0.5721 0.2664 0.8254 0.0229 0.5566 -0.0913
0.7574 -0.0446 -0.5775 -0.3013 0.7098 -0.3334 -0.5696 -0.2458 0.7756 -0.1839 -0.5564 -0.2345 0.4329 0.1542 -0.8141 -0.3552 0.6595 -0.3905 -0.6347 0.0983 0.6479 0.1012 -0.7304 0.1911 0.9482 0.0182 0.317 -0.0033 0.6452 0.0582 -0.7573 0.0826 0.5562 -0.5408 -0.5721 0.2664 0.8254 0.0229 0.5566 -0.0913
0.7574 -0.0446 -0.5775 -0.3013 0.7098 -0.3334 -0.5696 -0.2458 0.7756 -0.1839 -0.5564 -0.2345 0.4329 0.1542 -0.8141 -0.3552 0.6595 -0.3905 -0.6347 0.0983 0.7075 0.1985 -0.6709 0.0998 0.9482 0.0182 0.317 -0.0033 0.6452 0.0582 -0.7573 0.0826 0.5562 -0.5408 -0.5721 0.2664 0.8254 0.0229 0.5566 -0.0913
0.7574 -0.0446 -0.5775 -0.3013 0.7098 -0.3334 -0.5696 -0.2458 0.7756 -0.1839 -0.5564 -0.2345 0.4329 0.1542 -0.8141 -0.3552 0.6595 -0.3905 -0.6347 0.0983 0.7075 0.1985 -0.6709 0.0998 0.9482 0.0182 0.317 -0.0033 0.6452 0.0582 -0.7573 0.0826 0.5562 -0.5408 -0.5721 0.2664 0.8254 0.0229 0.5566 -0.0913
0.7736 -0.0211 -0.6025 -0.1952 0.7098 -0.3334 -0.5696 -0.2458 0.7756 -0.1839 -0.5564 -0.2345 0.4329 0.1542 -0.8141 -0.3552 0.6595 -0.3905 -0.6347 0.0983 0.7075 0.1985 -0.6709 0.0998 0.9473 0.0181 0.3198 -0.0038 0.6837 0.1871 -0.7049 -0.0261 0.5562 -0.5408 -0.5721 0.2664 0.8254 0.0229 0.5566 -0.0913
0.7736 -0.0211 -0.6025 -0.1952 0.7098 -0.3334 -0.5696 -0.2458 0.784 -0.1916 -0.5543 -0.2037 0.4329 0.1542 -0.8141 -0.3552 0.6595 -0.3905 -0.6347 0.0983 0.7075 0.1985 -0.6709 0.0998 0.9473 0.0181 0.3198 -0.0038 0.6837 0.1871 -0.7049 -0.0261 0.5562 -0.5408 -0.5721 0.2664 0.8254 0.0229 0.5566 -0.0913
0.7736 -0.0211 -0.6025 -0.1952 0.7098 -0.3334 -0.5696 -0.2458 0.784 -0.1916 -0.5543 -0.2037 0.4329 0.1542 -0.8141 -0.3552 0.6595 -0.3905 -0.6347 0.0983 0.7075 0.1985 -0.6709 0.0998 0.9473 0.0181 0.3198 -0.0038 0.6837 0.1871 -0.7049 -0.0261 0.5562 -0.5408 -0.5721 0.2664 0.8254 0.0229 0.5566 -0.0913
0.7736 -0.0211 -0.6025 -0.1952 0.7098 -0.3334 -0.5696 -0.2458 0.784 -0.1916 -0.5543 -0.2037 0.6728 0.0847 -0.7029 -0.2147 0.6688 -0.3241 -0.6688 0.0169 0.7075 0.1985 -0.6709 0.0998 0.9473 0.0181 0.3198 -0.0038 0.6837 0.1871 -0.7049 -0.0261 0.5403 -0.5513 -0.5759 0.2691 0.6144 0.0705 0.7809 -0.0879
0.7736 -0.0211 -0.6025 -0.1952 0.7098 -0.3334 -0.5696 -0.2458 0.784 -0.1916 -0.5543 -0.2037 0.6728 0.0847 -0.7029 -0.2147 0.6688 -0.3241 -0.6688 0.0169 0.7075 0.1985 -0.6709 0.0998 0.9473 0.0181 0.3198 -0.0038 0.6837 0.1871 -0.7049 -0.0261 0.5403 -0.5513 -0.5759 0.2691 0.6144 0.0705 0.7809 -0.0879
0.7736 -0.0211 -0.6025 -0.1952 0.7475 -0.356 -0.5511 -0.1035 0.784 -0.1916 -0.5543 -0.2037 0.6728 0.0847 -0.7029 -0.2147 0.6688 -0.3241 -0.6688 0.0169 0.7231 0.2314 -0.6468 0.0729 0.9473 0.0181 0.3198 -0.0038 0.6837 0.1871 -0.7049 -0.0261 0.5403 -0.5513 -0.5759 0.2691 0.6144 0.0705 0.7809 -0.0879
0.7736 -0.0211 -0.6025 -0.1952 0.7475 -0.356 -0.5511 -0.1035 0.784 -0.1916 -0.5543 -0.2037 0.6728 0.0847 -0.7029 -0.2147 0.6688 -0.3241 -0.6688 0.0169 0.7231 0.2314 -0.6468 0.0729 0.9473 0.0181 0.3198 -0.0038 0.6837 0.1871 -0.7049 -0.0261 0.5403 -0.5513 -0.5759 0.2691 0.6144 0.0705 0.7809 -0.0879
0.8007 -0.0156 -0.5883 -0.1121 0.7475 -0.356 -0.5511 -0.1035 0.8053 -0.1845 -0.5555 -0.0942 0.6728 0.0847 -0.7029 -0.2147 0.6688 -0.3241 -0.6688 0.0169 0.7231 0.2314 -0.6468 0.0729 0.9411 0.0112 0.3379 -0.0077 0.6827 0.2416 -0.6609 -0.1966 0.5403 -0.5513 -0.5759 0.2691 0.6144 0.0705 0.7809 -0.0879
0.8007 -0.0156 -0.5883 -0.1121 0.7475 -0.356 -0.5511 -0.1035 0.8053 -0.1845 -0.5555 -0.0942 0.6728 0.0847 -0.7029 -0.2147 0.6688 -0.3241 -0.6688 0.0169 0.7231 0.2314 -0.6468 0.0729 0.9411 0.0112 0.3379 -0.0077 0.6827 0.2416 -0.6609 -0.1966 0.5403 -0.5513 -0.5759 0.2691 0.6144 0.0705 0.7809 -0.0879
0.8007 -0.0156 -0.5883 -0.1121 0.7475 -0.356 -0.5511 -0.1035 0.8053 -0.1845 -0.5555 -0.0942 0.6728 0.0847 -0.7029 -0.2147 0.6688 -0.3241 -0.6688 0.0169 0.7231 0.2314 -0.6468 0.0729 0.9411 0.0112 0.3379 -0.0077 0.6827 0.2416 -0.6609 -0.1966 0.5403 -0.5513 -0.5759 0.2691 0.6144 0.0705 0.7809 -0.0879
0.8007 -0.0156 -0.5883 -0.1121 0.7475 -0.356 -0.5511 -0.1035 0.8053 -0.1845 -0.5555 -0.0942 0.7162 0.1223 -0.6763 -0.1209 0.678 -0.2484 -0.6888 -0.0648 0.7231 0.2314 -0.6468 0.0729 0.9411 0.0112 0.3379 -0.0077 0.6827 0.2416 -0.6609 -0.1966 0.6124 -0.434 -0.6608 0.0087 0.8704 0.0748 0.4864 -0.0193
0.8007 -0.0156 -0.5883 -0.1121 0.7475 -0.356 -0.5511 -0.1035 0.8053 -0.1845 -0.5555 -0.0942 0.7162 0.1223 -0.6763 -0.1209 0.678 -0.2484 -0.6888 -0.0648 0.7231 0.2314 -0.6468 0.0729 0.9411 0.0112 0.3379 -0.0077 0.6827 0.2416 -0.6609 -0.1966 0.6124 -0.434 -0.6608 0.0087 0.8704 0.0748 0.4864 -0.0193
0.8007 -0.0156 -0.5883 -0.1121 0.7714 -0.3778 -0.512 0.0109 0.8053 -0.1845 -0.5555 -0.0942 0.7162 0.1223 -0.6763 -0.1209 0.678 -0.2484 -0.6888 -0.0648 0.7535 0.2238 -0.6177 0.0213 0.9411 0.0112 0.3379 -0.0077 0.6827 0.2416 -0.6609 -0.1966 0.6124 -0.434 -0.6608 0.0087 0.8704 0.0748 0.4864 -0.0193
0.8007 -0.0156 -0.5883 -0.1121 0.7714 -0.3778 -0.512 0.0109 0.8053 -0.1845 -0.5555 -0.0942 0.7162 0.1223 -0.6763 -0.1209 0.678 -0.2484 -0.6888 -0.0648 0.7535 0.2238 -0.6177 0.0213 0.9332 0.0064 0.3591 -0.0128 0.6827 0.2416 -0.6609 -0.1966 0.6124 -0.434 -0.6608 0.0087 0.8704 0.0748 0.4864 -0.0193
0.8007 -0.0156 -0.5883 -0.1121 0.7714 -0.3778 -0.512 0.0109 0.8053 -0.1845 -0.5555 -0.0942 0.7162 0.1223 -0.6763 -0.1209 0.678 -0.2484 -0.6888 -0.0648 0.7535 0.2238 -0.6177 0.0213 0.9332 0.0064 0.3591 -0.0128 0.6827 0.2416 -0.6609 -0.1966 0.6124 -0.434 -0.6608 0.0087 0.8704 0.0748 0.4864 -0.0193
0.8007 -0.0156 -0.5883 -0.1121 0.7714 -0.3778 -0.512 0.0109 0.8052 -0.1983 -0.5587 -0.0099 0.7162 0.1223 -0.6763 -0.1209 0.678 -0.2484 -0.6888 -0.0648 0.7535 0.2238 -0.6177 0.0213 0.9332 0.0064 0.3591 -0.0128 0.6827 0.2416 -0.6609 -0.1966 0.6124 -0.434 -0.6608 0.0087 0.8704 0.0748 0.4864 -0.0193
0.8007 -0.0156 -0.5883 -0.1121 0.7714 -0.3778 -0.512 0.0109 0.8052 -0.1983 -0.5587 -0.0099 0.7162 0.1223 -0.6763 -0.1209 0.678 -0.2484 -0.6888 -0.0648 0.7535 0.2238 -0.6177 0.0213 0.9332 0.0064 0.3591 -0.0128 0.6827 0.2416 -0.6609 -0.1966 0.6859 -0.1178 -0.6727 -0.2513 0.8704 0.0748 0.4864 -0.0193
0.8007 -0.0156 -0.5883 -0.1121 0.7714 -0.3778 -0.512 0.0109 0.8052 -0.1983 -0.5587 -0.0099 0.7162 0.1223 -0.6763 -0.1209 0.678 -0.2484 -0.6888 -0.0648 0.7535 0.2238 -0.6177 0.0213 0.9332 0.0064 0.3591 -0.0128 0.6827 0.2416 -0.6609 -0.1966 0.6859 -0.1178 -0.6727 -0.2513 0.8704 0.0748 0.4864 -0.0193
0.8007 -0.0156 -0.5883 -0.1121 0.7852 -0.3994 -0.4705 0.0508 0.8052 -0.1983 -0.5587 -0.0099 0.7162 0.1223 -0.6763 -0.1209 0.678 -0.2484 -0.6888 -0.0648 0.7535 0.2238 -0.6177 0.0213 0.9332 0.0064 0.3591 -0.0128 0.6827 0.2416 -0.6609 -0.1966 0.6859 -0.1178 -0.6727 -0.2513 0.8704 0.0748 0.4864 -0.0193
0.8007 -0.0156 -0.5883 -0.1121 0.7852 -0.3994 -0.4705 0.0508 0.8052 -0.1983 -0.5587 -0.0099 0.7162 0.1223 -0.6763 -0.1209 0.678 -0.2484 -0.6888 -0.0648 0.7535 0.2238 -0.6177 0.0213 0.9332 0.0064 0.3591 -0.0128 0.6827 0.2416 -0.6609 -0.1966 0.6859 -0.1178 -0.6727 -0.2513 0.8704 0.0748 0.4864 -0.0193
0.8007 -0.0156 -0.5883 -0.1121 0.7852 -0.3994 -0.4705 0.0508 0.8052 -0.1983 -0.5587 -0.0099 0.7162 0.1223 -0.6763 -0.1209 0.678 -0.2484 -0.6888 -0.0648 0.7535 0.2238 -0.6177 0.0213 0.9332 0.0064 0.3591 -0.0128 0.6827 0.2416 -0.6609 -0.1966 0.6859 -0.1178 -0.6727 -0.2513 0.8704 0.0748 0.4864 -0.0193
0.8315 -0.0555 -0.5463 -0.0835 0.7852 -0.3994 -0.4705 0.0508 0.8052 -0.1983 -0.5587 -0.0099 0.7162 0.1223 -0.6763 -0.1209 0.678 -0.2484 -0.6888 -0.0648 0.7867 0.2446 -0.564 -0.0556 0.8947 0.0168 0.4464 -0.0085 0.6754 0.1242 -0.6619 -0.3007 0.6859 -0.1178 -0.6727 -0.2513 0.8704 0.0748 0.4864 -0.0193
0.8315 -0.0555 -0.5463 -0.0835 0.7852 -0.3994 -0.4705 0.0508 0.7881 -0.1808 -0.5883 0.0086 0.7162 0.1223 -0.6763 -0.1209 0.678 -0.2484 -0.6888 -0.0648 0.7867 0.2446 -0.564 -0.0556 0.8947 0.0168 0.4464 -0.0085 0.6754 0.1242 -0.6619 -0.3007 0.6859 -0.1178 -0.6727 -0.2513 0.8704 0.0748 0.4864 -0.0193
0.8315 -0.0555 -0.5463 -0.0835 0.7852 -0.3994 -0.4705 0.0508 0.7881 -0.1808 -0.5883 0.0086 0.7482 0.1432 -0.6478 -0.002 0.678 -0.2484 -0.6888 -0.0648 0.7867 0.2446 -0.564 -0.0556 0.8947 0.0168 0.4464 -0.0085 0.6754 0.1242 -0.6619 -0.3007 0.6781 -0.1592 -0.6782 -0.2343 0.9677 0.0504 0.243 -0.0438
0.8315 -0.0555 -0.5463 -0.0835 0.7852 -0.3994 -0.4705 0.0508 0.7881 -0.1808 -0.5883 0.0086 0.7482 0.1432 -0.6478 -0.002 0.678 -0.2484 -0.6888 -0.0648 0.7867 0.2446 -0.564 -0.0556 0.8947 0.0168 0.4464 -0.0085 0.6754 0.1242 -0.6619 -0.3007 0.6781 -0.1592 -0.6782 -0.2343 0.9677 0.0504 0.243 -0.0438
0.8315 -0.0555 -0.5463 -0.0835 0.7813 -0.3628 -0.5019 -0.0778 0.7881 -0.1808 -0.5883 0.0086 0.7482 0.1432 -0.6478 -0.002 0.678 -0.2484 -0.6888 -0.0648 0.7867 0.2446 -0.564 -0.0556 0.8947 0.0168 0.4464 -0.0085 0.6754 0.1242 -0.6619 -0.3007 0.6781 -0.1592 -0.6782 -0.2343 0.9677 0.0504 0.243 -0.0438
0.8315 -0.0555 -0.5463 -0.0835 0.7813 -0.3628 -0.5019 -0.0778 0.7881 -0.1808 -0.5883 0.0086 0.7482 0.1432 -0.6478 -0.002 0.678 -0.2484 -0.6888 -0.0648 0.8106 0.312 -0.4282 -0.2492 0.5545 -0.0245 0.828 -0.0795 0.6754 0.1242 -0.6619 -0.3007 0.6781 -0.1592 -0.6782 -0.2343 0.9677 0.0504 0.243 -0.0438
0.8315 -0.0555 -0.5463 -0.0835 0.7813 -0.3628 -0.5019 -0.0778 0.7881 -0.1808 -0.5883 0.0086 0.7482 0.1432 -0.6478 -0.002 0.678 -0.2484 -0.6888 -0.0648 0.8106 0.312 -0.4282 -0.2492 0.5545 -0.0245 0.828 -0.0795 0.6754 0.1242 -0.6619 -0.3007 0.6781 -0.1592 -0.6782 -0.2343 0.9677 0.0504 0.243 -0.0438
0.8315 -0.0555 -0.5463 -0.0835 0.7813 -0.3628 -0.5019 -0.0778 0.7523 -0.231 -0.6098 -0.0938 0.7482 0.1432 -0.6478 -0.002 0.678 -0.2484 -0.6888 -0.0648 0.8106 0.312 -0.4282 -0.2492 0.5545 -0.0245 0.828 -0.0795 0.6754 0.1242 -0.6619 -0.3007 0.6781 -0.1592 -0.6782 -0.2343 0.9677 0.0504 0.243 -0.0438
0.8315 -0.0555 -0.5463 -0.0835 0.7813 -0.3628 -0.5019 -0.0778 0.7523 -0.231 -0.6098 -0.0938 0.7482 0.1432 -0.6478 -0.002 0.678 -0.2484 -0.6888 -0.0648 0.8106 0.312 -0.4282 -0.2492 0.5545 -0.0245 0.828 -0.0795 0.6754 0.1242 -0.6619 -0.3007 0.6781 -0.1592 -0.6782 -0.2343 0.9677 0.0504 0.243 -0.0438
0.8315 -0.0555 -0.5463 -0.0835 0.7813 -0.3628 -0.5019 -0.0778 0.7523 -0.231 -0.6098 -0.0938 0.7482 0.1432 -0.6478 -0.002 0.678 -0.2484 -0.6888 -0.0648 0.8106 0.312 -0.4282 -0.2492 0.5545 -0.0245 0.828 -0.0795 0.6754 0.1242 -0.6619 -0.3007 0.6781 -0.1592 -0.6782 -0.2343 0.9677 0.0504 0.243 -0.0438
0.8315 -0.0555 -0.5463 -0.0835 0.7813 -0.3628 -0.5019 -0.0778 0.7523 -0.231 -0.6098 -0.0938 0.7482 0.1432 -0.6478 -0.002 0.678 -0.2484 -0.6888 -0.0648 0.8106 0.312 -0.4282 -0.2492 0.5545 -0.0245 0.828 -0.0795 0.6754 0.1242 -0.6619 -0.3007 0.6781 -0.1592 -0.6782 -0.2343 0.9677 0.0504 0.243 -0.0438
0.8315 -0.0555 -0.5463 -0.0835 0.7542 -0.2925 -0.5439 -0.2233 0.7523 -0.231 -0.6098 -0.0938 0.7482 0.1432 -0.6478 -0.002 0.678 -0.2484 -0.6888 -0.0648 0.8106 0.312 -0.4282 -0.2492 0.5545 -0.0245 0.828 -0.0795 0.6754 0.1242 -0.6619 -0.3007 0.6781 -0.1592 -0.6782 -0.2343 0.9677 0.0504 0.243 -0.0438
0.8315 -0.0555 -0.5463 -0.0835 0.7542 -0.2925 -0.5439 -0.2233 0.7523 -0.231 -0.6098 -0.0938 0.7482 0.1432 -0.6478 -0.002 0.678 -0.2484 -0.6888 -0.0648 0.8106 0.312 -0.4282 -0.2492 0.5545 -0.0245 0.828 -0.0795 0.6754 0.1242 -0.6619 -0.3007 0.6781 -0.1592 -0.6782 -0.2343 0.9677 0.0504 0.243 -0.0438
0.8315 -0.0555 -0.5463 -0.0835 0.7542 -0.2925 -0.5439 -0.2233 0.7523 -0.231 -0.6098 -0.0938 0.7482 0.1432 -0.6478 -0.002 0.678 -0.2484 -0.6888 -0.0648 0.803 0.3643 -0.3081 -0.3571 0.5862 -0.0134 0.8071 -0.0689 0.6754 0.1242 -0.6619 -0.3007 0.6781 -0.1592 -0.6782 -0.2343 0.9677 0.0504 0.243 -0.0438
0.8315 -0.0555 -0.5463 -0.0835 0.7542 -0.2925 -0.5439 -0.2233 0.7576 -0.24 -0.5696 -0.21 0.7482 0.1432 -0.6478 -0.002 0.678 -0.2484 -0.6888 -0.0648 0.803 0.3643 -0.3081 -0.3571 0.5862 -0.0134 0.8071 -0.0689 0.6754 0.1242 -0.6619 -0.3007 0.6781 -0.1592 -0.6782 -0.2343 0.9677 0.0504 0.243 -0.0438
0.8315 -0.0555 -0.5463 -0.0835 0.7542 -0.2925 -0.5439 -0.2233 0.7576 -0.24 -0.5696 -0.21 0.7482 0.1432 -0.6478 -0.002 0.678 -0.2484 -0.6888 -0.0648 0.803 0.3643 -0.3081 -0.3571 0.5862 -0.0134 0.8071 -0.0689 0.6754 0.1242 -0.6619 -0.3007 0.6781 -0.1592 -0.6782 -0.2343 0.9677 0.0504 0.243 -0.0438
0.8315 -0.0555 -0.5463 -0.0835 0.7542 -0.2925 -0.5439 -0.2233 0.7576 -0.24 -0.5696 -0.21 0.7482 0.1432 -0.6478 -0.002 0.6811 -0.5265 -0.4652 0.2062 0.803 0.3643 -0.3081 -0.3571 0.5862 -0.0134 0.8071 -0.0689 0.6754 0.1242 -0.6619 -0.3007 0.6781 -0.1592 -0.6782 -0.2343 0.9677 0.0504 0.243 -0.0438
0.8315 -0.0555 -0.5463 -0.0835 0.7542 -0.2925 -0.5439 -0.2233 0.7576 -0.24 -0.5696 -0.21 0.7482 0.1432 -0.6478 -0.002 0.6811 -0.5265 -0.4652 0.2062 0.803 0.3643 -0.3081 -0.3571 0.5862 -0.0134 0.8071 -0.0689 0.6754 0.1242 -0.6619 -0.3007 0.6781 -0.1592 -0.6782 -0.2343 0.9363 0.0518 0.3412 -0.0644
0.8315 -0.0555 -0.5463 -0.0835 0.7131 -0.3022 -0.5381 -0.3325 0.7576 -0.24 -0.5696 -0.21 0.7482 0.1432 -0.6478 -0.002 0.6811 -0.5265 -0.4652 0.2062 0.803 0.3643 -0.3081 -0.3571 0.5862 -0.0134 0.8071 -0.0689 0.6754 0.1242 -0.6619 -0.3007 0.6781 -0.1592 -0.6782 -0.2343 0.9363 0.0518 0.3412 -0.0644
0.8315 -0.0555 -0.5463 -0.0835 0.7131 -0.3022 -0.5381 -0.3325 0.7576 -0.24 -0.5696 -0.21 0.7482 0.1432 -0.6478 -0.002 0.6811 -0.5265 -0.4652 0.2062 0.762 0.3618 -0.498 -0.2012 0.5862 -0.0134 0.8071 -0.0689 0.6754 0.1242 -0.6619 -0.3007 0.6781 -0.1592 -0.6782 -0.2343 0.9363 0.0518 0.3412 -0.0644
0.8315 -0.0555 -0.5463 -0.0835 0.7131 -0.3022 -0.5381 -0.3325 0.7576 -0.24 -0.5696 -0.21 0.7482 0.1432 -0.6478 -0.002 0.6811 -0.5265 -0.4652 0.2062 0.762 0.3618 -0.498 -0.2012 0.5862 -0.0134 0.8071 -0.0689 0.6754 0.1242 -0.6619 -0.3007 0.6781 -0.1592 -0.6782 -0.2343 0.9363 0.0518 0.3412 -0.0644
0.7761 -0.0596 -0.5176 -0.3553 0.7131 -0.3022 -0.5381 -0.3325 0.7725 -0.1732 -0.5553 -0.2547 0.7482 0.1432 -0.6478 -0.002 0.6811 -0.5265 -0.4652 0.2062 0.762 0.3618 -0.498 -0.2012 0.803 0.0408 0.5945 -0.0145 0.6431 0.1428 -0.7495 -0.0659 0.6781 -0.1592 -0.6782 -0.2343 0.9363 0.0518 0.3412 -0.0644
0.7761 -0.0596 -0.5176 -0.3553 0.7131 -0.3022 -0.5381 -0.3325 0.7725 -0.1732 -0.5553 -0.2547 0.7482 0.1432 -0.6478 -0.002 0.6811 -0.5265 -0.4652 0.2062 0.762 0.3618 -0.498 -0.2012 0.803 0.0408 0.5945 -0.0145 0.6431 0.1428 -0.7495 -0.0659 0.6781 -0.1592 -0.6782 -0.2343 0.9363 0.0518 0.3412 -0.0644
0.7761 -0.0596 -0.5176 -0.3553 0.7131 -0.3022 -0.5381 -0.3325 0.7725 -0.1732 -0.5553 -0.2547 0.7482 0.1432 -0.6478 -0.002 0.6161 -0.5875 -0.3619 0.3798 0.762 0.3618 -0.498 -0.2012 0.803 0.0408 0.5945 -0.0145 0.6431 0.1428 -0.7495 -0.0659 0.6603 -0.3399 -0.6641 -0.0855 0.9257 0.0454 0.3694 -0.0672
0.7761 -0.0596 -0.5176 -0.3553 0.7131 -0.3022 -0.5381 -0.3325 0.7725 -0.1732 -0.5553 -0.2547 0.7482 0.1432 -0.6478 -0.002 0.6161 -0.5875 -0.3619 0.3798 0.762 0.3618 -0.498 -0.2012 0.803 0.0408 0.5945 -0.0145 0.6431 0.1428 -0.7495 -0.0659 0.6603 -0.3399 -0.6641 -0.0855 0.9257 0.0454 0.3694 -0.0672
0.7761 -0.0596 -0.5176 -0.3553 0.7049 -0.2901 -0.5527 -0.3368 0.7725 -0.1732 -0.5553 -0.2547 0.7482 0.1432 -0.6478 -0.002 0.6161 -0.5875 -0.3619 0.3798 0.762 0.3618 -0.498 -0.2012 0.803 0.0408 0.5945 -0.0145 0.6431 0.1428 -0.7495 -0.0659 0.6603 -0.3399 -0.6641 -0.0855 0.9257 0.0454 0.3694 -0.0672
0.7761 -0.0596 -0.5176 -0.3553 0.7049 -0.2901 -0.5527 -0.3368 0.7725 -0.1732 -0.5553 -0.2547 0.7482 0.1432 -0.6478 -0.002 0.6161 -0.5875 -0.3619 0.3798 0.762 0.3618 -0.498 -0.2012 0.803 0.0408 0.5945 -0.0145 0.6431 0.1428 -0.7495 -0.0659 0.6603 -0.3399 -0.6641 -0.0855 0.9257 0.0454 0.3694 -0.0672
0.7767 -0.0349 -0.5116 -0.3657 0.7049 -0.2901 -0.5527 -0.3368 0.7725 -0.1732 -0.5553 -0.2547 0.7482 0.1432 -0.6478 -0.002 0.6161 -0.5875 -0.3619 0.3798 0.6611 0.2284 -0.7144 -0.0181 0.9183 0.1249 0.3754 -0.0157 0.6187 0.0767 -0.7818 -0.0113 0.6603 -0.3399 -0.6641 -0.0855 0.9257 0.0454 0.3694 -0.0672
0.7767 -0.0349 -0.5116 -0.3657 0.7049 -0.2901 -0.5527 -0.3368 0.7573 -0.1248 -0.5678 -0.2974 0.7482 0.1432 -0.6478 -0.002 0.6161 -0.5875 -0.3619 0.3798 0.6611 0.2284 -0.7144 -0.0181 0.9183 0.1249 0.3754 -0.0157 0.6187 0.0767 -0.7818 -0.0113 0.6603 -0.3399 -0.6641 -0.0855 0.9257 0.0454 0.3694 -0.0672
0.7767 -0.0349 -0.5116 -0.3657 0.7049 -0.2901 -0.5527 -0.3368 0.7573 -0.1248 -0.5678 -0.2974 0.7482 0.1432 -0.6478 -0.002 0.6044 -0.5835 -0.4394 0.3181 0.6611 0.2284 -0.7144 -0.0181 0.9183 0.1249 0.3754 -0.0157 0.6187 0.0767 -0.7818 -0.0113 0.6603 -0.3399 -0.6641 -0.0855 0.9257 0.0454 0.3694 -0.0672
0.7767 -0.0349 -0.5116 -0.3657 0.7049 -0.2901 -0.5527 -0.3368 0.7573 -0.1248 -0.5678 -0.2974 0.7482 0.1432 -0.6478 -0.002 0.6044 -0.5835 -0.4394 0.3181 0.6611 0.2284 -0.7144 -0.0181 0.9183 0.1249 0.3754 -0.0157 0.6187 0.0767 -0.7818 -0.0113 0.6603 -0.3399 -0.6641 -0.0855 0.9257 0.0454 0.3694 -0.0672
0.7767 -0.0349 -0.5116 -0.3657 0.7049 -0.2901 -0.5527 -0.3368 0.7573 -0.1248 -0.5678 -0.2974 0.4174 0.2395 -0.8226 -0.3029 0.6044 -0.5835 -0.4394 0.3181 0.6611 0.2284 -0.7144 -0.0181 0.9183 0.1249 0.3754 -0.0157 0.6187 0.0767 -0.7818 -0.0113 0.6586 -0.3756 -0.6506 -0.0432 0.9172 0.0361 0.39 -0.0731
0.7767 -0.0349 -0.5116 -0.3657 0.7049 -0.2901 -0.5527 -0.3368 0.7573 -0.1248 -0.5678 -0.2974 0.4174 0.2395 -0.8226 -0.3029 0.6044 -0.5835 -0.4394 0.3181 0.6611 0.2284 -0.7144 -0.0181 0.9183 0.1249 0.3754 -0.0157 0.6187 0.0767 -0.7818 -0.0113 0.6586 -0.3756 -0.6506 -0.0432 0.9172 0.0361 0.39 -0.0731
0.7767 -0.0349 -0.5116 -0.3657 0.7177 -0.3011 -0.5647 -0.2745 0.7573 -0.1248 -0.5678 -0.2974 0.4174 0.2395 -0.8226 -0.3029 0.6044 -0.5835 -0.4394 0.3181 0.5595 0.0078 -0.8232 0.0958 0.9183 0.1249 0.3754 -0.0157 0.6187 0.0767 -0.7818 -0.0113 0.6586 -0.3756 -0.6506 -0.0432 0.9172 0.0361 0.39 -0.0731
0.7767 -0.0349 -0.5116 -0.3657 0.7177 -0.3011 -0.5647 -0.2745 0.7573 -0.1248 -0.5678 -0.2974 0.4174 0.2395 -0.8226 -0.3029 0.6044 -0.5835 -0.4394 0.3181 0.5595 0.0078 -0.8232 0.0958 0.9533 0.1663 0.2492 0.0383 0.6187 0.0767 -0.7818 -0.0113 0.6586 -0.3756 -0.6506 -0.0432 0.9172 0.0361 0.39 -0.0731
0.7767 -0.0349 -0.5116 -0.3657 0.7177 -0.3011 -0.5647 -0.2745 0.7573 -0.1248 -0.5678 -0.2974 0.4174 0.2395 -0.8226 -0.3029 0.6044 -0.5835 -0.4394 0.3181 0.5595 0.0078 -0.8232 0.0958 0.9533 0.1663 0.2492 0.0383 0.6187 0.0767 -0.7818 -0.0113 0.6586 -0.3756 -0.6506 -0.0432 0.9172 0.0361 0.39 -0.0731
0.7767 -0.0349 -0.5116 -0.3657 0.7177 -0.3011 -0.5647 -0.2745 0.7423 -0.1229 -0.5798 -0.3126 0.4174 0.2395 -0.8226 -0.3029 0.6044 -0.5835 -0.4394 0.3181 0.5595 0.0078 -0.8232 0.0958 0.9533 0.1663 0.2492 0.0383 0.6187 0.0767 -0.7818 -0.0113 0.6586 -0.3756 -0.6506 -0.0432 0.9172 0.0361 0.39 -0.0731
0.7767 -0.0349 -0.5116 -0.3657 0.7177 -0.3011 -0.5647 -0.2745 0.7423 -0.1229 -0.5798 -0.3126 0.4174 0.2395 -0.8226 -0.3029 0.6341 -0.4437 -0.6173 0.1413 0.5595 0.0078 -0.8232 0.0958 0.9533 0.1663 0.2492 0.0383 0.6187 0.0767 -0.7818 -0.0113 0.6586 -0.3756 -0.6506 -0.0432 0.9172 0.0361 0.39 -0.0731
0.7767 -0.0349 -0.5116 -0.3657 0.7177 -0.3011 -0.5647 -0.2745 0.7423 -0.1229 -0.5798 -0.3126 0.4174 0.2395 -0.8226 -0.3029 0.6341 -0.4437 -0.6173 0.1413 0.5595 0.0078 -0.8232 0.0958 0.9533 0.1663 0.2492 0.0383 0.6187 0.0767 -0.7818 -0.0113 0.6586 -0.3756 -0.6506 -0.0432 0.9172 0.0361 0.39 -0.0731
0.7767 -0.0349 -0.5116 -0.3657 0.711 -0.2941 -0.5942 -0.2344 0.7423 -0.1229 -0.5798 -0.3126 0.4174 0.2395 -0.8226 -0.3029 0.6341 -0.4437 -0.6173 0.1413 0.5595 0.0078 -0.8232 0.0958 0.9533 0.1663 0.2492 0.0383 0.6187 0.0767 -0.7818 -0.0113 0.6586 -0.3756 -0.6506 -0.0432 0.9172 0.0361 0.39 -0.0731
0.7767 -0.0349 -0.5116 -0.3657 0.711 -0.2941 -0.5942 -0.2344 0.7423 -0.1229 -0.5798 -0.3126 0.4174 0.2395 -0.8226 -0.3029 0.6341 -0.4437 -0.6173 0.1413 0.5595 0.0078 -0.8232 0.0958 0.9533 0.1663 0.2492 0.0383 0.6187 0.0767 -0.7818 -0.0113 0.6586 -0.3756 -0.6506 -0.0432 0.9172 0.0361 0.39 -0.0731
0.7767 -0.0349 -0.5116 -0.3657 0.711 -0.2941 -0.5942 -0.2344 0.7423 -0.1229 -0.5798 -0.3126 0.4174 0.2395 -0.8226 -0.3029 0.6341 -0.4437 -0.6173 0.1413 0.5968 0.0312 -0.7844 0.166 0.9692 0.0743 0.2332 -0.0292 0.6187 0.0767 -0.7818 -0.0113 0.6586 -0.3756 -0.6506 -0.0432 0.9172 0.0361 0.39 -0.0731
0.7821 0.0172 -0.5223 -0.3395 0.711 -0.2941 -0.5942 -0.2344 0.7423 -0.1229 -0.5798 -0.3126 0.4174 0.2395 -0.8226 -0.3029 0.6341 -0.4437 -0.6173 0.1413 0.5968 0.0312 -0.7844 0.166 0.9692 0.0743 0.2332 -0.0292 0.6215 0.0659 -0.7659 0.1509 0.6586 -0.3756 -0.6506 -0.0432 0.9172 0.0361 0.39 -0.0731
0.7821 0.0172 -0.5223 -0.3395 0.711 -0.2941 -0.5942 -0.2344 0.7711 -0.173 -0.5692 -0.2269 0.4174 0.2395 -0.8226 -0.3029 0.637 -0.389 -0.648 0.1516 0.5968 0.0312 -0.7844 0.166 0.9692 0.0743 0.2332 -0.0292 0.6215 0.0659 -0.7659 0.1509 0.6586 -0.3756 -0.6506 -0.0432 0.9172 0.0361 0.39 -0.0731
0.7821 0.0172 -0.5223 -0.3395 0.711 -0.2941 -0.5942 -0.2344 0.7711 -0.173 -0.5692 -0.2269 0.4174 0.2395 -0.8226 -0.3029 0.637 -0.389 -0.648 0.1516 0.5968 0.0312 -0.7844 0.166 0.9692 0.0743 0.2332 -0.0292 0.6215 0.0659 -0.7659 0.1509 0.6586 -0.3756 -0.6506 -0.0432 0.9172 0.0361 0.39 -0.0731
0.7821 0.0172 -0.5223 -0.3395 0.711 -0.2941 -0.5942 -0.2344 0.7711 -0.173 -0.5692 -0.2269 0.595 0.0904 -0.7631 -0.2356 0.637 -0.389 -0.648 0.1516 0.5968 0.0312 -0.7844 0.166 0.9692 0.0743 0.2332 -0.0292 0.6215 0.0659 -0.7659 0.1509 0.6586 -0.3756 -0.6506 -0.0432 0.9172 0.0361 0.39 -0.0731
0.7821 0.0172 -0.5223 -0.3395 0.7038 -0.252 -0.626 -0.2222 0.7711 -0.173 -0.5692 -0.2269 0.595 0.0904 -0.7631 -0.2356 0.637 -0.389 -0.648 0.1516 0.5968 0.0312 -0.7844 0.166 0.9692 0.0743 0.2332 -0.0292 0.6215 0.0659 -0.7659 0.1509 0.6586 -0.3756 -0.6506 -0.0432 0.9172 0.0361 0.39 -0.0731
0.7821 0.0172 -0.5223 -0.3395 0.7038 -0.252 -0.626 -0.2222 0.7711 -0.173 -0.5692 -0.2269 0.595 0.0904 -0.7631 -0.2356 0.637 -0.389 -0.648 0.1516 0.5968 0.0312 -0.7844 0.166 0.9692 0.0743 0.2332 -0.0292 0.6215 0.0659 -0.7659 0.1509 0.6586 -0.3756 -0.6506 -0.0432 0.9172 0.0361 0.39 -0.0731
0.7821 0.0172 -0.5223 -0.3395 0.7038 -0.252 -0.626 -0.2222 0.7711 -0.173 -0.5692 -0.2269 0.595 0.0904 -0.7631 -0.2356 0.637 -0.389 -0.648 0.1516 0.5968 0.0312 -0.7844 0.166 0.9692 0.0743 0.2332 -0.0292 0.6215 0.0659 -0.7659 0.1509 0.6586 -0.3756 -0.6506 -0.0432 0.9172 0.0361 0.39 -0.0731
0.7853 0.1016 -0.5483 -0.269 0.7038 -0.252 -0.626 -0.2222 0.7428 -0.2863 -0.5918 -0.1265 0.595 0.0904 -0.7631 -0.2356 0.637 -0.389 -0.648 0.1516 0.6243 0.1616 -0.7332 0.2158 0.9478 0.0193 0.3181 -0.0114 0.6713 0.0993 -0.7231 0.1283 0.6586 -0.3756 -0.6506 -0.0432 0.9172 0.0361 0.39 -0.0731
0.7853 0.1016 -0.5483 -0.269 0.7038 -0.252 -0.626 -0.2222 0.7428 -0.2863 -0.5918 -0.1265 0.595 0.0904 -0.7631 -0.2356 0.637 -0.389 -0.648 0.1516 0.6243 0.1616 -0.7332 0.2158 0.9478 0.0193 0.3181 -0.0114 0.6713 0.0993 -0.7231 0.1283 0.6586 -0.3756 -0.6506 -0.0432 0.9172 0.0361 0.39 -0.0731
0.7853 0.1016 -0.5483 -0.269 0.7038 -0.252 -0.626 -0.2222 0.7428 -0.2863 -0.5918 -0.1265 0.595 0.0904 -0.7631 -0.2356 0.6456 -0.3454 -0.6734 0.102 0.6243 0.1616 -0.7332 0.2158 0.9478 0.0193 0.3181 -0.0114 0.6713 0.0993 -0.7231 0.1283 0.6586 -0.3756 -0.6506 -0.0432 0.3961 -0.0378 0.9078 -0.1324
0.7853 0.1016 -0.5483 -0.269 0.7038 -0.252 -0.626 -0.2222 0.7428 -0.2863 -0.5918 -0.1265 0.595 0.0904 -0.7631 -0.2356 0.6456 -0.3454 -0.6734 0.102 0.6243 0.1616 -0.7332 0.2158 0.9478 0.0193 0.3181 -0.0114 0.6713 0.0993 -0.7231 0.1283 0.6586 -0.3756 -0.6506 -0.0432 0.3961 -0.0378 0.9078 -0.1324
0.7853 0.1016 -0.5483 -0.269 0.7128 -0.2983 -0.6113 -0.1713 0.7428 -0.2863 -0.5918 -0.1265 0.595 0.0904 -0.7631 -0.2356 0.6456 -0.3454 -0.6734 0.102 0.6243 0.1616 -0.7332 0.2158 0.9478 0.0193 0.3181 -0.0114 0.6713 0.0993 -0.7231 0.1283 0.6586 -0.3756 -0.6506 -0.0432 0.3961 -0.0378 0.9078 -0.1324
0.7853 0.1016 -0.5483 -0.269 0.7128 -0.2983 -0.6113 -0.1713 0.7428 -0.2863 -0.5918 -0.1265 0.595 0.0904 -0.7631 -0.2356 0.6456 -0.3454 -0.6734 0.102 0.6243 0.1616 -0.7332 0.2158 0.9478 0.0193 0.3181 -0.0114 0.6713 0.0993 -0.7231 0.1283 0.6586 -0.3756 -0.6506 -0.0432 0.3961 -0.0378 0.9078 -0.1324
0.7853 0.1016 -0.5483 -0.269 0.7128 -0.2983 -0.6113 -0.1713 0.7428 -0.2863 -0.5918 -0.1265 0.595 0.0904 -0.7631 -0.2356 0.6456 -0.3454 -0.6734 0.102 0.6743 0.2016 -0.6996 0.1238 0.9492 0.0201 0.3138 -0.0142 0.6713 0.0993 -0.7231 0.1283 0.6586 -0.3756 -0.6506 -0.0432 0.3961 -0.0378 0.9078 -0.1324
0.7853 0.1016 -0.5483 -0.269 0.7128 -0.2983 -0.6113 -0.1713 0.7652 -0.3125 -0.562 -0.0316 0.595 0.0904 -0.7631 -0.2356 0.6456 -0.3454 -0.6734 0.102 0.6743 0.2016 -0.6996 0.1238 0.9492 0.0201 0.3138 -0.0142 0.6713 0.0993 -0.7231 0.1283 0.6586 -0.3756 -0.6506 -0.0432 0.3961 -0.0378 0.9078 -0.1324
0.7853 0.1016 -0.5483 -0.269 0.7128 -0.2983 -0.6113 -0.1713 0.7652 -0.3125 -0.562 -0.0316 0.595 0.0904 -0.7631 -0.2356 0.6456 -0.3454 -0.6734 0.102 0.6743 0.2016 -0.6996 0.1238 0.9492 0.0201 0.3138 -0.0142 0.6713 0.0993 -0.7231 0.1283 0.6586 -0.3756 -0.6506 -0.0432 0.3961 -0.0378 0.9078 -0.1324
0.7853 0.1016 -0.5483 -0.269 0.7128 -0.2983 -0.6113 -0.1713 0.7652 -0.3125 -0.562 -0.0316 0.595 0.0904 -0.7631 -0.2356 0.653 -0.3024 -0.6942 -0.0137 0.6743 0.2016 -0.6996 0.1238 0.9492 0.0201 0.3138 -0.0142 0.6713 0.0993 -0.7231 0.1283 0.6586 -0.3756 -0.6506 -0.0432 0.269 -0.0199 0.9388 -0.2141
0.7853 0.1016 -0.5483 -0.269 0.7128 -0.2983 -0.6113 -0.1713 0.7652 -0.3125 -0.562 -0.0316 0.595 0.0904 -0.7631 -0.2356 0.653 -0.3024 -0.6942 -0.0137 0.6743 0.2016 -0.6996 0.1238 0.9492 0.0201 0.3138 -0.0142 0.6713 0.0993 -0.7231 0.1283 0.6586 -0.3756 -0.6506 -0.0432 0.269 -0.0199 0.9388 -0.2141
0.7853 0.1016 -0.5483 -0.269 0.7125 -0.3311 -0.6107 -0.0981 0.7652 -0.3125 -0.562 -0.0316 0.595 0.0904 -0.7631 -0.2356 0.653 -0.3024 -0.6942 -0.0137 0.6743 0.2016 -0.6996 0.1238 0.9492 0.0201 0.3138 -0.0142 0.6713 0.0993 -0.7231 0.1283 0.6586 -0.3756 -0.6506 -0.0432 0.269 -0.0199 0.9388 -0.2141
0.7853 0.1016 -0.5483 -0.269 0.7125 -0.3311 -0.6107 -0.0981 0.7652 -0.3125 -0.562 -0.0316 0.595 0.0904 -0.7631 -0.2356 0.653 -0.3024 -0.6942 -0.0137 0.6743 0.2016 -0.6996 0.1238 0.9492 0.0201 0.3138 -0.0142 0.6713 0.0993 -0.7231 0.1283 0.6586 -0.3756 -0.6506 -0.0432 0.269 -0.0199 0.9388 -0.2141
0.7853 0.1016 -0.5483 -0.269 0.7125 -0.3311 -0.6107 -0.0981 0.7652 -0.3125 -0.562 -0.0316 0.595 0.0904 -0.7631 -0.2356 0.653 -0.3024 -0.6942 -0.0137 0.6743 0.2016 -0.6996 0.1238 0.9492 0.0201 0.3138 -0.0142 0.6713 0.0993 -0.7231 0.1283 0.6586 -0.3756 -0.6506 -0.0432 0.269 -0.0199 0.9388 -0.2141
0.7913 0.0958 -0.569 -0.2022 0.7125 -0.3311 -0.6107 -0.0981 0.7899 -0.2518 -0.5544 0.0731 0.595 0.0904 -0.7631 -0.2356 0.653 -0.3024 -0.6942 -0.0137 0.7099 0.2216 -0.663 0.0862 0.9467 0.0154 0.3215 -0.0126 0.727 0.2184 -0.6096 -0.2286 0.6586 -0.3756 -0.6506 -0.0432 0.269 -0.0199 0.9388 -0.2141
0.7913 0.0958 -0.569 -0.2022 0.7125 -0.3311 -0.6107 -0.0981 0.7899 -0.2518 -0.5544 0.0731 0.595 0.0904 -0.7631 -0.2356 0.653 -0.3024 -0.6942 -0.0137 0.7099 0.2216 -0.663 0.0862 0.9467 0.0154 0.3215 -0.0126 0.727 0.2184 -0.6096 -0.2286 0.6586 -0.3756 -0.6506 -0.0432 0.269 -0.0199 0.9388 -0.2141
0.7913 0.0958 -0.569 -0.2022 0.7125 -0.3311 -0.6107 -0.0981 0.7899 -0.2518 -0.5544 0.0731 0.7194 0.1544 -0.6772 0.0018 0.6635 -0.2242 -0.706 -0.1055 0.7099 0.2216 -0.663 0.0862 0.9467 0.0154 0.3215 -0.0126 0.727 0.2184 -0.6096 -0.2286 0.6586 -0.3756 -0.6506 -0.0432 0.6935 0.0462 0.7116 -0.1026
0.7913 0.0958 -0.569 -0.2022 0.7125 -0.3311 -0.6107 -0.0981 0.7899 -0.2518 -0.5544 0.0731 0.7194 0.1544 -0.6772 0.0018 0.6635 -0.2242 -0.706 -0.1055 0.7099 0.2216 -0.663 0.0862 0.9467 0.0154 0.3215 -0.0126 0.727 0.2184 -0.6096 -0.2286 0.6586 -0.3756 -0.6506 -0.0432 0.6935 0.0462 0.7116 -0.1026
0.7913 0.0958 -0.569 -0.2022 0.7136 -0.3181 -0.6215 -0.0574 0.7899 -0.2518 -0.5544 0.0731 0.7194 0.1544 -0.6772 0.0018 0.6635 -0.2242 -0.706 -0.1055 0.7099 0.2216 -0.663 0.0862 0.9467 0.0154 0.3215 -0.0126 0.727 0.2184 -0.6096 -0.2286 0.6586 -0.3756 -0.6506 -0.0432 0.6935 0.0462 0.7116 -0.1026
0.7913 0.0958 -0.569 -0.2022 0.7136 -0.3181 -0.6215 -0.0574 0.7899 -0.2518 -0.5544 0.0731 0.7194 0.1544 -0.6772 0.0018 0.6635 -0.2242 -0.706 -0.1055 0.7099 0.2216 -0.663 0.0862 0.9467 0.0154 0.3215 -0.0126 0.727 0.2184 -0.6096 -0.2286 0.6586 -0.3756 -0.6506 -0.0432 0.6935 0.0462 0.7116 -0.1026
0.7913 0.0958 -0.569 -0.2022 0.7136 -0.3181 -0.6215 -0.0574 0.7899 -0.2518 -0.5544 0.0731 0.7194 0.1544 -0.6772 0.0018 0.6635 -0.2242 -0.706 -0.1055 0.7099 0.2216 -0.663 0.0862 0.9467 0.0154 0.3215 -0.0126 0.727 0.2184 -0.6096 -0.2286 0.6586 -0.3756 -0.6506 -0.0432 0.6935 0.0462 0.7116 -0.1026
0.7912 0.0898 -0.5836 -0.1594 0.7136 -0.3181 -0.6215 -0.0574 0.7813 -0.2228 -0.5759 0.0919 0.7194 0.1544 -0.6772 0.0018 0.6635 -0.2242 -0.706 -0.1055 0.7451 0.2233 -0.6277 0.0327 0.9299 0.0074 0.3674 -0.0165 0.7084 0.2556 -0.5732 -0.323 0.6586 -0.3756 -0.6506 -0.0432 0.6935 0.0462 0.7116 -0.1026
0.7912 0.0898 -0.5836 -0.1594 0.7136 -0.3181 -0.6215 -0.0574 0.7813 -0.2228 -0.5759 0.0919 0.7194 0.1544 -0.6772 0.0018 0.6635 -0.2242 -0.706 -0.1055 0.7451 0.2233 -0.6277 0.0327 0.9299 0.0074 0.3674 -0.0165 0.7084 0.2556 -0.5732 -0.323 0.6586 -0.3756 -0.6506 -0.0432 0.6935 0.0462 0.7116 -0.1026
0.7912 0.0898 -0.5836 -0.1594 0.7136 -0.3181 -0.6215 -0.0574 0.7813 -0.2228 -0.5759 0.0919 0.715 0.1896 -0.6729 0.0115 0.6663 -0.1503 -0.7148 -0.1503 0.7451 0.2233 -0.6277 0.0327 0.9299 0.0074 0.3674 -0.0165 0.7084 0.2556 -0.5732 -0.323 0.6586 -0.3756 -0.6506 -0.0432 0.9557 0.0735 0.2841 0.0193
0.7912 0.0898 -0.5836 -0.1594 0.7136 -0.3181 -0.6215 -0.0574 0.7813 -0.2228 -0.5759 0.0919 0.715 0.1896 -0.6729 0.0115 0.6663 -0.1503 -0.7148 -0.1503 0.7451 0.2233 -0.6277 0.0327 0.9299 0.0074 0.3674 -0.0165 0.7084 0.2556 -0.5732 -0.323 0.6586 -0.3756 -0.6506 -0.0432 0.9557 0.0735 0.2841 0.0193
0.7912 0.0898 -0.5836 -0.1594 0.7136 -0.3188 -0.6191 -0.0759 0.7813 -0.2228 -0.5759 0.0919 0.715 0.1896 -0.6729 0.0115 0.6663 -0.1503 -0.7148 -0.1503 0.7451 0.2233 -0.6277 0.0327 0.9299 0.0074 0.3674 -0.0165 0.7084 0.2556 -0.5732 -0.323 0.6586 -0.3756 -0.6506 -0.0432 0.9557 0.0735 0.2841 0.0193
0.7912 0.0898 -0.5836 -0.1594 0.7136 -0.3188 -0.6191 -0.0759 0.7813 -0.2228 -0.5759 0.0919 0.715 0.1896 -0.6729 0.0115 0.6663 -0.1503 -0.7148 -0.1503 0.7451 0.2233 -0.6277 0.0327 0.9299 0.0074 0.3674 -0.0165 0.7084 0.2556 -0.5732 -0.323 0.6586 -0.3756 -0.6506 -0.0432 0.9557 0.0735 0.2841 0.0193
0.7912 0.0898 -0.5836 -0.1594 0.7136 -0.3188 -0.6191 -0.0759 0.7813 -0.2228 -0.5759 0.0919 0.715 0.1896 -0.6729 0.0115 0.6663 -0.1503 -0.7148 -0.1503 0.7451 0.2233 -0.6277 0.0327 0.9299 0.0074 0.3674 -0.0165 0.7084 0.2556 -0.5732 -0.323 0.6586 -0.3756 -0.6506 -0.0432 0.9557 0.0735 0.2841 0.0193
0.7939 0.067 -0.5724 -0.1936 0.7136 -0.3188 -0.6191 -0.0759 0.7727 -0.2327 -0.5894 0.0366 0.715 0.1896 -0.6729 0.0115 0.6663 -0.1503 -0.7148 -0.1503 0.789 0.2639 -0.5524 -0.0515 0.8552 0.0131 0.5178 -0.019 0.6763 0.1387 -0.6853 -0.2318 0.6586 -0.3756 -0.6506 -0.0432 0.9557 0.0735 0.2841 0.0193
0.7939 0.067 -0.5724 -0.1936 0.7136 -0.3188 -0.6191 -0.0759 0.7727 -0.2327 -0.5894 0.0366 0.715 0.1896 -0.6729 0.0115 0.6663 -0.1503 -0.7148 -0.1503 0.789 0.2639 -0.5524 -0.0515 0.8552 0.0131 0.5178 -0.019 0.6763 0.1387 -0.6853 -0.2318 0.6586 -0.3756 -0.6506 -0.0432 0.9557 0.0735 0.2841 0.0193
0.7939 0.067 -0.5724 -0.1936 0.7136 -0.3188 -0.6191 -0.0759 0.7727 -0.2327 -0.5894 0.0366 0.715 0.1896 -0.6729 0.0115 0.6663 -0.1503 -0.7148 -0.1503 0.789 0.2639 -0.5524 -0.0515 0.8552 0.0131 0.5178 -0.019 0.6763 0.1387 -0.6853 -0.2318 0.6586 -0.3756 -0.6506 -0.0432 0.9565 0.0469 0.2863 -0.029
0.7939 0.067 -0.5724 -0.1936 0.7136 -0.3188 -0.6191 -0.0759 0.7727 -0.2327 -0.5894 0.0366 0.715 0.1896 -0.6729 0.0115 0.6663 -0.1503 -0.7148 -0.1503 0.789 0.2639 -0.5524 -0.0515 0.8552 0.0131 0.5178 -0.019 0.6763 0.1387 -0.6853 -0.2318 0.6586 -0.3756 -0.6506 -0.0432 0.9565 0.0469 0.2863 -0.029
0.7939 0.067 -0.5724 -0.1936 0.7168 -0.3063 -0.5956 -0.1938 0.7727 -0.2327 -0.5894 0.0366 0.715 0.1896 -0.6729 0.0115 0.6663 -0.1503 -0.7148 -0.1503 0.789 0.2639 -0.5524 -0.0515 0.8552 0.0131 0.5178 -0.019 0.6763 0.1387 -0.6853 -0.2318 0.6586 -0.3756 -0.6506 -0.0432 0.9565 0.0469 0.2863 -0.029
0.7939 0.067 -0.5724 -0.1936 0.7168 -0.3063 -0.5956 -0.1938 0.7727 -0.2327 -0.5894 0.0366 0.715 0.1896 -0.6729 0.0115 0.6663 -0.1503 -0.7148 -0.1503 0.789 0.2639 -0.5524 -0.0515 0.8552 0.0131 0.5178 -0.019 0.6763 0.1387 -0.6853 -0.2318 0.6586 -0.3756 -0.6506 -0.0432 0.9565 0.0469 0.2863 -0.029
0.7756 0.0256 -0.5691 -0.2719 0.7168 -0.3063 -0.5956 -0.1938 0.7542 -0.2625 -0.5813 -0.1565 0.715 0.1896 -0.6729 0.0115 0.6663 -0.1503 -0.7148 -0.1503 0.8054 0.3584 -0.4304 -0.1942 0.5063 -0.0855 0.8563 -0.0554 0.6797 0.2389 -0.6636 -0.2014 0.6586 -0.3756 -0.6506 -0.0432 0.9565 0.0469 0.2863 -0.029
0.7756 0.0256 -0.5691 -0.2719 0.7168 -0.3063 -0.5956 -0.1938 0.7542 -0.2625 -0.5813 -0.1565 0.715 0.1896 -0.6729 0.0115 0.6663 -0.1503 -0.7148 -0.1503 0.8054 0.3584 -0.4304 -0.1942 0.5063 -0.0855 0.8563 -0.0554 0.6797 0.2389 -0.6636 -0.2014 0.6586 -0.3756 -0.6506 -0.0432 0.9565 0.0469 0.2863 -0.029
0.7756 0.0256 -0.5691 -0.2719 0.7168 -0.3063 -0.5956 -0.1938 0.7542 -0.2625 -0.5813 -0.1565 0.715 0.1896 -0.6729 0.0115 0.6861 -0.3617 -0.626 -0.0809 0.8054 0.3584 -0.4304 -0.1942 0.5063 -0.0855 0.8563 -0.0554 0.6797 0.2389 -0.6636 -0.2014 0.6586 -0.3756 -0.6506 -0.0432 0.9565 0.0469 0.2863 -0.029
0.7756 0.0256 -0.5691 -0.2719 0.7168 -0.3063 -0.5956 -0.1938 0.7542 -0.2625 -0.5813 -0.1565 0.715 0.1896 -0.6729 0.0115 0.6861 -0.3617 -0.626 -0.0809 0.8054 0.3584 -0.4304 -0.1942 0.5063 -0.0855 0.8563 -0.0554 0.6797 0.2389 -0.6636 -0.2014 0.6586 -0.3756 -0.6506 -0.0432 0.9565 0.0469 0.2863 -0.029
0.7756 0.0256 -0.5691 -0.2719 0.7168 -0.3063 -0.5956 -0.1938 0.7542 -0.2625 -0.5813 -0.1565 0.715 0.1896 -0.6729 0.0115 0.6861 -0.3617 -0.626 -0.0809 0.8054 0.3584 -0.4304 -0.1942 0.5063 -0.0855 0.8563 -0.0554 0.6797 0.2389 -0.6636 -0.2014 0.6586 -0.3756 -0.6506 -0.0432 0.9565 0.0469 0.2863 -0.029
0.7756 0.0256 -0.5691 -0.2719 0.7112 -0.2955 -0.5911 -0.2396 0.7542 -0.2625 -0.5813 -0.1565 0.715 0.1896 -0.6729 0.0115 0.6861 -0.3617 -0.626 -0.0809 0.8054 0.3584 -0.4304 -0.1942 0.5063 -0.0855 0.8563 -0.0554 0.6797 0.2389 -0.6636 -0.2014 0.6586 -0.3756 -0.6506 -0.0432 0.9565 0.0469 0.2863 -0.029
0.7756 0.0256 -0.5691 -0.2719 0.7112 -0.2955 -0.5911 -0.2396 0.7542 -0.2625 -0.5813 -0.1565 0.715 0.1896 -0.6729 0.0115 0.6861 -0.3617 -0.626 -0.0809 0.8054 0.3584 -0.4304 -0.1942 0.5063 -0.0855 0.8563 -0.0554 0.6797 0.2389 -0.6636 -0.2014 0.6586 -0.3756 -0.6506 -0.0432 0.9565 0.0469 0.2863 -0.029
0.7778 -0.0262 -0.5256 -0.3437 0.7112 -0.2955 -0.5911 -0.2396 0.769 -0.2001 -0.5613 -0.2317 0.715 0.1896 -0.6729 0.0115 0.6861 -0.3617 -0.626 -0.0809 0.8084 0.3459 -0.4349 -0.1942 0.6635 -0.0371 0.7473 -0.0051 0.6699 0.1505 -0.7167 -0.1223 0.6586 -0.3756 -0.6506 -0.0432 0.9565 0.0469 0.2863 -0.029
0.7778 -0.0262 -0.5256 -0.3437 0.7112 -0.2955 -0.5911 -0.2396 0.769 -0.2001 -0.5613 -0.2317 0.715 0.1896 -0.6729 0.0115 0.6861 -0.3617 -0.626 -0.0809 0.8084 0.3459 -0.4349 -0.1942 0.6635 -0.0371 0.7473 -0.0051 0.6699 0.1505 -0.7167 -0.1223 0.6586 -0.3756 -0.6506 -0.0432 0.9565 0.0469 0.2863 -0.029
0.7778 -0.0262 -0.5256 -0.3437 0.7112 -0.2955 -0.5911 -0.2396 0.769 -0.2001 -0.5613 -0.2317 0.715 0.1896 -0.6729 0.0115 0.6486 -0.4656 -0.6006 0.0425 0.8084 0.3459 -0.4349 -0.1942 0.6635 -0.0371 0.7473 -0.0051 0.6699 0.1505 -0.7167 -0.1223 0.6586 -0.3756 -0.6506 -0.0432 0.9565 0.0469 0.2863 -0.029
0.7778 -0.0262 -0.5256 -0.3437 0.7112 -0.2955 -0.5911 -0.2396 0.769 -0.2001 -0.5613 -0.2317 0.6404 0.1296 -0.7206 -0.2318 0.6486 -0.4656 -0.6006 0.0425 0.8084 0.3459 -0.4349 -0.1942 0.6635 -0.0371 0.7473 -0.0051 0.6699 0.1505 -0.7167 -0.1223 0.6586 -0.3756 -0.6506 -0.0432 0.9565 0.0469 0.2863 -0.029
0.7778 -0.0262 -0.5256 -0.3437 0.7112 -0.2955 -0.5911 -0.2396 0.769 -0.2001 -0.5613 -0.2317 0.6404 0.1296 -0.7206 -0.2318 0.6486 -0.4656 -0.6006 0.0425 0.8084 0.3459 -0.4349 -0.1942 0.6635 -0.0371 0.7473 -0.0051 0.6699 0.1505 -0.7167 -0.1223 0.6586 -0.3756 -0.6506 -0.0432 0.9565 0.0469 0.2863 -0.029
0.7778 -0.0262 -0.5256 -0.3437 0.6949 -0.3363 -0.5643 -0.2927 0.769 -0.2001 -0.5613 -0.2317 0.6404 0.1296 -0.7206 -0.2318 0.6486 -0.4656 -0.6006 0.0425 0.8084 0.3459 -0.4349 -0.1942 0.6635 -0.0371 0.7473 -0.0051 0.6699 0.1505 -0.7167 -0.1223 0.6586 -0.3756 -0.6506 -0.0432 0.9565 0.0469 0.2863 -0.029
0.7778 -0.0262 -0.5256 -0.3437 0.6949 -0.3363 -0.5643 -0.2927 0.769 -0.2001 -0.5613 -0.2317 0.6404 0.1296 -0.7206 -0.2318 0.6486 -0.4656 -0.6006 0.0425 0.8084 0.3459 -0.4349 -0.1942 0.6635 -0.0371 0.7473 -0.0051 0.6699 0.1505 -0.7167 -0.1223 0.6586 -0.3756 -0.6506 -0.0432 0.9565 0.0469 0.2863 -0.029
0.7778 -0.0262 -0.5256 -0.3437 0.6949 -0.3363 -0.5643 -0.2927 0.769 -0.2001 -0.5613 -0.2317 0.6404 0.1296 -0.7206 -0.2318 0.6486 -0.4656 -0.6006 0.0425 0.8084 0.3459 -0.4349 -0.1942 0.6635 -0.0371 0.7473 -0.0051 0.6699 0.1505 -0.7167 -0.1223 0.6586 -0.3756 -0.6506 -0.0432 0.9565 0.0469 0.2863 -0.029
0.7543 -0.0498 -0.5274 -0.3878 0.6949 -0.3363 -0.5643 -0.2927 0.7702 -0.1669 -0.5324 -0.309 0.6404 0.1296 -0.7206 -0.2318 0.6486 -0.4656 -0.6006 0.0425 0.6982 0.1892 -0.6897 0.033 0.9176 0.0482 0.3832 -0.0942 0.6382 0.0827 -0.7654 -0.0072 0.6586 -0.3756 -0.6506 -0.0432 0.9565 0.0469 0.2863 -0.029
0.7543 -0.0498 -0.5274 -0.3878 0.6949 -0.3363 -0.5643 -0.2927 0.7702 -0.1669 -0.5324 -0.309 0.6404 0.1296 -0.7206 -0.2318 0.6486 -0.4656 -0.6006 0.0425 0.6982 0.1892 -0.6897 0.033 0.9176 0.0482 0.3832 -0.0942 0.6382 0.0827 -0.7654 -0.0072 0.6586 -0.3756 -0.6506 -0.0432 0.9565 0.0469 0.2863 -0.029
0.7543 -0.0498 -0.5274 -0.3878 0.6949 -0.3363 -0.5643 -0.2927 0.7702 -0.1669 -0.5324 -0.309 0.6404 0.1296 -0.7206 -0.2318 0.6366 -0.4188 -0.6425 0.0807 0.6982 0.1892 -0.6897 0.033 0.9176 0.0482 0.3832 -0.0942 0.6382 0.0827 -0.7654 -0.0072 0.6586 -0.3756 -0.6506 -0.0432 0.9113 0.03 0.4057 -0.0635
0.7543 -0.0498 -0.5274 -0.3878 0.6949 -0.3363 -0.5643 -0.2927 0.7702 -0.1669 -0.5324 -0.309 0.6404 0.1296 -0.7206 -0.2318 0.6366 -0.4188 -0.6425 0.0807 0.6982 0.1892 -0.6897 0.033 0.9176 0.0482 0.3832 -0.0942 0.6382 0.0827 -0.7654 -0.0072 0.6586 -0.3756 -0.6506 -0.0432 0.9113 0.03 0.4057 -0.0635
0.7543 -0.0498 -0.5274 -0.3878 0.6829 -0.3566 -0.5665 -0.2925 0.7702 -0.1669 -0.5324 -0.309 0.6404 0.1296 -0.7206 -0.2318 0.6366 -0.4188 -0.6425 0.0807 0.6982 0.1892 -0.6897 0.033 0.9176 0.0482 0.3832 -0.0942 0.6382 0.0827 -0.7654 -0.0072 0.6586 -0.3756 -0.6506 -0.0432 0.9113 0.03 0.4057 -0.0635
0.7543 -0.0498 -0.5274 -0.3878 0.6829 -0.3566 -0.5665 -0.2925 0.7702 -0.1669 -0.5324 -0.309 0.6404 0.1296 -0.7206 -0.2318 0.6366 -0.4188 -0.6425 0.0807 0.6982 0.1892 -0.6897 0.033 0.9176 0.0482 0.3832 -0.0942 0.6382 0.0827 -0.7654 -0.0072 0.6586 -0.3756 -0.6506 -0.0432 0.9113 0.03 0.4057 -0.0635
0.7473 -0.0644 -0.5284 -0.3978 0.6829 -0.3566 -0.5665 -0.2925 0.7852 -0.1426 -0.5005 -0.3358 0.6404 0.1296 -0.7206 -0.2318 0.6366 -0.4188 -0.6425 0.0807 0.5621 -0.032 -0.7941 0.2291 0.9854 0.1338 0.0928 -0.0502 0.6249 0.0547 -0.7722 0.1016 0.6586 -0.3756 -0.6506 -0.0432 0.9113 0.03 0.4057 -0.0635
0.7473 -0.0644 -0.5284 -0.3978 0.6829 -0.3566 -0.5665 -0.2925 0.7852 -0.1426 -0.5005 -0.3358 0.6404 0.1296 -0.7206 -0.2318 0.6366 -0.4188 -0.6425 0.0807 0.5621 -0.032 -0.7941 0.2291 0.9854 0.1338 0.0928 -0.0502 0.6249 0.0547 -0.7722 0.1016 0.6586 -0.3756 -0.6506 -0.0432 0.9113 0.03 0.4057 -0.0635
0.7473 -0.0644 -0.5284 -0.3978 0.6829 -0.3566 -0.5665 -0.2925 0.7852 -0.1426 -0.5005 -0.3358 0.6404 0.1296 -0.7206 -0.2318 0.6366 -0.4188 -0.6425 0.0807 0.5621 -0.032 -0.7941 0.2291 0.9854 0.1338 0.0928 -0.0502 0.6249 0.0547 -0.7722 0.1016 0.6586 -0.3756 -0.6506 -0.0432 0.9113 0.03 0.4057 -0.0635
0.7473 -0.0644 -0.5284 -0.3978 0.6829 -0.3566 -0.5665 -0.2925 0.7852 -0.1426 -0.5005 -0.3358 0.6404 0.1296 -0.7206 -0.2318 0.6442 -0.3855 -0.6472 0.1328 0.5621 -0.032 -0.7941 0.2291 0.9854 0.1338 0.0928 -0.0502 0.6249 0.0547 -0.7722 0.1016 0.6586 -0.3756 -0.6506 -0.0432 0.8285 -0.0051 0.554 -0.0823
0.7473 -0.0644 -0.5284 -0.3978 0.6829 -0.3566 -0.5665 -0.2925 0.7852 -0.1426 -0.5005 -0.3358 0.6404 0.1296 -0.7206 -0.2318 0.6442 -0.3855 -0.6472 0.1328 0.5621 -0.032 -0.7941 0.2291 0.9854 0.1338 0.0928 -0.0502 0.6249 0.0547 -0.7722 0.1016 0.6586 -0.3756 -0.6506 -0.0432 0.8285 -0.0051 0.554 -0.0823
0.7473 -0.0644 -0.5284 -0.3978 0.6826 -0.3359 -0.5839 -0.2835 0.7852 -0.1426 -0.5005 -0.3358 0.6404 0.1296 -0.7206 -0.2318 0.6442 -0.3855 -0.6472 0.1328 0.5621 -0.032 -0.7941 0.2291 0.9854 0.1338 0.0928 -0.0502 0.6249 0.0547 -0.7722 0.1016 0.6586 -0.3756 -0.6506 -0.0432 0.8285 -0.0051 0.554 -0.0823
0.7473 -0.0644 -0.5284 -0.3978 0.6826 -0.3359 -0.5839 -0.2835 0.7852 -0.1426 -0.5005 -0.3358 0.6404 0.1296 -0.7206 -0.2318 0.6442 -0.3855 -0.6472 0.1328 0.5621 -0.032 -0.7941 0.2291 0.9854 0.1338 0.0928 -0.0502 0.6249 0.0547 -0.7722 0.1016 0.6586 -0.3756 -0.6506 -0.0432 0.8285 -0.0051 0.554 -0.0823
0.7473 -0.0644 -0.5284 -0.3978 0.6826 -0.3359 -0.5839 -0.2835 0.7852 -0.1426 -0.5005 -0.3358 0.6404 0.1296 -0.7206 -0.2318 0.6442 -0.3855 -0.6472 0.1328 0.6377 0.1313 -0.737 0.1815 0.9854 0.1338 0.0928 -0.0502 0.6249 0.0547 -0.7722 0.1016 0.6586 -0.3756 -0.6506 -0.0432 0.8285 -0.0051 0.554 -0.0823
0.7525 -0.0384 -0.5903 -0.2894 0.6826 -0.3359 -0.5839 -0.2835 0.7971 -0.1568 -0.5195 -0.265 0.6404 0.1296 -0.7206 -0.2318 0.6442 -0.3855 -0.6472 0.1328 0.6377 0.1313 -0.737 0.1815 0.9473 0.0223 0.3195 -0.002 0.6607 0.0815 -0.743 0.069 0.6586 -0.3756 -0.6506 -0.0432 0.8285 -0.0051 0.554 -0.0823
0.7525 -0.0384 -0.5903 -0.2894 0.6826 -0.3359 -0.5839 -0.2835 0.7971 -0.1568 -0.5195 -0.265 0.6404 0.1296 -0.7206 -0.2318 0.6453 -0.403 -0.6456 0.0656 0.6377 0.1313 -0.737 0.1815 0.9473 0.0223 0.3195 -0.002 0.6607 0.0815 -0.743 0.069 0.6586 -0.3756 -0.6506 -0.0432 0.8285 -0.0051 0.554 -0.0823
0.7525 -0.0384 -0.5903 -0.2894 0.6826 -0.3359 -0.5839 -0.2835 0.7971 -0.1568 -0.5195 -0.265 0.6404 0.1296 -0.7206 -0.2318 0.6453 -0.403 -0.6456 0.0656 0.6377 0.1313 -0.737 0.1815 0.9473 0.0223 0.3195 -0.002 0.6607 0.0815 -0.743 0.069 0.5142 -0.5773 -0.5569 0.3039 0.8285 -0.0051 0.554 -0.0823
0.7525 -0.0384 -0.5903 -0.2894 0.6826 -0.3359 -0.5839 -0.2835 0.7971 -0.1568 -0.5195 -0.265 0.6404 0.1296 -0.7206 -0.2318 0.6453 -0.403 -0.6456 0.0656 0.6377 0.1313 -0.737 0.1815 0.9473 0.0223 0.3195 -0.002 0.6607 0.0815 -0.743 0.069 0.5142 -0.5773 -0.5569 0.3039 0.8285 -0.0051 0.554 -0.0823
0.7525 -0.0384 -0.5903 -0.2894 0.7056 -0.3373 -0.5817 -0.2236 0.7971 -0.1568 -0.5195 -0.265 0.6404 0.1296 -0.7206 -0.2318 0.6453 -0.403 -0.6456 0.0656 0.6377 0.1313 -0.737 0.1815 0.9473 0.0223 0.3195 -0.002 0.6607 0.0815 -0.743 0.069 0.5142 -0.5773 -0.5569 0.3039 0.8285 -0.0051 0.554 -0.0823
0.7525 -0.0384 -0.5903 -0.2894 0.7056 -0.3373 -0.5817 -0.2236 0.7971 -0.1568 -0.5195 -0.265 0.6404 0.1296 -0.7206 -0.2318 0.6453 -0.403 -0.6456 0.0656 0.6377 0.1313 -0.737 0.1815 0.9473 0.0223 0.3195 -0.002 0.6607 0.0815 -0.743 0.069 0.5142 -0.5773 -0.5569 0.3039 0.8285 -0.0051 0.554 -0.0823
0.7525 -0.0384 -0.5903 -0.2894 0.7056 -0.3373 -0.5817 -0.2236 0.7971 -0.1568 -0.5195 -0.265 0.6404 0.1296 -0.7206 -0.2318 0.6453 -0.403 -0.6456 0.0656 0.6377 0.1313 -0.737 0.1815 0.9473 0.0223 0.3195 -0.002 0.6607 0.0815 -0.743 0.069 0.5142 -0.5773 -0.5569 0.3039 0.8285 -0.0051 0.554 -0.0823
0.763 -0.032 -0.6168 -0.1906 0.7056 -0.3373 -0.5817 -0.2236 0.8033 -0.1422 -0.5507 -0.1767 0.6404 0.1296 -0.7206 -0.2318 0.6453 -0.403 -0.6456 0.0656 0.6851 0.2015 -0.6929 0.1 0.9445 0.0264 0.3275 -0.0018 0.7015 0.2069 -0.6793 -0.0596 0.5142 -0.5773 -0.5569 0.3039 0.8285 -0.0051 0.554 -0.0823
0.763 -0.032 -0.6168 -0.1906 0.7056 -0.3373 -0.5817 -0.2236 0.8033 -0.1422 -0.5507 -0.1767 0.6404 0.1296 -0.7206 -0.2318 0.6453 -0.403 -0.6456 0.0656 0.6851 0.2015 -0.6929 0.1 0.9445 0.0264 0.3275 -0.0018 0.7015 0.2069 -0.6793 -0.0596 0.5142 -0.5773 -0.5569 0.3039 0.8285 -0.0051 0.554 -0.0823
0.763 -0.032 -0.6168 -0.1906 0.7056 -0.3373 -0.5817 -0.2236 0.8033 -0.1422 -0.5507 -0.1767 0.6404 0.1296 -0.7206 -0.2318 0.6453 -0.403 -0.6456 0.0656 0.6851 0.2015 -0.6929 0.1 0.9445 0.0264 0.3275 -0.0018 0.7015 0.2069 -0.6793 -0.0596 0.5142 -0.5773 -0.5569 0.3039 0.8285 -0.0051 0.554 -0.0823
0.763 -0.032 -0.6168 -0.1906 0.7056 -0.3373 -0.5817 -0.2236 0.8033 -0.1422 -0.5507 -0.1767 0.6404 0.1296 -0.7206 -0.2318 0.6453 -0.403 -0.6456 0.0656 0.6851 0.2015 -0.6929 0.1 0.9445 0.0264 0.3275 -0.0018 0.7015 0.2069 -0.6793 -0.0596 0.5546 -0.5477 -0.5877 0.217 0.8285 -0.0051 0.554 -0.0823
0.763 -0.032 -0.6168 -0.1906 0.7255 -0.3953 -0.5535 -0.1053 0.8033 -0.1422 -0.5507 -0.1767 0.6404 0.1296 -0.7206 -0.2318 0.6453 -0.403 -0.6456 0.0656 0.6851 0.2015 -0.6929 0.1 0.9445 0.0264 0.3275 -0.0018 0.7015 0.2069 -0.6793 -0.0596 0.5546 -0.5477 -0.5877 0.217 0.8285 -0.0051 0.554 -0.0823
0.763 -0.032 -0.6168 -0.1906 0.7255 -0.3953 -0.5535 -0.1053 0.8033 -0.1422 -0.5507 -0.1767 0.6404 0.1296 -0.7206 -0.2318 0.6453 -0.403 -0.6456 0.0656 0.6851 0.2015 -0.6929 0.1 0.9445 0.0264 0.3275 -0.0018 0.7015 0.2069 -0.6793 -0.0596 0.5546 -0.5477 -0.5877 0.217 0.8285 -0.0051 0.554 -0.0823
0.7812 -0.0435 -0.6076 -0.1367 0.7255 -0.3953 -0.5535 -0.1053 0.8033 -0.1422 -0.5507 -0.1767 0.6404 0.1296 -0.7206 -0.2318 0.6453 -0.403 -0.6456 0.0656 0.7093 0.2208 -0.6664 0.0634 0.9368 0.0261 0.3489 -0.0051 0.6893 0.2413 -0.6516 -0.2051 0.5546 -0.5477 -0.5877 0.217 0.8285 -0.0051 0.554 -0.0823
0.7812 -0.0435 -0.6076 -0.1367 0.7255 -0.3953 -0.5535 -0.1053 0.7956 -0.1776 -0.5728 -0.0868 0.6404 0.1296 -0.7206 -0.2318 0.6453 -0.403 -0.6456 0.0656 0.7093 0.2208 -0.6664 0.0634 0.9368 0.0261 0.3489 -0.0051 0.6893 0.2413 -0.6516 -0.2051 0.5546 -0.5477 -0.5877 0.217 0.8285 -0.0051 0.554 -0.0823
0.7812 -0.0435 -0.6076 -0.1367 0.7255 -0.3953 -0.5535 -0.1053 0.7956 -0.1776 -0.5728 -0.0868 0.6404 0.1296 -0.7206 -0.2318 0.6453 -0.403 -0.6456 0.0656 0.7093 0.2208 -0.6664 0.0634 0.9368 0.0261 0.3489 -0.0051 0.6893 0.2413 -0.6516 -0.2051 0.5546 -0.5477 -0.5877 0.217 0.8285 -0.0051 0.554 -0.0823
0.7812 -0.0435 -0.6076 -0.1367 0.7255 -0.3953 -0.5535 -0.1053 0.7956 -0.1776 -0.5728 -0.0868 0.6404 0.1296 -0.7206 -0.2318 0.6453 -0.403 -0.6456 0.0656 0.7093 0.2208 -0.6664 0.0634 0.9368 0.0261 0.3489 -0.0051 0.6893 0.2413 -0.6516 -0.2051 0.6641 -0.3234 -0.668 -0.0905 0.8285 -0.0051 0.554 -0.0823
0.7812 -0.0435 -0.6076 -0.1367 0.7255 -0.3953 -0.5535 -0.1053 0.7956 -0.1776 -0.5728 -0.0868 0.6404 0.1296 -0.7206 -0.2318 0.6453 -0.403 -0.6456 0.0656 0.7093 0.2208 -0.6664 0.0634 0.9368 0.0261 0.3489 -0.0051 0.6893 0.2413 -0.6516 -0.2051 0.6641 -0.3234 -0.668 -0.0905 0.8285 -0.0051 0.554 -0.0823
0.7812 -0.0435 -0.6076 -0.1367 0.7432 -0.4397 -0.5039 0.0213 0.7956 -0.1776 -0.5728 -0.0868 0.6404 0.1296 -0.7206 -0.2318 0.6453 -0.403 -0.6456 0.0656 0.7093 0.2208 -0.6664 0.0634 0.9368 0.0261 0.3489 -0.0051 0.6893 0.2413 -0.6516 -0.2051 0.6641 -0.3234 -0.668 -0.0905 0.8285 -0.0051 0.554 -0.0823
0.7812 -0.0435 -0.6076 -0.1367 0.7432 -0.4397 -0.5039 0.0213 0.7956 -0.1776 -0.5728 -0.0868 0.6404 0.1296 -0.7206 -0.2318 0.6453 -0.403 -0.6456 0.0656 0.7093 0.2208 -0.6664 0.0634 0.9368 0.0261 0.3489 -0.0051 0.6893 0.2413 -0.6516 -0.2051 0.6641 -0.3234 -0.668 -0.0905 0.8285 -0.0051 0.554 -0.0823
0.7812 -0.0435 -0.6076 -0.1367 0.7432 -0.4397 -0.5039 0.0213 0.7956 -0.1776 -0.5728 -0.0868 0.6404 0.1296 -0.7206 -0.2318 0.6453 -0.403 -0.6456 0.0656 0.7093 0.2208 -0.6664 0.0634 0.9368 0.0261 0.3489 -0.0051 0.6893 0.2413 -0.6516 -0.2051 0.6641 -0.3234 -0.668 -0.0905 0.8285 -0.0051 0.554 -0.0823
0.7993 -0.0639 -0.5867 -0.114 0.7432 -0.4397 -0.5039 0.0213 0.7927 -0.212 -0.5715 -0.0139 0.6404 0.1296 -0.7206 -0.2318 0.6453 -0.403 -0.6456 0.0656 0.744 0.2231 -0.6299 0.0093 0.9243 0.0228 0.381 -0.0073 0.6631 0.1964 -0.6935 -0.2017 0.6641 -0.3234 -0.668 -0.0905 0.8285 -0.0051 0.554 -0.0823
0.7993 -0.0639 -0.5867 -0.114 0.7432 -0.4397 -0.5039 0.0213 0.7927 -0.212 -0.5715 -0.0139 0.6404 0.1296 -0.7206 -0.2318 0.6453 -0.403 -0.6456 0.0656 0.744 0.2231 -0.6299 0.0093 0.9243 0.0228 0.381 -0.0073 0.6631 0.1964 -0.6935 -0.2017 0.6641 -0.3234 -0.668 -0.0905 0.8285 -0.0051 0.554 -0.0823
0.7993 -0.0639 -0.5867 -0.114 0.7432 -0.4397 -0.5039 0.0213 0.7927 -0.212 -0.5715 -0.0139 0.6404 0.1296 -0.7206 -0.2318 0.6453 -0.403 -0.6456 0.0656 0.744 0.2231 -0.6299 0.0093 0.9243 0.0228 0.381 -0.0073 0.6631 0.1964 -0.6935 -0.2017 0.6887 -0.1297 -0.6713 -0.2415 0.9943 -0.0277 0.1014 -0.0178
0.7993 -0.0639 -0.5867 -0.114 0.7432 -0.4397 -0.5039 0.0213 0.7927 -0.212 -0.5715 -0.0139 0.6404 0.1296 -0.7206 -0.2318 0.6453 -0.403 -0.6456 0.0656 0.744 0.2231 -0.6299 0.0093 0.9243 0.0228 0.381 -0.0073 0.6631 0.1964 -0.6935 -0.2017 0.6887 -0.1297 -0.6713 -0.2415 0.9943 -0.0277 0.1014 -0.0178
0.7993 -0.0639 -0.5867 -0.114 0.7521 -0.4553 -0.476 0.0231 0.7927 -0.212 -0.5715 -0.0139 0.6404 0.1296 -0.7206 -0.2318 0.6453 -0.403 -0.6456 0.0656 0.744 0.2231 -0.6299 0.0093 0.9243 0.0228 0.381 -0.0073 0.6631 0.1964 -0.6935 -0.2017 0.6887 -0.1297 -0.6713 -0.2415 0.9943 -0.0277 0.1014 -0.0178
0.7993 -0.0639 -0.5867 -0.114 0.7521 -0.4553 -0.476 0.0231 0.7927 -0.212 -0.5715 -0.0139 0.6404 0.1296 -0.7206 -0.2318 0.6453 -0.403 -0.6456 0.0656 0.744 0.2231 -0.6299 0.0093 0.9243 0.0228 0.381 -0.0073 0.6631 0.1964 -0.6935 -0.2017 0.6887 -0.1297 -0.6713 -0.2415 0.9943 -0.0277 0.1014 -0.0178
0.7993 -0.0639 -0.5867 -0.114 0.7521 -0.4553 -0.476 0.0231 0.7927 -0.212 -0.5715 -0.0139 0.6404 0.1296 -0.7206 -0.2318 0.6453 -0.403 -0.6456 0.0656 0.744 0.2231 -0.6299 0.0093 0.9243 0.0228 0.381 -0.0073 0.6631 0.1964 -0.6935 -0.2017 0.6887 -0.1297 -0.6713 -0.2415 0.9943 -0.0277 0.1014 -0.0178
0.7926 -0.0856 -0.5828 -0.1578 0.7521 -0.4553 -0.476 0.0231 0.772 -0.2103 -0.5993 -0.0267 0.6404 0.1296 -0.7206 -0.2318 0.6453 -0.403 -0.6456 0.0656 0.781 0.2811 -0.5526 -0.0756 0.8448 0.0479 0.533 0.0 0.6442 0.192 -0.6955 -0.2541 0.6887 -0.1297 -0.6713 -0.2415 0.9943 -0.0277 0.1014 -0.0178
0.7926 -0.0856 -0.5828 -0.1578 0.7521 -0.4553 -0.476 0.0231 0.772 -0.2103 -0.5993 -0.0267 0.6404 0.1296 -0.7206 -0.2318 0.6453 -0.403 -0.6456 0.0656 0.781 0.2811 -0.5526 -0.0756 0.8448 0.0479 0.533 0.0 0.6442 0.192 -0.6955 -0.2541 0.6887 -0.1297 -0.6713 -0.2415 0.9943 -0.0277 0.1014 -0.0178
0.7926 -0.0856 -0.5828 -0.1578 0.7521 -0.4553 -0.476 0.0231 0.772 -0.2103 -0.5993 -0.0267 0.6404 0.1296 -0.7206 -0.2318 0.6453 -0.403 -0.6456 0.0656 0.781 0.2811 -0.5526 -0.0756 0.8448 0.0479 0.533 0.0 0.6442 0.192 -0.6955 -0.2541 0.6387 -0.3515 -0.6487 -0.2183 0.9943 -0.0277 0.1014 -0.0178
0.7926 -0.0856 -0.5828 -0.1578 0.7521 -0.4553 -0.476 0.0231 0.772 -0.2103 -0.5993 -0.0267 0.6404 0.1296 -0.7206 -0.2318 0.6453 -0.403 -0.6456 0.0656 0.781 0.2811 -0.5526 -0.0756 0.8448 0.0479 0.533 0.0 0.6442 0.192 -0.6955 -0.2541 0.6387 -0.3515 -0.6487 -0.2183 0.9943 -0.0277 0.1014 -0.0178
0.7926 -0.0856 -0.5828 -0.1578 0.7408 -0.3845 -0.5344 -0.1329 0.772 -0.2103 -0.5993 -0.0267 0.6404 0.1296 -0.7206 -0.2318 0.6453 -0.403 -0.6456 0.0656 0.781 0.2811 -0.5526 -0.0756 0.8448 0.0479 0.533 0.0 0.6442 0.192 -0.6955 -0.2541 0.6387 -0.3515 -0.6487 -0.2183 0.9943 -0.0277 0.1014 -0.0178
0.7926 -0.0856 -0.5828 -0.1578 0.7408 -0.3845 -0.5344 -0.1329 0.772 -0.2103 -0.5993 -0.0267 0.6404 0.1296 -0.7206 -0.2318 0.6453 -0.403 -0.6456 0.0656 0.781 0.2811 -0.5526 -0.0756 0.8448 0.0479 0.533 0.0 0.6442 0.192 -0.6955 -0.2541 0.6387 -0.3515 -0.6487 -0.2183 0.9943 -0.0277 0.1014 -0.0178
0.784 -0.0776 -0.5833 -0.198 0.7408 -0.3845 -0.5344 -0.1329 0.772 -0.2103 -0.5993 -0.0267 0.6404 0.1296 -0.7206 -0.2318 0.6453 -0.403 -0.6456 0.0656 0.8107 0.2997 -0.4304 -0.2604 0.5099 0.0259 0.8576 -0.0623 0.6442 0.192 -0.6955 -0.2541 0.6387 -0.3515 -0.6487 -0.2183 0.9943 -0.0277 0.1014 -0.0178
0.784 -0.0776 -0.5833 -0.198 0.7408 -0.3845 -0.5344 -0.1329 0.7514 -0.2284 -0.5985 -0.1583 0.6404 0.1296 -0.7206 -0.2318 0.6453 -0.403 -0.6456 0.0656 0.8107 0.2997 -0.4304 -0.2604 0.5099 0.0259 0.8576 -0.0623 0.6442 0.192 -0.6955 -0.2541 0.6387 -0.3515 -0.6487 -0.2183 0.9943 -0.0277 0.1014 -0.0178
0.784 -0.0776 -0.5833 -0.198 0.7408 -0.3845 -0.5344 -0.1329 0.7514 -0.2284 -0.5985 -0.1583 0.6404 0.1296 -0.7206 -0.2318 0.6453 -0.403 -0.6456 0.0656 0.8107 0.2997 -0.4304 -0.2604 0.5099 0.0259 0.8576 -0.0623 0.6442 0.192 -0.6955 -0.2541 0.6387 -0.3515 -0.6487 -0.2183 0.9943 -0.0277 0.1014 -0.0178
0.784 -0.0776 -0.5833 -0.198 0.7408 -0.3845 -0.5344 -0.1329 0.7514 -0.2284 -0.5985 -0.1583 0.6404 0.1296 -0.7206 -0.2318 0.673 -0.4402 -0.5792 -0.1332 0.8107 0.2997 -0.4304 -0.2604 0.5099 0.0259 0.8576 -0.0623 0.6442 0.192 -0.6955 -0.2541 0.6257 -0.4202 -0.6456 -0.123 0.9943 -0.0277 0.1014 -0.0178
0.784 -0.0776 -0.5833 -0.198 0.7408 -0.3845 -0.5344 -0.1329 0.7514 -0.2284 -0.5985 -0.1583 0.6404 0.1296 -0.7206 -0.2318 0.673 -0.4402 -0.5792 -0.1332 0.8107 0.2997 -0.4304 -0.2604 0.5099 0.0259 0.8576 -0.0623 0.6442 0.192 -0.6955 -0.2541 0.6257 -0.4202 -0.6456 -0.123 0.9943 -0.0277 0.1014 -0.0178
0.784 -0.0776 -0.5833 -0.198 0.7408 -0.3845 -0.5344 -0.1329 0.7514 -0.2284 -0.5985 -0.1583 0.6404 0.1296 -0.7206 -0.2318 0.673 -0.4402 -0.5792 -0.1332 0.8107 0.2997 -0.4304 -0.2604 0.5099 0.0259 0.8576 -0.0623 0.6442 0.192 -0.6955 -0.2541 0.6257 -0.4202 -0.6456 -0.123 0.9943 -0.0277 0.1014 -0.0178
0.784 -0.0776 -0.5833 -0.198 0.7203 -0.3345 -0.5523 -0.2535 0.7514 -0.2284 -0.5985 -0.1583 0.6404 0.1296 -0.7206 -0.2318 0.673 -0.4402 -0.5792 -0.1332 0.8107 0.2997 -0.4304 -0.2604 0.5099 0.0259 0.8576 -0.0623 0.6442 0.192 -0.6955 -0.2541 0.6257 -0.4202 -0.6456 -0.123 0.9943 -0.0277 0.1014 -0.0178
0.784 -0.0776 -0.5833 -0.198 0.7203 -0.3345 -0.5523 -0.2535 0.7514 -0.2284 -0.5985 -0.1583 0.6404 0.1296 -0.7206 -0.2318 0.673 -0.4402 -0.5792 -0.1332 0.7886 0.3137 -0.4749 -0.2328 0.6953 0.0153 0.7138 -0.0832 0.6442 0.192 -0.6955 -0.2541 0.6257 -0.4202 -0.6456 -0.123 0.9943 -0.0277 0.1014 -0.0178
0.7672 -0.092 -0.5639 -0.2915 0.7203 -0.3345 -0.5523 -0.2535 0.7512 -0.1974 -0.5432 -0.319 0.6404 0.1296 -0.7206 -0.2318 0.673 -0.4402 -0.5792 -0.1332 0.7886 0.3137 -0.4749 -0.2328 0.6953 0.0153 0.7138 -0.0832 0.6442 0.192 -0.6955 -0.2541 0.6257 -0.4202 -0.6456 -0.123 0.9943 -0.0277 0.1014 -0.0178
0.7672 -0.092 -0.5639 -0.2915 0.7203 -0.3345 -0.5523 -0.2535 0.7512 -0.1974 -0.5432 -0.319 0.6404 0.1296 -0.7206 -0.2318 0.673 -0.4402 -0.5792 -0.1332 0.7886 0.3137 -0.4749 -0.2328 0.6953 0.0153 0.7138 -0.0832 0.6442 0.192 -0.6955 -0.2541 0.6257 -0.4202 -0.6456 -0.123 0.9943 -0.0277 0.1014 -0.0178
0.7672 -0.092 -0.5639 -0.2915 0.7203 -0.3345 -0.5523 -0.2535 0.7512 -0.1974 -0.5432 -0.319 0.6404 0.1296 -0.7206 -0.2318 0.673 -0.4402 -0.5792 -0.1332 0.7886 0.3137 -0.4749 -0.2328 0.6953 0.0153 0.7138 -0.0832 0.6442 0.192 -0.6955 -0.2541 0.6357 -0.4164 -0.6469 -0.0629 0.9943 -0.0277 0.1014 -0.0178
0.7672 -0.092 -0.5639 -0.2915 0.7203 -0.3345 -0.5523 -0.2535 0.7512 -0.1974 -0.5432 -0.319 0.6404 0.1296 -0.7206 -0.2318 0.673 -0.4402 -0.5792 -0.1332 0.7886 0.3137 -0.4749 -0.2328 0.6953 0.0153 0.7138 -0.0832 0.6442 0.192 -0.6955 -0.2541 0.6357 -0.4164 -0.6469 -0.0629 0.9943 -0.0277 0.1014 -0.0178
0.7672 -0.092 -0.5639 -0.2915 0.6858 -0.3525 -0.5439 -0.3311 0.7512 -0.1974 -0.5432 -0.319 0.6404 0.1296 -0.7206 -0.2318 0.673 -0.4402 -0.5792 -0.1332 0.7886 0.3137 -0.4749 -0.2328 0.6953 0.0153 0.7138 -0.0832 0.6442 0.192 -0.6955 -0.2541 0.6357 -0.4164 -0.6469 -0.0629 0.9943 -0.0277 0.1014 -0.0178
0.7672 -0.092 -0.5639 -0.2915 0.6858 -0.3525 -0.5439 -0.3311 0.7512 -0.1974 -0.5432 -0.319 0.6404 0.1296 -0.7206 -0.2318 0.673 -0.4402 -0.5792 -0.1332 0.7886 0.3137 -0.4749 -0.2328 0.6953 0.0153 0.7138 -0.0832 0.6442 0.192 -0.6955 -0.2541 0.6357 -0.4164 -0.6469 -0.0629 0.9943 -0.0277 0.1014 -0.0178
0.7432 -0.0903 -0.5526 -0.3662 0.6858 -0.3525 -0.5439 -0.3311 0.7592 -0.1061 -0.5065 -0.3947 0.6404 0.1296 -0.7206 -0.2318 0.673 -0.4402 -0.5792 -0.1332 0.7028 0.1322 -0.6987 0.0162 0.9005 0.0474 0.4166 -0.1153 0.605 0.0818 -0.7919 -0.0078 0.6357 -0.4164 -0.6469 -0.0629 0.9943 -0.0277 0.1014 -0.0178
0.7432 -0.0903 -0.5526 -0.3662 0.6858 -0.3525 -0.5439 -0.3311 0.7592 -0.1061 -0.5065 -0.3947 0.6404 0.1296 -0.7206 -0.2318 0.673 -0.4402 -0.5792 -0.1332 0.7028 0.1322 -0.6987 0.0162 0.9005 0.0474 0.4166 -0.1153 0.605 0.0818 -0.7919 -0.0078 0.6357 -0.4164 -0.6469 -0.0629 0.9943 -0.0277 0.1014 -0.0178
0.7432 -0.0903 -0.5526 -0.3662 0.6858 -0.3525 -0.5439 -0.3311 0.7592 -0.1061 -0.5065 -0.3947 0.4517 0.2066 -0.7667 -0.4069 0.673 -0.4402 -0.5792 -0.1332 0.7028 0.1322 -0.6987 0.0162 0.9005 0.0474 0.4166 -0.1153 0.605 0.0818 -0.7919 -0.0078 0.6357 -0.4164 -0.6469 -0.0629 0.9943 -0.0277 0.1014 -0.0178
0.7432 -0.0903 -0.5526 -0.3662 0.6858 -0.3525 -0.5439 -0.3311 0.7592 -0.1061 -0.5065 -0.3947 0.4517 0.2066 -0.7667 -0.4069 0.673 -0.4402 -0.5792 -0.1332 0.7028 0.1322 -0.6987 0.0162 0.9005 0.0474 0.4166 -0.1153 0.605 0.0818 -0.7919 -0.0078 0.6401 -0.4338 -0.634 0.0128 0.9943 -0.0277 0.1014 -0.0178
0.7432 -0.0903 -0.5526 -0.3662 0.6858 -0.3525 -0.5439 -0.3311 0.7592 -0.1061 -0.5065 -0.3947 0.4517 0.2066 -0.7667 -0.4069 0.673 -0.4402 -0.5792 -0.1332 0.7028 0.1322 -0.6987 0.0162 0.9005 0.0474 0.4166 -0.1153 0.605 0.0818 -0.7919 -0.0078 0.6401 -0.4338 -0.634 0.0128 0.9943 -0.0277 0.1014 -0.0178
0.7432 -0.0903 -0.5526 -0.3662 0.6765 -0.3608 -0.5517 -0.3284 0.7592 -0.1061 -0.5065 -0.3947 0.4517 0.2066 -0.7667 -0.4069 0.673 -0.4402 -0.5792 -0.1332 0.7028 0.1322 -0.6987 0.0162 0.9005 0.0474 0.4166 -0.1153 0.605 0.0818 -0.7919 -0.0078 0.6401 -0.4338 -0.634 0.0128 0.9943 -0.0277 0.1014 -0.0178
0.7432 -0.0903 -0.5526 -0.3662 0.6765 -0.3608 -0.5517 -0.3284 0.7592 -0.1061 -0.5065 -0.3947 0.4517 0.2066 -0.7667 -0.4069 0.673 -0.4402 -0.5792 -0.1332 0.5934 -0.0258 -0.7835 0.1824 0.9005 0.0474 0.4166 -0.1153 0.605 0.0818 -0.7919 -0.0078 0.6401 -0.4338 -0.634 0.0128 0.9943 -0.0277 0.1014 -0.0178
0.7432 -0.0903 -0.5526 -0.3662 0.6765 -0.3608 -0.5517 -0.3284 0.7592 -0.1061 -0.5065 -0.3947 0.4517 0.2066 -0.7667 -0.4069 0.673 -0.4402 -0.5792 -0.1332 0.5934 -0.0258 -0.7835 0.1824 0.9005 0.0474 0.4166 -0.1153 0.605 0.0818 -0.7919 -0.0078 0.6401 -0.4338 -0.634 0.0128 0.9943 -0.0277 0.1014 -0.0178
0.7421 -0.0901 -0.5492 -0.3736 0.6765 -0.3608 -0.5517 -0.3284 0.7693 -0.0995 -0.4703 -0.4207 0.4517 0.2066 -0.7667 -0.4069 0.673 -0.4402 -0.5792 -0.1332 0.5934 -0.0258 -0.7835 0.1824 0.9005 0.0474 0.4166 -0.1153 0.5934 0.0529 -0.7995 0.0768 0.6401 -0.4338 -0.634 0.0128 0.9943 -0.0277 0.1014 -0.0178
0.7421 -0.0901 -0.5492 -0.3736 0.6765 -0.3608 -0.5517 -0.3284 0.7693 -0.0995 -0.4703 -0.4207 0.4517 0.2066 -0.7667 -0.4069 0.673 -0.4402 -0.5792 -0.1332 0.5934 -0.0258 -0.7835 0.1824 0.9005 0.0474 0.4166 -0.1153 0.5934 0.0529 -0.7995 0.0768 0.6401 -0.4338 -0.634 0.0128 0.9943 -0.0277 0.1014 -0.0178
0.7421 -0.0901 -0.5492 -0.3736 0.6765 -0.3608 -0.5517 -0.3284 0.7693 -0.0995 -0.4703 -0.4207 0.4517 0.2066 -0.7667 -0.4069 0.673 -0.4402 -0.5792 -0.1332 0.5934 -0.0258 -0.7835 0.1824 0.9005 0.0474 0.4166 -0.1153 0.5934 0.0529 -0.7995 0.0768 0.6401 -0.4338 -0.634 0.0128 0.9943 -0.0277 0.1014 -0.0178
0.7421 -0.0901 -0.5492 -0.3736 0.6765 -0.3608 -0.5517 -0.3284 0.7693 -0.0995 -0.4703 -0.4207 0.4517 0.2066 -0.7667 -0.4069 0.673 -0.4402 -0.5792 -0.1332 0.5934 -0.0258 -0.7835 0.1824 0.9005 0.0474 0.4166 -0.1153 0.5934 0.0529 -0.7995 0.0768 0.6006 -0.5165 -0.5971 0.1259 0.9943 -0.0277 0.1014 -0.0178
0.7421 -0.0901 -0.5492 -0.3736 0.6783 -0.3715 -0.5509 -0.3135 0.7693 -0.0995 -0.4703 -0.4207 0.4517 0.2066 -0.7667 -0.4069 0.673 -0.4402 -0.5792 -0.1332 0.5934 -0.0258 -0.7835 0.1824 0.9005 0.0474 0.4166 -0.1153 0.5934 0.0529 -0.7995 0.0768 0.6006 -0.5165 -0.5971 0.1259 0.9943 -0.0277 0.1014 -0.0178
0.7421 -0.0901 -0.5492 -0.3736 0.6783 -0.3715 -0.5509 -0.3135 0.7693 -0.0995 -0.4703 -0.4207 0.4517 0.2066 -0.7667 -0.4069 0.673 -0.4402 -0.5792 -0.1332 0.6497 0.169 -0.7188 0.181 0.9005 0.0474 0.4166 -0.1153 0.5934 0.0529 -0.7995 0.0768 0.6006 -0.5165 -0.5971 0.1259 0.9943 -0.0277 0.1014 -0.0178
0.7421 -0.0901 -0.5492 -0.3736 0.6783 -0.3715 -0.5509 -0.3135 0.7693 -0.0995 -0.4703 -0.4207 0.4517 0.2066 -0.7667 -0.4069 0.673 -0.4402 -0.5792 -0.1332 0.6497 0.169 -0.7188 0.181 0.9005 0.0474 0.4166 -0.1153 0.5934 0.0529 -0.7995 0.0768 0.6006 -0.5165 -0.5971 0.1259 0.9943 -0.0277 0.1014 -0.0178
0.741 -0.0864 -0.5962 -0.2968 0.6783 -0.3715 -0.5509 -0.3135 0.7955 -0.1179 -0.5032 -0.3163 0.4517 0.2066 -0.7667 -0.4069 0.673 -0.4402 -0.5792 -0.1332 0.6497 0.169 -0.7188 0.181 0.949 0.0256 0.3134 -0.0208 0.632 0.0909 -0.7673 0.0596 0.6006 -0.5165 -0.5971 0.1259 0.9943 -0.0277 0.1014 -0.0178
0.741 -0.0864 -0.5962 -0.2968 0.6783 -0.3715 -0.5509 -0.3135 0.7955 -0.1179 -0.5032 -0.3163 0.4517 0.2066 -0.7667 -0.4069 0.673 -0.4402 -0.5792 -0.1332 0.6497 0.169 -0.7188 0.181 0.949 0.0256 0.3134 -0.0208 0.632 0.0909 -0.7673 0.0596 0.6006 -0.5165 -0.5971 0.1259 0.9943 -0.0277 0.1014 -0.0178
0.741 -0.0864 -0.5962 -0.2968 0.6783 -0.3715 -0.5509 -0.3135 0.7955 -0.1179 -0.5032 -0.3163 0.4955 0.2062 -0.7798 -0.3222 0.673 -0.4402 -0.5792 -0.1332 0.6497 0.169 -0.7188 0.181 0.949 0.0256 0.3134 -0.0208 0.632 0.0909 -0.7673 0.0596 0.6006 -0.5165 -0.5971 0.1259 0.9943 -0.0277 0.1014 -0.0178
0.741 -0.0864 -0.5962 -0.2968 0.6783 -0.3715 -0.5509 -0.3135 0.7955 -0.1179 -0.5032 -0.3163 0.4955 0.2062 -0.7798 -0.3222 0.673 -0.4402 -0.5792 -0.1332 0.6497 0.169 -0.7188 0.181 0.949 0.0256 0.3134 -0.0208 0.632 0.0909 -0.7673 0.0596 0.5242 -0.582 -0.5523 0.2855 0.9943 -0.0277 0.1014 -0.0178
0.741 -0.0864 -0.5962 -0.2968 0.7037 -0.386 -0.5501 -0.2307 0.7955 -0.1179 -0.5032 -0.3163 0.4955 0.2062 -0.7798 -0.3222 0.673 -0.4402 -0.5792 -0.1332 0.7012 0.2187 -0.6743 0.0762 0.949 0.0256 0.3134 -0.0208 0.632 0.0909 -0.7673 0.0596 0.5242 -0.582 -0.5523 0.2855 0.9943 -0.0277 0.1014 -0.0178
0.741 -0.0864 -0.5962 -0.2968 0.7037 -0.386 -0.5501 -0.2307 0.7955 -0.1179 -0.5032 -0.3163 0.4955 0.2062 -0.7798 -0.3222 0.673 -0.4402 -0.5792 -0.1332 0.7012 0.2187 -0.6743 0.0762 0.949 0.0256 0.3134 -0.0208 0.632 0.0909 -0.7673 0.0596 0.5242 -0.582 -0.5523 0.2855 0.9943 -0.0277 0.1014 -0.0178
0.7637 -0.0564 -0.6201 -0.1705 0.7037 -0.386 -0.5501 -0.2307 0.7922 -0.1259 -0.5573 -0.2144 0.4955 0.2062 -0.7798 -0.3222 0.673 -0.4402 -0.5792 -0.1332 0.7012 0.2187 -0.6743 0.0762 0.949 0.0256 0.3134 -0.0208 0.6748 0.2308 -0.6993 -0.0476 0.5242 -0.582 -0.5523 0.2855 0.9943 -0.0277 0.1014 -0.0178
0.7637 -0.0564 -0.6201 -0.1705 0.7037 -0.386 -0.5501 -0.2307 0.7922 -0.1259 -0.5573 -0.2144 0.4955 0.2062 -0.7798 -0.3222 0.673 -0.4402 -0.5792 -0.1332 0.7012 0.2187 -0.6743 0.0762 0.949 0.0256 0.3134 -0.0208 0.6748 0.2308 -0.6993 -0.0476 0.5242 -0.582 -0.5523 0.2855 0.9943 -0.0277 0.1014 -0.0178
0.7637 -0.0564 -0.6201 -0.1705 0.7037 -0.386 -0.5501 -0.2307 0.7922 -0.1259 -0.5573 -0.2144 0.6855 0.1039 -0.6971 -0.1826 0.673 -0.4402 -0.5792 -0.1332 0.7012 0.2187 -0.6743 0.0762 0.949 0.0256 0.3134 -0.0208 0.6748 0.2308 -0.6993 -0.0476 0.5242 -0.582 -0.5523 0.2855 0.9943 -0.0277 0.1014 -0.0178
0.7637 -0.0564 -0.6201 -0.1705 0.7037 -0.386 -0.5501 -0.2307 0.7922 -0.1259 -0.5573 -0.2144 0.6855 0.1039 -0.6971 -0.1826 0.673 -0.4402 -0.5792 -0.1332 0.7012 0.2187 -0.6743 0.0762 0.949 0.0256 0.3134 -0.0208 0.6748 0.2308 -0.6993 -0.0476 0.5439 -0.5677 -0.5757 0.2246 0.9943 -0.0277 0.1014 -0.0178
0.7637 -0.0564 -0.6201 -0.1705 0.7037 -0.386 -0.5501 -0.2307 0.7922 -0.1259 -0.5573 -0.2144 0.6855 0.1039 -0.6971 -0.1826 0.673 -0.4402 -0.5792 -0.1332 0.7012 0.2187 -0.6743 0.0762 0.949 0.0256 0.3134 -0.0208 0.6748 0.2308 -0.6993 -0.0476 0.5439 -0.5677 -0.5757 0.2246 0.9943 -0.0277 0.1014 -0.0178
0.7637 -0.0564 -0.6201 -0.1705 0.7464 -0.3824 -0.5379 -0.0853 0.7922 -0.1259 -0.5573 -0.2144 0.6855 0.1039 -0.6971 -0.1826 0.673 -0.4402 -0.5792 -0.1332 0.7012 0.2187 -0.6743 0.0762 0.949 0.0256 0.3134 -0.0208 0.6748 0.2308 -0.6993 -0.0476 0.5439 -0.5677 -0.5757 0.2246 0.9943 -0.0277 0.1014 -0.0178
0.7637 -0.0564 -0.6201 -0.1705 0.7464 -0.3824 -0.5379 -0.0853 0.7922 -0.1259 -0.5573 -0.2144 0.6855 0.1039 -0.6971 -0.1826 0.673 -0.4402 -0.5792 -0.1332 0.7012 0.2187 -0.6743 0.0762 0.949 0.0256 0.3134 -0.0208 0.6748 0.2308 -0.6993 -0.0476 0.5439 -0.5677 -0.5757 0.2246 0.9943 -0.0277 0.1014 -0.0178
0.7637 -0.0564 -0.6201 -0.1705 0.7464 -0.3824 -0.5379 -0.0853 0.7922 -0.1259 -0.5573 -0.2144 0.6855 0.1039 -0.6971 -0.1826 0.673 -0.4402 -0.5792 -0.1332 0.7012 0.2187 -0.6743 0.0762 0.949 0.0256 0.3134 -0.0208 0.6748 0.2308 -0.6993 -0.0476 0.5439 -0.5677 -0.5757 0.2246 0.9943 -0.0277 0.1014 -0.0178
0.7917 -0.045 -0.6056 -0.0663 0.7464 -0.3824 -0.5379 -0.0853 0.7875 -0.1705 -0.582 -0.1095 0.6855 0.1039 -0.6971 -0.1826 0.673 -0.4402 -0.5792 -0.1332 0.7249 0.2368 -0.6453 0.0471 0.949 0.0256 0.3134 -0.0208 0.6694 0.2584 -0.6628 -0.2138 0.5439 -0.5677 -0.5757 0.2246 0.9943 -0.0277 0.1014 -0.0178
0.7917 -0.045 -0.6056 -0.0663 0.7464 -0.3824 -0.5379 -0.0853 0.7875 -0.1705 -0.582 -0.1095 0.6855 0.1039 -0.6971 -0.1826 0.673 -0.4402 -0.5792 -0.1332 0.7249 0.2368 -0.6453 0.0471 0.949 0.0256 0.3134 -0.0208 0.6694 0.2584 -0.6628 -0.2138 0.5439 -0.5677 -0.5757 0.2246 0.9943 -0.0277 0.1014 -0.0178
0.7917 -0.045 -0.6056 -0.0663 0.7464 -0.3824 -0.5379 -0.0853 0.7875 -0.1705 -0.582 -0.1095 0.6855 0.1039 -0.6971 -0.1826 0.673 -0.4402 -0.5792 -0.1332 0.7249 0.2368 -0.6453 0.0471 0.949 0.0256 0.3134 -0.0208 0.6694 0.2584 -0.6628 -0.2138 0.5439 -0.5677 -0.5757 0.2246 0.9943 -0.0277 0.1014 -0.0178
0.7917 -0.045 -0.6056 -0.0663 0.7464 -0.3824 -0.5379 -0.0853 0.7875 -0.1705 -0.582 -0.1095 0.6855 0.1039 -0.6971 -0.1826 0.673 -0.4402 -0.5792 -0.1332 0.7249 0.2368 -0.6453 0.0471 0.949 0.0256 0.3134 -0.0208 0.6694 0.2584 -0.6628 -0.2138 0.6514 -0.3577 -0.6661 -0.063 0.9943 -0.0277 0.1014 -0.0178
0.7917 -0.045 -0.6056 -0.0663 0.7656 -0.421 -0.4843 0.0452 0.7875 -0.1705 -0.582 -0.1095 0.6855 0.1039 -0.6971 -0.1826 0.673 -0.4402 -0.5792 -0.1332 0.7249 0.2368 -0.6453 0.0471 0.949 0.0256 0.3134 -0.0208 0.6694 0.2584 -0.6628 -0.2138 0.6514 -0.3577 -0.6661 -0.063 0.9943 -0.0277 0.1014 -0.0178
0.7917 -0.045 -0.6056 -0.0663 0.7656 -0.421 -0.4843 0.0452 0.7875 -0.1705 -0.582 -0.1095 0.6855 0.1039 -0.6971 -0.1826 0.673 -0.4402 -0.5792 -0.1332 0.755 0.2379 -0.611 -0.0048 0.949 0.0256 0.3134 -0.0208 0.6694 0.2584 -0.6628 -0.2138 0.6514 -0.3577 -0.6661 -0.063 0.9943 -0.0277 0.1014 -0.0178
0.8134 -0.0726 -0.575 -0.049 0.7656 -0.421 -0.4843 0.0452 0.7914 -0.2068 -0.5752 -0.0107 0.6855 0.1039 -0.6971 -0.1826 0.673 -0.4402 -0.5792 -0.1332 0.755 0.2379 -0.611 -0.0048 0.949 0.0256 0.3134 -0.0208 0.6388 0.2455 -0.7029 -0.1939 0.6514 -0.3577 -0.6661 -0.063 0.9943 -0.0277 0.1014 -0.0178
0.8134 -0.0726 -0.575 -0.049 0.7656 -0.421 -0.4843 0.0452 0.7914 -0.2068 -0.5752 -0.0107 0.6855 0.1039 -0.6971 -0.1826 0.673 -0.4402 -0.5792 -0.1332 0.755 0.2379 -0.611 -0.0048 0.949 0.0256 0.3134 -0.0208 0.6388 0.2455 -0.7029 -0.1939 0.6514 -0.3577 -0.6661 -0.063 0.9943 -0.0277 0.1014 -0.0178
0.8134 -0.0726 -0.575 -0.049 0.7656 -0.421 -0.4843 0.0452 0.7914 -0.2068 -0.5752 -0.0107 0.7425 0.1 -0.6622 -0.0132 0.673 -0.4402 -0.5792 -0.1332 0.755 0.2379 -0.611 -0.0048 0.949 0.0256 0.3134 -0.0208 0.6388 0.2455 -0.7029 -0.1939 0.6514 -0.3577 -0.6661 -0.063 0.9943 -0.0277 0.1014 -0.0178
0.8134 -0.0726 -0.575 -0.049 0.7656 -0.421 -0.4843 0.0452 0.7914 -0.2068 -0.5752 -0.0107 0.7425 0.1 -0.6622 -0.0132 0.673 -0.4402 -0.5792 -0.1332 0.755 0.2379 -0.611 -0.0048 0.949 0.0256 0.3134 -0.0208 0.6388 0.2455 -0.7029 -0.1939 0.6879 -0.1516 -0.6587 -0.2643 0.9943 -0.0277 0.1014 -0.0178
0.8134 -0.0726 -0.575 -0.049 0.7656 -0.421 -0.4843 0.0452 0.7914 -0.2068 -0.5752 -0.0107 0.7425 0.1 -0.6622 -0.0132 0.673 -0.4402 -0.5792 -0.1332 0.755 0.2379 -0.611 -0.0048 0.949 0.0256 0.3134 -0.0208 0.6388 0.2455 -0.7029 -0.1939 0.6879 -0.1516 -0.6587 -0.2643 0.9943 -0.0277 0.1014 -0.0178
0.8134 -0.0726 -0.575 -0.049 0.7685 -0.458 -0.4426 0.0612 0.7914 -0.2068 -0.5752 -0.0107 0.7425 0.1 -0.6622 -0.0132 0.673 -0.4402 -0.5792 -0.1332 0.755 0.2379 -0.611 -0.0048 0.949 0.0256 0.3134 -0.0208 0.6388 0.2455 -0.7029 -0.1939 0.6879 -0.1516 -0.6587 -0.2643 0.9943 -0.0277 0.1014 -0.0178
0.8134 -0.0726 -0.575 -0.049 0.7685 -0.458 -0.4426 0.0612 0.7914 -0.2068 -0.5752 -0.0107 0.7425 0.1 -0.6622 -0.0132 0.673 -0.4402 -0.5792 -0.1332 0.7856 0.3101 -0.53 -0.0762 0.949 0.0256 0.3134 -0.0208 0.6388 0.2455 -0.7029 -0.1939 0.6879 -0.1516 -0.6587 -0.2643 0.9943 -0.0277 0.1014 -0.0178
0.8134 -0.0726 -0.575 -0.049 0.7685 -0.458 -0.4426 0.0612 0.7914 -0.2068 -0.5752 -0.0107 0.7425 0.1 -0.6622 -0.0132 0.673 -0.4402 -0.5792 -0.1332 0.7856 0.3101 -0.53 -0.0762 0.949 0.0256 0.3134 -0.0208 0.6388 0.2455 -0.7029 -0.1939 0.6879 -0.1516 -0.6587 -0.2643 0.9943 -0.0277 0.1014 -0.0178
0.8058 -0.0961 -0.5755 -0.101 0.7685 -0.458 -0.4426 0.0612 0.7662 -0.2001 -0.6091 -0.0429 0.7425 0.1 -0.6622 -0.0132 0.673 -0.4402 -0.5792 -0.1332 0.7856 0.3101 -0.53 -0.0762 0.949 0.0256 0.3134 -0.0208 0.6403 0.1882 -0.7025 -0.2473 0.6879 -0.1516 -0.6587 -0.2643 0.9943 -0.0277 0.1014 -0.0178
0.8058 -0.0961 -0.5755 -0.101 0.7685 -0.458 -0.4426 0.0612 0.7662 -0.2001 -0.6091 -0.0429 0.7425 0.1 -0.6622 -0.0132 0.673 -0.4402 -0.5792 -0.1332 0.7856 0.3101 -0.53 -0.0762 0.949 0.0256 0.3134 -0.0208 0.6403 0.1882 -0.7025 -0.2473 0.6879 -0.1516 -0.6587 -0.2643 0.9943 -0.0277 0.1014 -0.0178
0.8058 -0.0961 -0.5755 -0.101 0.7685 -0.458 -0.4426 0.0612 0.7662 -0.2001 -0.6091 -0.0429 0.7519 0.1058 -0.6506 -0.0129 0.673 -0.4402 -0.5792 -0.1332 0.7856 0.3101 -0.53 -0.0762 0.949 0.0256 0.3134 -0.0208 0.6403 0.1882 -0.7025 -0.2473 0.6879 -0.1516 -0.6587 -0.2643 0.9943 -0.0277 0.1014 -0.0178
0.8058 -0.0961 -0.5755 -0.101 0.7685 -0.458 -0.4426 0.0612 0.7662 -0.2001 -0.6091 -0.0429 0.7519 0.1058 -0.6506 -0.0129 0.673 -0.4402 -0.5792 -0.1332 0.7856 0.3101 -0.53 -0.0762 0.949 0.0256 0.3134 -0.0208 0.6403 0.1882 -0.7025 -0.2473 0.6879 -0.1516 -0.6587 -0.2643 0.9943 -0.0277 0.1014 -0.0178
0.8058 -0.0961 -0.5755 -0.101 0.7585 -0.4081 -0.5033 -0.0687 0.7662 -0.2001 -0.6091 -0.0429 0.7519 0.1058 -0.6506 -0.0129 0.673 -0.4402 -0.5792 -0.1332 0.7856 0.3101 -0.53 -0.0762 0.949 0.0256 0.3134 -0.0208 0.6403 0.1882 -0.7025 -0.2473 0.6879 -0.1516 -0.6587 -0.2643 0.9943 -0.0277 0.1014 -0.0178
0.8058 -0.0961 -0.5755 -0.101 0.7585 -0.4081 -0.5033 -0.0687 0.7662 -0.2001 -0.6091 -0.0429 0.7519 0.1058 -0.6506 -0.0129 0.673 -0.4402 -0.5792 -0.1332 0.7856 0.3101 -0.53 -0.0762 0.949 0.0256 0.3134 -0.0208 0.6403 0.1882 -0.7025 -0.2473 0.6879 -0.1516 -0.6587 -0.2643 0.9943 -0.0277 0.1014 -0.0178
0.8058 -0.0961 -0.5755 -0.101 0.7585 -0.4081 -0.5033 -0.0687 0.7662 -0.2001 -0.6091 -0.0429 0.7519 0.1058 -0.6506 -0.0129 0.673 -0.4402 -0.5792 -0.1332 0.7856 0.3101 -0.53 -0.0762 0.949 0.0256 0.3134 -0.0208 0.6403 0.1882 -0.7025 -0.2473 0.6879 -0.1516 -0.6587 -0.2643 0.9943 -0.0277 0.1014 -0.0178
0.7932 -0.0872 -0.5875 -0.1347 0.7585 -0.4081 -0.5033 -0.0687 0.7489 -0.2109 -0.5984 -0.191 0.7519 0.1058 -0.6506 -0.0129 0.673 -0.4402 -0.5792 -0.1332 0.8241 0.3093 -0.3859 -0.2761 0.5067 0.022 0.8584 -0.0771 0.6514 0.2132 -0.7014 -0.1959 0.6879 -0.1516 -0.6587 -0.2643 0.9943 -0.0277 0.1014 -0.0178
