rt-uaw rt-uax rt-uay rt-uaz rt-faw rt-fax rt-fay rt-faz rt-thw rt-thx rt-thy rt-thz rt-llw rt-llx rt-lly rt-llz rt-ftw rt-ftx rt-fty rt-ftz lt-uaw lt-uax lt-uay lt-uaz lt-faw lt-fax lt-fay lt-faz lt-thw lt-thx lt-thy lt-thz lt-llw lt-llx lt-lly lt-llz lt-ftw lt-ftx lt-fty lt-ftz 
0.7819 -0.0836 -0.6177 -0.0057 0.6788 -0.2498 -0.6821 -0.108 0.7911 -0.1019 -0.5792 -0.1682 0.7257 0.2748 -0.6303 0.0229 0.5995 -0.2713 -0.7268 -0.197 0.693 0.1649 -0.6976 0.0769 0.9174 0.1508 0.3423 -0.1361 0.613 -0.087 -0.6808 -0.3912 0.7685 -0.322 -0.5359 -0.1363 0.9088 0.0876 0.2824 -0.2944
0.7819 -0.0836 -0.6177 -0.0057 0.6788 -0.2498 -0.6821 -0.108 0.7911 -0.1019 -0.5792 -0.1682 0.7257 0.2748 -0.6303 0.0229 0.5995 -0.2713 -0.7268 -0.197 0.693 0.1649 -0.6976 0.0769 0.9174 0.1508 0.3423 -0.1361 0.613 -0.087 -0.6808 -0.3912 0.7685 -0.322 -0.5359 -0.1363 0.9088 0.0876 0.2824 -0.2944
0.7819 -0.0836 -0.6177 -0.0057 0.6718 -0.2357 -0.6985 -0.0728 0.7911 -0.1019 -0.5792 -0.1682 0.7257 0.2748 -0.6303 0.0229 0.5991 -0.2607 -0.7258 -0.2153 0.693 0.1649 -0.6976 0.0769 0.9174 0.1508 0.3423 -0.1361 0.5859 -0.1068 -0.6864 -0.4174 0.7685 -0.322 -0.5359 -0.1363 0.9088 0.0876 0.2824 -0.2944
0.7819 -0.0836 -0.6177 -0.0057 0.6718 -0.2357 -0.6985 -0.0728 0.7911 -0.1019 -0.5792 -0.1682 0.7257 0.2748 -0.6303 0.0229 0.5991 -0.2607 -0.7258 -0.2153 0.693 0.1649 -0.6976 0.0769 0.9174 0.1508 0.3423 -0.1361 0.5859 -0.1068 -0.6864 -0.4174 0.7685 -0.322 -0.5359 -0.1363 0.9088 0.0876 0.2824 -0.2944
0.7845 -0.0812 -0.6143 0.0236 0.6718 -0.2357 -0.6985 -0.0728 0.7911 -0.1019 -0.5792 -0.1682 0.7257 0.2748 -0.6303 0.0229 0.5991 -0.2607 -0.7258 -0.2153 0.693 0.1649 -0.6976 0.0769 0.9174 0.1508 0.3423 -0.1361 0.5859 -0.1068 -0.6864 -0.4174 0.7685 -0.322 -0.5359 -0.1363 0.9286 0.0496 0.1689 -0.3265
0.7845 -0.0812 -0.6143 0.0236 0.6718 -0.2357 -0.6985 -0.0728 0.7911 -0.1019 -0.5792 -0.1682 0.7257 0.2748 -0.6303 0.0229 0.5991 -0.2607 -0.7258 -0.2153 0.693 0.1649 -0.6976 0.0769 0.9174 0.1508 0.3423 -0.1361 0.5859 -0.1068 -0.6864 -0.4174 0.7685 -0.322 -0.5359 -0.1363 0.9286 0.0496 0.1689 -0.3265
0.7845 -0.0812 -0.6143 0.0236 0.6718 -0.2357 -0.6985 -0.0728 0.792 -0.0638 -0.5871 -0.1549 0.7257 0.2748 -0.6303 0.0229 0.5991 -0.2607 -0.7258 -0.2153 0.693 0.1649 -0.6976 0.0769 0.9174 0.1508 0.3423 -0.1361 0.5859 -0.1068 -0.6864 -0.4174 0.7685 -0.322 -0.5359 -0.1363 0.9286 0.0496 0.1689 -0.3265
0.7845 -0.0812 -0.6143 0.0236 0.6718 -0.2357 -0.6985 -0.0728 0.792 -0.0638 -0.5871 -0.1549 0.7257 0.2748 -0.6303 0.0229 0.5991 -0.2607 -0.7258 -0.2153 0.693 0.1649 -0.6976 0.0769 0.9098 0.1561 0.3571 -0.143 0.5859 -0.1068 -0.6864 -0.4174 0.7685 -0.322 -0.5359 -0.1363 0.9286 0.0496 0.1689 -0.3265
0.7845 -0.0812 -0.6143 0.0236 0.6607 -0.248 -0.7073 -0.041 0.792 -0.0638 -0.5871 -0.1549 0.7257 0.2748 -0.6303 0.0229 0.5991 -0.2607 -0.7258 -0.2153 0.693 0.1649 -0.6976 0.0769 0.9098 0.1561 0.3571 -0.143 0.5649 -0.1111 -0.7017 -0.4197 0.7685 -0.322 -0.5359 -0.1363 0.9286 0.0496 0.1689 -0.3265
0.7845 -0.0812 -0.6143 0.0236 0.6607 -0.248 -0.7073 -0.041 0.792 -0.0638 -0.5871 -0.1549 0.7257 0.2748 -0.6303 0.0229 0.6012 -0.2498 -0.7184 -0.2449 0.693 0.1649 -0.6976 0.0769 0.9098 0.1561 0.3571 -0.143 0.5649 -0.1111 -0.7017 -0.4197 0.7685 -0.322 -0.5359 -0.1363 0.9286 0.0496 0.1689 -0.3265
0.7878 -0.0891 -0.6077 0.0461 0.6607 -0.248 -0.7073 -0.041 0.792 -0.0638 -0.5871 -0.1549 0.7257 0.2748 -0.6303 0.0229 0.6012 -0.2498 -0.7184 -0.2449 0.693 0.1649 -0.6976 0.0769 0.9098 0.1561 0.3571 -0.143 0.5649 -0.1111 -0.7017 -0.4197 0.7685 -0.322 -0.5359 -0.1363 0.9286 0.0496 0.1689 -0.3265
0.7878 -0.0891 -0.6077 0.0461 0.6607 -0.248 -0.7073 -0.041 0.792 -0.0638 -0.5871 -0.1549 0.7257 0.2748 -0.6303 0.0229 0.6012 -0.2498 -0.7184 -0.2449 0.693 0.1649 -0.6976 0.0769 0.9098 0.1561 0.3571 -0.143 0.5649 -0.1111 -0.7017 -0.4197 0.7685 -0.322 -0.5359 -0.1363 0.9246 0.0381 0.165 -0.3412
0.7878 -0.0891 -0.6077 0.0461 0.6607 -0.248 -0.7073 -0.041 0.792 -0.0638 -0.5871 -0.1549 0.7257 0.2748 -0.6303 0.0229 0.6012 -0.2498 -0.7184 -0.2449 0.693 0.1649 -0.6976 0.0769 0.9098 0.1561 0.3571 -0.143 0.5649 -0.1111 -0.7017 -0.4197 0.7685 -0.322 -0.5359 -0.1363 0.9246 0.0381 0.165 -0.3412
0.7878 -0.0891 -0.6077 0.0461 0.6607 -0.248 -0.7073 -0.041 0.792 -0.0638 -0.5871 -0.1549 0.7355 0.2859 -0.6042 0.1107 0.6012 -0.2498 -0.7184 -0.2449 0.693 0.1649 -0.6976 0.0769 0.9098 0.1561 0.3571 -0.143 0.5649 -0.1111 -0.7017 -0.4197 0.6038 -0.1872 -0.6812 -0.3693 0.9246 0.0381 0.165 -0.3412
0.7878 -0.0891 -0.6077 0.0461 0.6607 -0.248 -0.7073 -0.041 0.792 -0.0638 -0.5871 -0.1549 0.7355 0.2859 -0.6042 0.1107 0.6012 -0.2498 -0.7184 -0.2449 0.693 0.1649 -0.6976 0.0769 0.9098 0.1561 0.3571 -0.143 0.5649 -0.1111 -0.7017 -0.4197 0.6038 -0.1872 -0.6812 -0.3693 0.9246 0.0381 0.165 -0.3412
0.7878 -0.0891 -0.6077 0.0461 0.6606 -0.2667 -0.7009 -0.0348 0.7853 -0.055 -0.596 -0.1585 0.7355 0.2859 -0.6042 0.1107 0.6012 -0.2498 -0.7184 -0.2449 0.7199 0.2576 -0.6434 -0.0375 0.8602 0.1857 0.453 -0.143 0.5566 -0.1467 -0.7105 -0.4048 0.6038 -0.1872 -0.6812 -0.3693 0.9246 0.0381 0.165 -0.3412
0.7878 -0.0891 -0.6077 0.0461 0.6606 -0.2667 -0.7009 -0.0348 0.7853 -0.055 -0.596 -0.1585 0.7355 0.2859 -0.6042 0.1107 0.6093 -0.2467 -0.6994 -0.2805 0.7199 0.2576 -0.6434 -0.0375 0.8602 0.1857 0.453 -0.143 0.5566 -0.1467 -0.7105 -0.4048 0.6038 -0.1872 -0.6812 -0.3693 0.9246 0.0381 0.165 -0.3412
0.7878 -0.0891 -0.6077 0.0461 0.6606 -0.2667 -0.7009 -0.0348 0.7853 -0.055 -0.596 -0.1585 0.7355 0.2859 -0.6042 0.1107 0.6093 -0.2467 -0.6994 -0.2805 0.7199 0.2576 -0.6434 -0.0375 0.8602 0.1857 0.453 -0.143 0.5566 -0.1467 -0.7105 -0.4048 0.6038 -0.1872 -0.6812 -0.3693 0.9246 0.0381 0.165 -0.3412
0.7977 -0.1157 -0.5916 0.017 0.6606 -0.2667 -0.7009 -0.0348 0.7853 -0.055 -0.596 -0.1585 0.7355 0.2859 -0.6042 0.1107 0.6093 -0.2467 -0.6994 -0.2805 0.7199 0.2576 -0.6434 -0.0375 0.8602 0.1857 0.453 -0.143 0.5566 -0.1467 -0.7105 -0.4048 0.6038 -0.1872 -0.6812 -0.3693 0.8934 0.0981 0.2849 -0.3331
0.7977 -0.1157 -0.5916 0.017 0.6606 -0.2667 -0.7009 -0.0348 0.7853 -0.055 -0.596 -0.1585 0.7355 0.2859 -0.6042 0.1107 0.6093 -0.2467 -0.6994 -0.2805 0.7199 0.2576 -0.6434 -0.0375 0.8602 0.1857 0.453 -0.143 0.5566 -0.1467 -0.7105 -0.4048 0.6038 -0.1872 -0.6812 -0.3693 0.8934 0.0981 0.2849 -0.3331
0.7977 -0.1157 -0.5916 0.017 0.6606 -0.2667 -0.7009 -0.0348 0.7853 -0.055 -0.596 -0.1585 0.7315 0.269 -0.6195 0.0934 0.6093 -0.2467 -0.6994 -0.2805 0.7199 0.2576 -0.6434 -0.0375 0.8602 0.1857 0.453 -0.143 0.5566 -0.1467 -0.7105 -0.4048 0.6098 -0.2618 -0.6613 -0.3497 0.8934 0.0981 0.2849 -0.3331
0.7977 -0.1157 -0.5916 0.017 0.6606 -0.2667 -0.7009 -0.0348 0.7853 -0.055 -0.596 -0.1585 0.7315 0.269 -0.6195 0.0934 0.6093 -0.2467 -0.6994 -0.2805 0.7199 0.2576 -0.6434 -0.0375 0.8602 0.1857 0.453 -0.143 0.5566 -0.1467 -0.7105 -0.4048 0.6098 -0.2618 -0.6613 -0.3497 0.8934 0.0981 0.2849 -0.3331
0.7977 -0.1157 -0.5916 0.017 0.6542 -0.3103 -0.6871 -0.0601 0.7562 -0.0934 -0.6109 -0.2151 0.7315 0.269 -0.6195 0.0934 0.6093 -0.2467 -0.6994 -0.2805 0.7451 0.294 -0.5843 -0.1301 0.6522 0.1414 0.7225 -0.1806 0.564 -0.1667 -0.7302 -0.3479 0.6098 -0.2618 -0.6613 -0.3497 0.8934 0.0981 0.2849 -0.3331
0.7977 -0.1157 -0.5916 0.017 0.6542 -0.3103 -0.6871 -0.0601 0.7562 -0.0934 -0.6109 -0.2151 0.7315 0.269 -0.6195 0.0934 0.6322 -0.3168 -0.6721 -0.2195 0.7451 0.294 -0.5843 -0.1301 0.6522 0.1414 0.7225 -0.1806 0.564 -0.1667 -0.7302 -0.3479 0.6098 -0.2618 -0.6613 -0.3497 0.8934 0.0981 0.2849 -0.3331
0.7977 -0.1157 -0.5916 0.017 0.6542 -0.3103 -0.6871 -0.0601 0.7562 -0.0934 -0.6109 -0.2151 0.7315 0.269 -0.6195 0.0934 0.6322 -0.3168 -0.6721 -0.2195 0.7451 0.294 -0.5843 -0.1301 0.6522 0.1414 0.7225 -0.1806 0.564 -0.1667 -0.7302 -0.3479 0.6098 -0.2618 -0.6613 -0.3497 0.8934 0.0981 0.2849 -0.3331
0.7997 -0.1374 -0.5842 -0.0164 0.6542 -0.3103 -0.6871 -0.0601 0.7562 -0.0934 -0.6109 -0.2151 0.7315 0.269 -0.6195 0.0934 0.6322 -0.3168 -0.6721 -0.2195 0.7451 0.294 -0.5843 -0.1301 0.6522 0.1414 0.7225 -0.1806 0.564 -0.1667 -0.7302 -0.3479 0.6098 -0.2618 -0.6613 -0.3497 0.8834 0.1005 0.3105 -0.3364
0.7997 -0.1374 -0.5842 -0.0164 0.6542 -0.3103 -0.6871 -0.0601 0.7562 -0.0934 -0.6109 -0.2151 0.7315 0.269 -0.6195 0.0934 0.6322 -0.3168 -0.6721 -0.2195 0.7451 0.294 -0.5843 -0.1301 0.6522 0.1414 0.7225 -0.1806 0.564 -0.1667 -0.7302 -0.3479 0.6098 -0.2618 -0.6613 -0.3497 0.8834 0.1005 0.3105 -0.3364
0.7997 -0.1374 -0.5842 -0.0164 0.6542 -0.3103 -0.6871 -0.0601 0.7562 -0.0934 -0.6109 -0.2151 0.7119 0.2501 -0.6559 0.0189 0.6322 -0.3168 -0.6721 -0.2195 0.7451 0.294 -0.5843 -0.1301 0.6522 0.1414 0.7225 -0.1806 0.564 -0.1667 -0.7302 -0.3479 0.6183 -0.3158 -0.6462 -0.3167 0.8834 0.1005 0.3105 -0.3364
0.7997 -0.1374 -0.5842 -0.0164 0.6542 -0.3103 -0.6871 -0.0601 0.732 -0.1071 -0.6089 -0.2863 0.7119 0.2501 -0.6559 0.0189 0.6322 -0.3168 -0.6721 -0.2195 0.7451 0.294 -0.5843 -0.1301 0.6118 0.1001 0.7532 -0.2199 0.5852 -0.1984 -0.7359 -0.2768 0.6183 -0.3158 -0.6462 -0.3167 0.8834 0.1005 0.3105 -0.3364
0.7997 -0.1374 -0.5842 -0.0164 0.6293 -0.3386 -0.6978 -0.0483 0.732 -0.1071 -0.6089 -0.2863 0.7119 0.2501 -0.6559 0.0189 0.6322 -0.3168 -0.6721 -0.2195 0.7451 0.294 -0.5843 -0.1301 0.6118 0.1001 0.7532 -0.2199 0.5852 -0.1984 -0.7359 -0.2768 0.6183 -0.3158 -0.6462 -0.3167 0.8834 0.1005 0.3105 -0.3364
0.7997 -0.1374 -0.5842 -0.0164 0.6293 -0.3386 -0.6978 -0.0483 0.732 -0.1071 -0.6089 -0.2863 0.7119 0.2501 -0.6559 0.0189 0.6264 -0.4061 -0.6603 -0.0812 0.7451 0.294 -0.5843 -0.1301 0.6118 0.1001 0.7532 -0.2199 0.5852 -0.1984 -0.7359 -0.2768 0.6183 -0.3158 -0.6462 -0.3167 0.8834 0.1005 0.3105 -0.3364
0.8015 -0.1557 -0.5743 -0.0595 0.6293 -0.3386 -0.6978 -0.0483 0.732 -0.1071 -0.6089 -0.2863 0.7119 0.2501 -0.6559 0.0189 0.6264 -0.4061 -0.6603 -0.0812 0.7451 0.294 -0.5843 -0.1301 0.6118 0.1001 0.7532 -0.2199 0.5852 -0.1984 -0.7359 -0.2768 0.6183 -0.3158 -0.6462 -0.3167 0.8834 0.1005 0.3105 -0.3364
0.8015 -0.1557 -0.5743 -0.0595 0.6293 -0.3386 -0.6978 -0.0483 0.732 -0.1071 -0.6089 -0.2863 0.7119 0.2501 -0.6559 0.0189 0.6264 -0.4061 -0.6603 -0.0812 0.7451 0.294 -0.5843 -0.1301 0.6118 0.1001 0.7532 -0.2199 0.5852 -0.1984 -0.7359 -0.2768 0.6183 -0.3158 -0.6462 -0.3167 0.8803 0.0993 0.3181 -0.3378
0.8015 -0.1557 -0.5743 -0.0595 0.6293 -0.3386 -0.6978 -0.0483 0.732 -0.1071 -0.6089 -0.2863 0.7119 0.2501 -0.6559 0.0189 0.6264 -0.4061 -0.6603 -0.0812 0.7451 0.294 -0.5843 -0.1301 0.6118 0.1001 0.7532 -0.2199 0.5852 -0.1984 -0.7359 -0.2768 0.6183 -0.3158 -0.6462 -0.3167 0.8803 0.0993 0.3181 -0.3378
0.8015 -0.1557 -0.5743 -0.0595 0.6293 -0.3386 -0.6978 -0.0483 0.732 -0.1071 -0.6089 -0.2863 0.669 0.2781 -0.6884 -0.0352 0.6264 -0.4061 -0.6603 -0.0812 0.7451 0.294 -0.5843 -0.1301 0.6118 0.1001 0.7532 -0.2199 0.5852 -0.1984 -0.7359 -0.2768 0.6382 -0.3437 -0.6319 -0.2743 0.8803 0.0993 0.3181 -0.3378
0.8015 -0.1557 -0.5743 -0.0595 0.6293 -0.3386 -0.6978 -0.0483 0.732 -0.1071 -0.6089 -0.2863 0.669 0.2781 -0.6884 -0.0352 0.6264 -0.4061 -0.6603 -0.0812 0.7451 0.294 -0.5843 -0.1301 0.6118 0.1001 0.7532 -0.2199 0.5852 -0.1984 -0.7359 -0.2768 0.6382 -0.3437 -0.6319 -0.2743 0.8803 0.0993 0.3181 -0.3378
0.8015 -0.1557 -0.5743 -0.0595 0.617 -0.349 -0.7034 -0.0521 0.7015 -0.1219 -0.6121 -0.344 0.669 0.2781 -0.6884 -0.0352 0.6264 -0.4061 -0.6603 -0.0812 0.7166 0.2666 -0.6445 -0.0092 0.8431 0.1414 0.51 -0.0954 0.5936 -0.225 -0.7367 -0.2328 0.6382 -0.3437 -0.6319 -0.2743 0.8803 0.0993 0.3181 -0.3378
0.8015 -0.1557 -0.5743 -0.0595 0.617 -0.349 -0.7034 -0.0521 0.7015 -0.1219 -0.6121 -0.344 0.669 0.2781 -0.6884 -0.0352 0.6231 -0.4188 -0.6599 0.0303 0.7166 0.2666 -0.6445 -0.0092 0.8431 0.1414 0.51 -0.0954 0.5936 -0.225 -0.7367 -0.2328 0.6382 -0.3437 -0.6319 -0.2743 0.8803 0.0993 0.3181 -0.3378
0.8015 -0.1557 -0.5743 -0.0595 0.617 -0.349 -0.7034 -0.0521 0.7015 -0.1219 -0.6121 -0.344 0.669 0.2781 -0.6884 -0.0352 0.6231 -0.4188 -0.6599 0.0303 0.7166 0.2666 -0.6445 -0.0092 0.8431 0.1414 0.51 -0.0954 0.5936 -0.225 -0.7367 -0.2328 0.6382 -0.3437 -0.6319 -0.2743 0.8803 0.0993 0.3181 -0.3378
0.7998 -0.1555 -0.5728 -0.0897 0.617 -0.349 -0.7034 -0.0521 0.7015 -0.1219 -0.6121 -0.344 0.669 0.2781 -0.6884 -0.0352 0.6231 -0.4188 -0.6599 0.0303 0.7166 0.2666 -0.6445 -0.0092 0.8431 0.1414 0.51 -0.0954 0.5936 -0.225 -0.7367 -0.2328 0.6382 -0.3437 -0.6319 -0.2743 0.8799 0.1085 0.3242 -0.33
0.7998 -0.1555 -0.5728 -0.0897 0.617 -0.349 -0.7034 -0.0521 0.7015 -0.1219 -0.6121 -0.344 0.669 0.2781 -0.6884 -0.0352 0.6231 -0.4188 -0.6599 0.0303 0.7166 0.2666 -0.6445 -0.0092 0.8431 0.1414 0.51 -0.0954 0.5936 -0.225 -0.7367 -0.2328 0.6382 -0.3437 -0.6319 -0.2743 0.8799 0.1085 0.3242 -0.33
0.7998 -0.1555 -0.5728 -0.0897 0.617 -0.349 -0.7034 -0.0521 0.7015 -0.1219 -0.6121 -0.344 0.6274 0.2822 -0.7216 -0.0777 0.6231 -0.4188 -0.6599 0.0303 0.7166 0.2666 -0.6445 -0.0092 0.8431 0.1414 0.51 -0.0954 0.5936 -0.225 -0.7367 -0.2328 0.6538 -0.3811 -0.6102 -0.2344 0.8799 0.1085 0.3242 -0.33
0.7998 -0.1555 -0.5728 -0.0897 0.617 -0.349 -0.7034 -0.0521 0.7015 -0.1219 -0.6121 -0.344 0.6274 0.2822 -0.7216 -0.0777 0.6231 -0.4188 -0.6599 0.0303 0.7166 0.2666 -0.6445 -0.0092 0.8431 0.1414 0.51 -0.0954 0.5936 -0.225 -0.7367 -0.2328 0.6538 -0.3811 -0.6102 -0.2344 0.8799 0.1085 0.3242 -0.33
0.7998 -0.1555 -0.5728 -0.0897 0.617 -0.349 -0.7034 -0.0521 0.6879 -0.1306 -0.6093 -0.3721 0.6274 0.2822 -0.7216 -0.0777 0.6231 -0.4188 -0.6599 0.0303 0.6603 0.0557 -0.7189 0.2097 0.9664 0.1636 0.1953 -0.0333 0.5978 -0.2744 -0.7295 -0.1876 0.6538 -0.3811 -0.6102 -0.2344 0.8799 0.1085 0.3242 -0.33
0.7998 -0.1555 -0.5728 -0.0897 0.617 -0.349 -0.7034 -0.0521 0.6879 -0.1306 -0.6093 -0.3721 0.6274 0.2822 -0.7216 -0.0777 0.6013 -0.4526 -0.6584 -0.0042 0.6603 0.0557 -0.7189 0.2097 0.9664 0.1636 0.1953 -0.0333 0.5978 -0.2744 -0.7295 -0.1876 0.6538 -0.3811 -0.6102 -0.2344 0.8799 0.1085 0.3242 -0.33
0.7998 -0.1555 -0.5728 -0.0897 0.617 -0.349 -0.7034 -0.0521 0.6879 -0.1306 -0.6093 -0.3721 0.6274 0.2822 -0.7216 -0.0777 0.6013 -0.4526 -0.6584 -0.0042 0.6603 0.0557 -0.7189 0.2097 0.9664 0.1636 0.1953 -0.0333 0.5978 -0.2744 -0.7295 -0.1876 0.6538 -0.3811 -0.6102 -0.2344 0.8799 0.1085 0.3242 -0.33
0.7972 -0.1528 -0.5733 -0.1118 0.617 -0.349 -0.7034 -0.0521 0.6879 -0.1306 -0.6093 -0.3721 0.6274 0.2822 -0.7216 -0.0777 0.6013 -0.4526 -0.6584 -0.0042 0.6603 0.0557 -0.7189 0.2097 0.9664 0.1636 0.1953 -0.0333 0.5978 -0.2744 -0.7295 -0.1876 0.6538 -0.3811 -0.6102 -0.2344 0.8747 0.1223 0.3468 -0.3158
0.7972 -0.1528 -0.5733 -0.1118 0.617 -0.349 -0.7034 -0.0521 0.6879 -0.1306 -0.6093 -0.3721 0.6274 0.2822 -0.7216 -0.0777 0.6013 -0.4526 -0.6584 -0.0042 0.6603 0.0557 -0.7189 0.2097 0.9664 0.1636 0.1953 -0.0333 0.5978 -0.2744 -0.7295 -0.1876 0.6538 -0.3811 -0.6102 -0.2344 0.8747 0.1223 0.3468 -0.3158
0.7972 -0.1528 -0.5733 -0.1118 0.617 -0.349 -0.7034 -0.0521 0.6879 -0.1306 -0.6093 -0.3721 0.6089 0.2715 -0.739 -0.0974 0.6013 -0.4526 -0.6584 -0.0042 0.6603 0.0557 -0.7189 0.2097 0.9664 0.1636 0.1953 -0.0333 0.5978 -0.2744 -0.7295 -0.1876 0.6688 -0.4374 -0.5746 -0.1763 0.8747 0.1223 0.3468 -0.3158
0.7972 -0.1528 -0.5733 -0.1118 0.617 -0.349 -0.7034 -0.0521 0.6879 -0.1306 -0.6093 -0.3721 0.6089 0.2715 -0.739 -0.0974 0.6013 -0.4526 -0.6584 -0.0042 0.6603 0.0557 -0.7189 0.2097 0.9664 0.1636 0.1953 -0.0333 0.5978 -0.2744 -0.7295 -0.1876 0.6688 -0.4374 -0.5746 -0.1763 0.8747 0.1223 0.3468 -0.3158
0.7972 -0.1528 -0.5733 -0.1118 0.6536 -0.313 -0.6793 -0.1161 0.6985 -0.1199 -0.6092 -0.3558 0.6089 0.2715 -0.739 -0.0974 0.6013 -0.4526 -0.6584 -0.0042 0.6443 0.0628 -0.7132 0.2688 0.98 0.1604 0.118 -0.0026 0.5931 -0.3085 -0.7236 -0.1715 0.6688 -0.4374 -0.5746 -0.1763 0.8747 0.1223 0.3468 -0.3158
0.7972 -0.1528 -0.5733 -0.1118 0.6536 -0.313 -0.6793 -0.1161 0.6985 -0.1199 -0.6092 -0.3558 0.6089 0.2715 -0.739 -0.0974 0.6094 -0.43 -0.6653 0.0326 0.6443 0.0628 -0.7132 0.2688 0.98 0.1604 0.118 -0.0026 0.5931 -0.3085 -0.7236 -0.1715 0.6688 -0.4374 -0.5746 -0.1763 0.8747 0.1223 0.3468 -0.3158
0.7885 -0.1717 -0.5782 -0.1201 0.6536 -0.313 -0.6793 -0.1161 0.6985 -0.1199 -0.6092 -0.3558 0.6089 0.2715 -0.739 -0.0974 0.6094 -0.43 -0.6653 0.0326 0.6443 0.0628 -0.7132 0.2688 0.98 0.1604 0.118 -0.0026 0.5931 -0.3085 -0.7236 -0.1715 0.6688 -0.4374 -0.5746 -0.1763 0.8747 0.1223 0.3468 -0.3158
0.7885 -0.1717 -0.5782 -0.1201 0.6536 -0.313 -0.6793 -0.1161 0.6985 -0.1199 -0.6092 -0.3558 0.6089 0.2715 -0.739 -0.0974 0.6094 -0.43 -0.6653 0.0326 0.6443 0.0628 -0.7132 0.2688 0.98 0.1604 0.118 -0.0026 0.5931 -0.3085 -0.7236 -0.1715 0.6688 -0.4374 -0.5746 -0.1763 0.7698 0.1651 0.5345 -0.3074
0.7885 -0.1717 -0.5782 -0.1201 0.6536 -0.313 -0.6793 -0.1161 0.6985 -0.1199 -0.6092 -0.3558 0.6089 0.2715 -0.739 -0.0974 0.6094 -0.43 -0.6653 0.0326 0.6443 0.0628 -0.7132 0.2688 0.98 0.1604 0.118 -0.0026 0.5931 -0.3085 -0.7236 -0.1715 0.6688 -0.4374 -0.5746 -0.1763 0.7698 0.1651 0.5345 -0.3074
0.7885 -0.1717 -0.5782 -0.1201 0.6536 -0.313 -0.6793 -0.1161 0.6985 -0.1199 -0.6092 -0.3558 0.6505 0.2446 -0.7164 -0.0621 0.6094 -0.43 -0.6653 0.0326 0.6443 0.0628 -0.7132 0.2688 0.98 0.1604 0.118 -0.0026 0.5931 -0.3085 -0.7236 -0.1715 0.7225 -0.4611 -0.5126 -0.0521 0.7698 0.1651 0.5345 -0.3074
0.7885 -0.1717 -0.5782 -0.1201 0.6536 -0.313 -0.6793 -0.1161 0.6985 -0.1199 -0.6092 -0.3558 0.6505 0.2446 -0.7164 -0.0621 0.6094 -0.43 -0.6653 0.0326 0.6443 0.0628 -0.7132 0.2688 0.98 0.1604 0.118 -0.0026 0.5931 -0.3085 -0.7236 -0.1715 0.7225 -0.4611 -0.5126 -0.0521 0.7698 0.1651 0.5345 -0.3074
0.7885 -0.1717 -0.5782 -0.1201 0.6616 -0.3044 -0.6685 -0.1507 0.7301 -0.092 -0.6094 -0.2952 0.6505 0.2446 -0.7164 -0.0621 0.6094 -0.43 -0.6653 0.0326 0.6569 0.1582 -0.6973 0.2394 0.9483 0.1454 0.2813 -0.0206 0.6412 -0.2369 -0.7042 -0.1921 0.7225 -0.4611 -0.5126 -0.0521 0.7698 0.1651 0.5345 -0.3074
0.7885 -0.1717 -0.5782 -0.1201 0.6616 -0.3044 -0.6685 -0.1507 0.7301 -0.092 -0.6094 -0.2952 0.6505 0.2446 -0.7164 -0.0621 0.6198 -0.3811 -0.686 -0.0021 0.6569 0.1582 -0.6973 0.2394 0.9483 0.1454 0.2813 -0.0206 0.6412 -0.2369 -0.7042 -0.1921 0.7225 -0.4611 -0.5126 -0.0521 0.7698 0.1651 0.5345 -0.3074
0.7885 -0.1717 -0.5782 -0.1201 0.6616 -0.3044 -0.6685 -0.1507 0.7301 -0.092 -0.6094 -0.2952 0.6505 0.2446 -0.7164 -0.0621 0.6198 -0.3811 -0.686 -0.0021 0.6569 0.1582 -0.6973 0.2394 0.9483 0.1454 0.2813 -0.0206 0.6412 -0.2369 -0.7042 -0.1921 0.7225 -0.4611 -0.5126 -0.0521 0.7698 0.1651 0.5345 -0.3074
0.7861 -0.1464 -0.5964 -0.0699 0.6616 -0.3044 -0.6685 -0.1507 0.7301 -0.092 -0.6094 -0.2952 0.6505 0.2446 -0.7164 -0.0621 0.6198 -0.3811 -0.686 -0.0021 0.6569 0.1582 -0.6973 0.2394 0.9483 0.1454 0.2813 -0.0206 0.6412 -0.2369 -0.7042 -0.1921 0.7225 -0.4611 -0.5126 -0.0521 0.4911 0.2038 0.8223 -0.203
0.7861 -0.1464 -0.5964 -0.0699 0.6616 -0.3044 -0.6685 -0.1507 0.7301 -0.092 -0.6094 -0.2952 0.6505 0.2446 -0.7164 -0.0621 0.6198 -0.3811 -0.686 -0.0021 0.6569 0.1582 -0.6973 0.2394 0.9483 0.1454 0.2813 -0.0206 0.6412 -0.2369 -0.7042 -0.1921 0.7225 -0.4611 -0.5126 -0.0521 0.4911 0.2038 0.8223 -0.203
0.7861 -0.1464 -0.5964 -0.0699 0.6616 -0.3044 -0.6685 -0.1507 0.7301 -0.092 -0.6094 -0.2952 0.688 0.2473 -0.6823 -0.0023 0.6198 -0.3811 -0.686 -0.0021 0.6569 0.1582 -0.6973 0.2394 0.9483 0.1454 0.2813 -0.0206 0.6412 -0.2369 -0.7042 -0.1921 0.7512 -0.4915 -0.4349 0.0717 0.4911 0.2038 0.8223 -0.203
0.7861 -0.1464 -0.5964 -0.0699 0.6616 -0.3044 -0.6685 -0.1507 0.7301 -0.092 -0.6094 -0.2952 0.688 0.2473 -0.6823 -0.0023 0.6198 -0.3811 -0.686 -0.0021 0.6569 0.1582 -0.6973 0.2394 0.9483 0.1454 0.2813 -0.0206 0.6412 -0.2369 -0.7042 -0.1921 0.7512 -0.4915 -0.4349 0.0717 0.4911 0.2038 0.8223 -0.203
0.7861 -0.1464 -0.5964 -0.0699 0.6779 -0.2592 -0.6864 -0.0471 0.7574 -0.0729 -0.6036 -0.2379 0.688 0.2473 -0.6823 -0.0023 0.6198 -0.3811 -0.686 -0.0021 0.6664 0.2055 -0.6974 0.165 0.9357 0.1401 0.3231 -0.0192 0.6129 -0.1179 -0.6976 -0.3519 0.7512 -0.4915 -0.4349 0.0717 0.4911 0.2038 0.8223 -0.203
0.7861 -0.1464 -0.5964 -0.0699 0.6779 -0.2592 -0.6864 -0.0471 0.7574 -0.0729 -0.6036 -0.2379 0.688 0.2473 -0.6823 -0.0023 0.612 -0.3569 -0.6995 -0.0931 0.6664 0.2055 -0.6974 0.165 0.9357 0.1401 0.3231 -0.0192 0.6129 -0.1179 -0.6976 -0.3519 0.7512 -0.4915 -0.4349 0.0717 0.4911 0.2038 0.8223 -0.203
0.7861 -0.1464 -0.5964 -0.0699 0.6779 -0.2592 -0.6864 -0.0471 0.7574 -0.0729 -0.6036 -0.2379 0.688 0.2473 -0.6823 -0.0023 0.612 -0.3569 -0.6995 -0.0931 0.6664 0.2055 -0.6974 0.165 0.9357 0.1401 0.3231 -0.0192 0.6129 -0.1179 -0.6976 -0.3519 0.7512 -0.4915 -0.4349 0.0717 0.4911 0.2038 0.8223 -0.203
0.8041 -0.1281 -0.5803 0.0134 0.6779 -0.2592 -0.6864 -0.0471 0.7574 -0.0729 -0.6036 -0.2379 0.688 0.2473 -0.6823 -0.0023 0.612 -0.3569 -0.6995 -0.0931 0.6664 0.2055 -0.6974 0.165 0.9357 0.1401 0.3231 -0.0192 0.6129 -0.1179 -0.6976 -0.3519 0.7512 -0.4915 -0.4349 0.0717 0.7075 0.1798 0.6536 -0.1999
0.8041 -0.1281 -0.5803 0.0134 0.6779 -0.2592 -0.6864 -0.0471 0.7574 -0.0729 -0.6036 -0.2379 0.688 0.2473 -0.6823 -0.0023 0.612 -0.3569 -0.6995 -0.0931 0.6664 0.2055 -0.6974 0.165 0.9357 0.1401 0.3231 -0.0192 0.6129 -0.1179 -0.6976 -0.3519 0.7512 -0.4915 -0.4349 0.0717 0.7075 0.1798 0.6536 -0.1999
0.8041 -0.1281 -0.5803 0.0134 0.6779 -0.2592 -0.6864 -0.0471 0.7574 -0.0729 -0.6036 -0.2379 0.6981 0.2713 -0.6613 0.041 0.612 -0.3569 -0.6995 -0.0931 0.6664 0.2055 -0.6974 0.165 0.9357 0.1401 0.3231 -0.0192 0.6129 -0.1179 -0.6976 -0.3519 0.7368 -0.3831 -0.5558 -0.0381 0.7075 0.1798 0.6536 -0.1999
0.8041 -0.1281 -0.5803 0.0134 0.6779 -0.2592 -0.6864 -0.0471 0.7574 -0.0729 -0.6036 -0.2379 0.6981 0.2713 -0.6613 0.041 0.612 -0.3569 -0.6995 -0.0931 0.6664 0.2055 -0.6974 0.165 0.9357 0.1401 0.3231 -0.0192 0.6129 -0.1179 -0.6976 -0.3519 0.7368 -0.3831 -0.5558 -0.0381 0.7075 0.1798 0.6536 -0.1999
0.8041 -0.1281 -0.5803 0.0134 0.6481 -0.3224 -0.6899 -0.0074 0.7733 -0.0498 -0.6041 -0.1859 0.6981 0.2713 -0.6613 0.041 0.612 -0.3569 -0.6995 -0.0931 0.6845 0.2134 -0.69 0.0991 0.926 0.1348 0.352 -0.0236 0.5748 -0.0812 -0.6902 -0.432 0.7368 -0.3831 -0.5558 -0.0381 0.7075 0.1798 0.6536 -0.1999
0.8041 -0.1281 -0.5803 0.0134 0.6481 -0.3224 -0.6899 -0.0074 0.7733 -0.0498 -0.6041 -0.1859 0.6981 0.2713 -0.6613 0.041 0.6118 -0.294 -0.7177 -0.1555 0.6845 0.2134 -0.69 0.0991 0.926 0.1348 0.352 -0.0236 0.5748 -0.0812 -0.6902 -0.432 0.7368 -0.3831 -0.5558 -0.0381 0.7075 0.1798 0.6536 -0.1999
0.8041 -0.1281 -0.5803 0.0134 0.6481 -0.3224 -0.6899 -0.0074 0.7733 -0.0498 -0.6041 -0.1859 0.6981 0.2713 -0.6613 0.041 0.6118 -0.294 -0.7177 -0.1555 0.6845 0.2134 -0.69 0.0991 0.926 0.1348 0.352 -0.0236 0.5748 -0.0812 -0.6902 -0.432 0.7368 -0.3831 -0.5558 -0.0381 0.7075 0.1798 0.6536 -0.1999
0.8033 -0.1343 -0.5765 0.0651 0.6481 -0.3224 -0.6899 -0.0074 0.7733 -0.0498 -0.6041 -0.1859 0.6981 0.2713 -0.6613 0.041 0.6118 -0.294 -0.7177 -0.1555 0.6845 0.2134 -0.69 0.0991 0.926 0.1348 0.352 -0.0236 0.5748 -0.0812 -0.6902 -0.432 0.7368 -0.3831 -0.5558 -0.0381 0.8941 0.0772 0.3351 -0.2869
0.8033 -0.1343 -0.5765 0.0651 0.6481 -0.3224 -0.6899 -0.0074 0.7733 -0.0498 -0.6041 -0.1859 0.6981 0.2713 -0.6613 0.041 0.6118 -0.294 -0.7177 -0.1555 0.6845 0.2134 -0.69 0.0991 0.926 0.1348 0.352 -0.0236 0.5748 -0.0812 -0.6902 -0.432 0.7368 -0.3831 -0.5558 -0.0381 0.8941 0.0772 0.3351 -0.2869
0.8033 -0.1343 -0.5765 0.0651 0.6481 -0.3224 -0.6899 -0.0074 0.7733 -0.0498 -0.6041 -0.1859 0.7111 0.2786 -0.6415 0.0718 0.6118 -0.294 -0.7177 -0.1555 0.6845 0.2134 -0.69 0.0991 0.926 0.1348 0.352 -0.0236 0.5748 -0.0812 -0.6902 -0.432 0.6295 -0.2307 -0.6776 -0.3024 0.8941 0.0772 0.3351 -0.2869
0.8033 -0.1343 -0.5765 0.0651 0.6481 -0.3224 -0.6899 -0.0074 0.7733 -0.0498 -0.6041 -0.1859 0.7111 0.2786 -0.6415 0.0718 0.6118 -0.294 -0.7177 -0.1555 0.6845 0.2134 -0.69 0.0991 0.926 0.1348 0.352 -0.0236 0.5748 -0.0812 -0.6902 -0.432 0.6295 -0.2307 -0.6776 -0.3024 0.8941 0.0772 0.3351 -0.2869
0.8033 -0.1343 -0.5765 0.0651 0.6196 -0.3422 -0.7037 0.0616 0.7794 -0.0397 -0.6041 -0.1615 0.7111 0.2786 -0.6415 0.0718 0.6118 -0.294 -0.7177 -0.1555 0.6965 0.2559 -0.6693 0.0378 0.9146 0.1299 0.3801 -0.046 0.5574 -0.0778 -0.7187 -0.4084 0.6295 -0.2307 -0.6776 -0.3024 0.8941 0.0772 0.3351 -0.2869
0.8033 -0.1343 -0.5765 0.0651 0.6196 -0.3422 -0.7037 0.0616 0.7794 -0.0397 -0.6041 -0.1615 0.7111 0.2786 -0.6415 0.0718 0.6057 -0.2457 -0.7239 -0.2207 0.6965 0.2559 -0.6693 0.0378 0.9146 0.1299 0.3801 -0.046 0.5574 -0.0778 -0.7187 -0.4084 0.6295 -0.2307 -0.6776 -0.3024 0.8941 0.0772 0.3351 -0.2869
0.8033 -0.1343 -0.5765 0.0651 0.6196 -0.3422 -0.7037 0.0616 0.7794 -0.0397 -0.6041 -0.1615 0.7111 0.2786 -0.6415 0.0718 0.6057 -0.2457 -0.7239 -0.2207 0.6965 0.2559 -0.6693 0.0378 0.9146 0.1299 0.3801 -0.046 0.5574 -0.0778 -0.7187 -0.4084 0.6295 -0.2307 -0.6776 -0.3024 0.8941 0.0772 0.3351 -0.2869
0.8101 -0.1665 -0.5555 0.0864 0.6196 -0.3422 -0.7037 0.0616 0.7794 -0.0397 -0.6041 -0.1615 0.7111 0.2786 -0.6415 0.0718 0.6057 -0.2457 -0.7239 -0.2207 0.6965 0.2559 -0.6693 0.0378 0.9146 0.1299 0.3801 -0.046 0.5574 -0.0778 -0.7187 -0.4084 0.6295 -0.2307 -0.6776 -0.3024 0.946 0.0011 0.0837 -0.3132
0.8101 -0.1665 -0.5555 0.0864 0.6196 -0.3422 -0.7037 0.0616 0.7794 -0.0397 -0.6041 -0.1615 0.7111 0.2786 -0.6415 0.0718 0.6057 -0.2457 -0.7239 -0.2207 0.6965 0.2559 -0.6693 0.0378 0.9146 0.1299 0.3801 -0.046 0.5574 -0.0778 -0.7187 -0.4084 0.6295 -0.2307 -0.6776 -0.3024 0.946 0.0011 0.0837 -0.3132
0.8101 -0.1665 -0.5555 0.0864 0.6196 -0.3422 -0.7037 0.0616 0.7794 -0.0397 -0.6041 -0.1615 0.7175 0.2679 -0.6391 0.0696 0.6057 -0.2457 -0.7239 -0.2207 0.6965 0.2559 -0.6693 0.0378 0.9146 0.1299 0.3801 -0.046 0.5574 -0.0778 -0.7187 -0.4084 0.5698 -0.1562 -0.706 -0.3905 0.946 0.0011 0.0837 -0.3132
0.8101 -0.1665 -0.5555 0.0864 0.6196 -0.3422 -0.7037 0.0616 0.7794 -0.0397 -0.6041 -0.1615 0.7175 0.2679 -0.6391 0.0696 0.6057 -0.2457 -0.7239 -0.2207 0.6965 0.2559 -0.6693 0.0378 0.9146 0.1299 0.3801 -0.046 0.5574 -0.0778 -0.7187 -0.4084 0.5698 -0.1562 -0.706 -0.3905 0.946 0.0011 0.0837 -0.3132
0.8101 -0.1665 -0.5555 0.0864 0.6129 -0.3534 -0.7049 0.0511 0.7717 -0.0303 -0.6133 -0.1657 0.7175 0.2679 -0.6391 0.0696 0.6057 -0.2457 -0.7239 -0.2207 0.7045 0.3391 -0.6223 -0.0374 0.8418 0.1596 0.5131 -0.0505 0.5419 -0.1003 -0.7172 -0.4265 0.5698 -0.1562 -0.706 -0.3905 0.946 0.0011 0.0837 -0.3132
0.8101 -0.1665 -0.5555 0.0864 0.6129 -0.3534 -0.7049 0.0511 0.7717 -0.0303 -0.6133 -0.1657 0.7175 0.2679 -0.6391 0.0696 0.6163 -0.229 -0.7179 -0.2289 0.7045 0.3391 -0.6223 -0.0374 0.8418 0.1596 0.5131 -0.0505 0.5419 -0.1003 -0.7172 -0.4265 0.5698 -0.1562 -0.706 -0.3905 0.946 0.0011 0.0837 -0.3132
0.8101 -0.1665 -0.5555 0.0864 0.6129 -0.3534 -0.7049 0.0511 0.7717 -0.0303 -0.6133 -0.1657 0.7175 0.2679 -0.6391 0.0696 0.6163 -0.229 -0.7179 -0.2289 0.7045 0.3391 -0.6223 -0.0374 0.8418 0.1596 0.5131 -0.0505 0.5419 -0.1003 -0.7172 -0.4265 0.5698 -0.1562 -0.706 -0.3905 0.946 0.0011 0.0837 -0.3132
0.8061 -0.175 -0.5634 0.0475 0.6129 -0.3534 -0.7049 0.0511 0.7717 -0.0303 -0.6133 -0.1657 0.7175 0.2679 -0.6391 0.0696 0.6163 -0.229 -0.7179 -0.2289 0.7045 0.3391 -0.6223 -0.0374 0.8418 0.1596 0.5131 -0.0505 0.5419 -0.1003 -0.7172 -0.4265 0.5698 -0.1562 -0.706 -0.3905 0.9002 0.0939 0.2907 -0.3104
0.8061 -0.175 -0.5634 0.0475 0.6129 -0.3534 -0.7049 0.0511 0.7717 -0.0303 -0.6133 -0.1657 0.7084 0.2748 -0.6464 0.0698 0.6163 -0.229 -0.7179 -0.2289 0.7045 0.3391 -0.6223 -0.0374 0.8418 0.1596 0.5131 -0.0505 0.5419 -0.1003 -0.7172 -0.4265 0.5698 -0.1562 -0.706 -0.3905 0.9002 0.0939 0.2907 -0.3104
0.8061 -0.175 -0.5634 0.0475 0.6129 -0.3534 -0.7049 0.0511 0.7717 -0.0303 -0.6133 -0.1657 0.7084 0.2748 -0.6464 0.0698 0.6163 -0.229 -0.7179 -0.2289 0.7045 0.3391 -0.6223 -0.0374 0.8418 0.1596 0.5131 -0.0505 0.5419 -0.1003 -0.7172 -0.4265 0.5977 -0.293 -0.6622 -0.3443 0.9002 0.0939 0.2907 -0.3104
0.8061 -0.175 -0.5634 0.0475 0.6129 -0.3534 -0.7049 0.0511 0.7717 -0.0303 -0.6133 -0.1657 0.7084 0.2748 -0.6464 0.0698 0.6163 -0.229 -0.7179 -0.2289 0.7045 0.3391 -0.6223 -0.0374 0.8418 0.1596 0.5131 -0.0505 0.5419 -0.1003 -0.7172 -0.4265 0.5977 -0.293 -0.6622 -0.3443 0.9002 0.0939 0.2907 -0.3104
0.8061 -0.175 -0.5634 0.0475 0.6231 -0.3493 -0.6996 -0.0142 0.7469 -0.0521 -0.6293 -0.2084 0.7084 0.2748 -0.6464 0.0698 0.6163 -0.229 -0.7179 -0.2289 0.7498 0.3481 -0.5211 -0.2121 0.4734 0.1511 0.8594 -0.1202 0.546 -0.1118 -0.7389 -0.3787 0.5977 -0.293 -0.6622 -0.3443 0.9002 0.0939 0.2907 -0.3104
0.8061 -0.175 -0.5634 0.0475 0.6231 -0.3493 -0.6996 -0.0142 0.7469 -0.0521 -0.6293 -0.2084 0.7084 0.2748 -0.6464 0.0698 0.6237 -0.3619 -0.6783 -0.1411 0.7498 0.3481 -0.5211 -0.2121 0.4734 0.1511 0.8594 -0.1202 0.546 -0.1118 -0.7389 -0.3787 0.5977 -0.293 -0.6622 -0.3443 0.9002 0.0939 0.2907 -0.3104
0.798 -0.1925 -0.5702 -0.0309 0.6231 -0.3493 -0.6996 -0.0142 0.7469 -0.0521 -0.6293 -0.2084 0.7084 0.2748 -0.6464 0.0698 0.6237 -0.3619 -0.6783 -0.1411 0.7498 0.3481 -0.5211 -0.2121 0.4734 0.1511 0.8594 -0.1202 0.546 -0.1118 -0.7389 -0.3787 0.5977 -0.293 -0.6622 -0.3443 0.9002 0.0939 0.2907 -0.3104
0.798 -0.1925 -0.5702 -0.0309 0.6231 -0.3493 -0.6996 -0.0142 0.7469 -0.0521 -0.6293 -0.2084 0.7084 0.2748 -0.6464 0.0698 0.6237 -0.3619 -0.6783 -0.1411 0.7498 0.3481 -0.5211 -0.2121 0.4734 0.1511 0.8594 -0.1202 0.546 -0.1118 -0.7389 -0.3787 0.5977 -0.293 -0.6622 -0.3443 0.8868 0.0973 0.3256 -0.3133
0.798 -0.1925 -0.5702 -0.0309 0.6231 -0.3493 -0.6996 -0.0142 0.7469 -0.0521 -0.6293 -0.2084 0.6901 0.2684 -0.6721 -0.0081 0.6237 -0.3619 -0.6783 -0.1411 0.7498 0.3481 -0.5211 -0.2121 0.4734 0.1511 0.8594 -0.1202 0.546 -0.1118 -0.7389 -0.3787 0.6313 -0.3315 -0.6459 -0.2725 0.8868 0.0973 0.3256 -0.3133
0.798 -0.1925 -0.5702 -0.0309 0.6231 -0.3493 -0.6996 -0.0142 0.7469 -0.0521 -0.6293 -0.2084 0.6901 0.2684 -0.6721 -0.0081 0.6237 -0.3619 -0.6783 -0.1411 0.7498 0.3481 -0.5211 -0.2121 0.4734 0.1511 0.8594 -0.1202 0.546 -0.1118 -0.7389 -0.3787 0.6313 -0.3315 -0.6459 -0.2725 0.8868 0.0973 0.3256 -0.3133
0.798 -0.1925 -0.5702 -0.0309 0.6231 -0.3493 -0.6996 -0.0142 0.7249 -0.0786 -0.6226 -0.2841 0.6901 0.2684 -0.6721 -0.0081 0.6237 -0.3619 -0.6783 -0.1411 0.7366 0.3315 -0.5764 -0.124 0.7465 0.1273 0.6387 -0.1367 0.5898 -0.1558 -0.7523 -0.2488 0.6313 -0.3315 -0.6459 -0.2725 0.8868 0.0973 0.3256 -0.3133
0.798 -0.1925 -0.5702 -0.0309 0.6231 -0.3493 -0.6996 -0.0142 0.7249 -0.0786 -0.6226 -0.2841 0.6901 0.2684 -0.6721 -0.0081 0.6237 -0.3619 -0.6783 -0.1411 0.7366 0.3315 -0.5764 -0.124 0.7465 0.1273 0.6387 -0.1367 0.5898 -0.1558 -0.7523 -0.2488 0.6313 -0.3315 -0.6459 -0.2725 0.8868 0.0973 0.3256 -0.3133
0.798 -0.1925 -0.5702 -0.0309 0.6313 -0.343 -0.6919 -0.0706 0.7249 -0.0786 -0.6226 -0.2841 0.6901 0.2684 -0.6721 -0.0081 0.6351 -0.3903 -0.6657 0.0348 0.7366 0.3315 -0.5764 -0.124 0.7465 0.1273 0.6387 -0.1367 0.5898 -0.1558 -0.7523 -0.2488 0.6313 -0.3315 -0.6459 -0.2725 0.8868 0.0973 0.3256 -0.3133
0.798 -0.1925 -0.5702 -0.0309 0.6313 -0.343 -0.6919 -0.0706 0.7249 -0.0786 -0.6226 -0.2841 0.6901 0.2684 -0.6721 -0.0081 0.6351 -0.3903 -0.6657 0.0348 0.7366 0.3315 -0.5764 -0.124 0.7465 0.1273 0.6387 -0.1367 0.5898 -0.1558 -0.7523 -0.2488 0.6313 -0.3315 -0.6459 -0.2725 0.8868 0.0973 0.3256 -0.3133
0.7905 -0.1982 -0.5684 -0.1127 0.6313 -0.343 -0.6919 -0.0706 0.7249 -0.0786 -0.6226 -0.2841 0.6901 0.2684 -0.6721 -0.0081 0.6351 -0.3903 -0.6657 0.0348 0.7366 0.3315 -0.5764 -0.124 0.7465 0.1273 0.6387 -0.1367 0.5898 -0.1558 -0.7523 -0.2488 0.6313 -0.3315 -0.6459 -0.2725 0.8848 0.1072 0.3374 -0.303
0.7905 -0.1982 -0.5684 -0.1127 0.6313 -0.343 -0.6919 -0.0706 0.7249 -0.0786 -0.6226 -0.2841 0.6901 0.2684 -0.6721 -0.0081 0.6351 -0.3903 -0.6657 0.0348 0.7366 0.3315 -0.5764 -0.124 0.7465 0.1273 0.6387 -0.1367 0.5898 -0.1558 -0.7523 -0.2488 0.6313 -0.3315 -0.6459 -0.2725 0.8848 0.1072 0.3374 -0.303
0.7905 -0.1982 -0.5684 -0.1127 0.6313 -0.343 -0.6919 -0.0706 0.7032 -0.093 -0.6136 -0.3469 0.6412 0.2953 -0.705 -0.0688 0.6351 -0.3903 -0.6657 0.0348 0.7366 0.3315 -0.5764 -0.124 0.7465 0.1273 0.6387 -0.1367 0.5898 -0.1558 -0.7523 -0.2488 0.6479 -0.3751 -0.6214 -0.2311 0.8848 0.1072 0.3374 -0.303
0.7905 -0.1982 -0.5684 -0.1127 0.6313 -0.343 -0.6919 -0.0706 0.7032 -0.093 -0.6136 -0.3469 0.6412 0.2953 -0.705 -0.0688 0.6351 -0.3903 -0.6657 0.0348 0.6849 0.1542 -0.6951 0.1552 0.9476 0.1485 0.2805 -0.0376 0.5869 -0.252 -0.7338 -0.2316 0.6479 -0.3751 -0.6214 -0.2311 0.8848 0.1072 0.3374 -0.303
0.7905 -0.1982 -0.5684 -0.1127 0.6536 -0.3344 -0.6678 -0.1223 0.7032 -0.093 -0.6136 -0.3469 0.6412 0.2953 -0.705 -0.0688 0.6098 -0.4382 -0.6603 0.0075 0.6849 0.1542 -0.6951 0.1552 0.9476 0.1485 0.2805 -0.0376 0.5869 -0.252 -0.7338 -0.2316 0.6479 -0.3751 -0.6214 -0.2311 0.8848 0.1072 0.3374 -0.303
0.7905 -0.1982 -0.5684 -0.1127 0.6536 -0.3344 -0.6678 -0.1223 0.7032 -0.093 -0.6136 -0.3469 0.6412 0.2953 -0.705 -0.0688 0.6098 -0.4382 -0.6603 0.0075 0.6849 0.1542 -0.6951 0.1552 0.9476 0.1485 0.2805 -0.0376 0.5869 -0.252 -0.7338 -0.2316 0.6479 -0.3751 -0.6214 -0.2311 0.8848 0.1072 0.3374 -0.303
0.7905 -0.1982 -0.5684 -0.1127 0.6536 -0.3344 -0.6678 -0.1223 0.7032 -0.093 -0.6136 -0.3469 0.6412 0.2953 -0.705 -0.0688 0.6098 -0.4382 -0.6603 0.0075 0.6849 0.1542 -0.6951 0.1552 0.9476 0.1485 0.2805 -0.0376 0.5869 -0.252 -0.7338 -0.2316 0.6479 -0.3751 -0.6214 -0.2311 0.8848 0.1072 0.3374 -0.303
0.7892 -0.2027 -0.5577 -0.1583 0.6536 -0.3344 -0.6678 -0.1223 0.7032 -0.093 -0.6136 -0.3469 0.6412 0.2953 -0.705 -0.0688 0.6098 -0.4382 -0.6603 0.0075 0.6849 0.1542 -0.6951 0.1552 0.9476 0.1485 0.2805 -0.0376 0.5869 -0.252 -0.7338 -0.2316 0.6479 -0.3751 -0.6214 -0.2311 0.8788 0.1237 0.3612 -0.2861
0.7892 -0.2027 -0.5577 -0.1583 0.6536 -0.3344 -0.6678 -0.1223 0.7032 -0.093 -0.6136 -0.3469 0.5894 0.3207 -0.7321 -0.1178 0.6098 -0.4382 -0.6603 0.0075 0.6849 0.1542 -0.6951 0.1552 0.9476 0.1485 0.2805 -0.0376 0.5869 -0.252 -0.7338 -0.2316 0.6793 -0.4137 -0.5857 -0.1561 0.8788 0.1237 0.3612 -0.2861
0.7892 -0.2027 -0.5577 -0.1583 0.6536 -0.3344 -0.6678 -0.1223 0.7032 -0.093 -0.6136 -0.3469 0.5894 0.3207 -0.7321 -0.1178 0.6098 -0.4382 -0.6603 0.0075 0.6849 0.1542 -0.6951 0.1552 0.9476 0.1485 0.2805 -0.0376 0.5869 -0.252 -0.7338 -0.2316 0.6793 -0.4137 -0.5857 -0.1561 0.8788 0.1237 0.3612 -0.2861
0.7892 -0.2027 -0.5577 -0.1583 0.6536 -0.3344 -0.6678 -0.1223 0.7032 -0.093 -0.6136 -0.3469 0.5894 0.3207 -0.7321 -0.1178 0.6098 -0.4382 -0.6603 0.0075 0.6849 0.1542 -0.6951 0.1552 0.9476 0.1485 0.2805 -0.0376 0.5869 -0.252 -0.7338 -0.2316 0.6793 -0.4137 -0.5857 -0.1561 0.8788 0.1237 0.3612 -0.2861
0.7892 -0.2027 -0.5577 -0.1583 0.6667 -0.3234 -0.6534 -0.1547 0.6947 -0.0732 -0.6168 -0.3628 0.5894 0.3207 -0.7321 -0.1178 0.6098 -0.4382 -0.6603 0.0075 0.6285 0.0046 -0.7249 0.282 0.9829 0.1666 0.0766 -0.0183 0.5995 -0.2934 -0.7234 -0.1769 0.6793 -0.4137 -0.5857 -0.1561 0.8788 0.1237 0.3612 -0.2861
0.7892 -0.2027 -0.5577 -0.1583 0.6667 -0.3234 -0.6534 -0.1547 0.6947 -0.0732 -0.6168 -0.3628 0.5894 0.3207 -0.7321 -0.1178 0.605 -0.4547 -0.6534 0.0147 0.6285 0.0046 -0.7249 0.282 0.9829 0.1666 0.0766 -0.0183 0.5995 -0.2934 -0.7234 -0.1769 0.6793 -0.4137 -0.5857 -0.1561 0.8788 0.1237 0.3612 -0.2861
0.7892 -0.2027 -0.5577 -0.1583 0.6667 -0.3234 -0.6534 -0.1547 0.6947 -0.0732 -0.6168 -0.3628 0.5894 0.3207 -0.7321 -0.1178 0.605 -0.4547 -0.6534 0.0147 0.6285 0.0046 -0.7249 0.282 0.9829 0.1666 0.0766 -0.0183 0.5995 -0.2934 -0.7234 -0.1769 0.6793 -0.4137 -0.5857 -0.1561 0.8788 0.1237 0.3612 -0.2861
0.7892 -0.2027 -0.5577 -0.1583 0.6667 -0.3234 -0.6534 -0.1547 0.6947 -0.0732 -0.6168 -0.3628 0.5894 0.3207 -0.7321 -0.1178 0.605 -0.4547 -0.6534 0.0147 0.6285 0.0046 -0.7249 0.282 0.9829 0.1666 0.0766 -0.0183 0.5995 -0.2934 -0.7234 -0.1769 0.6793 -0.4137 -0.5857 -0.1561 0.8788 0.1237 0.3612 -0.2861
0.7892 -0.2027 -0.5577 -0.1583 0.6667 -0.3234 -0.6534 -0.1547 0.6947 -0.0732 -0.6168 -0.3628 0.5976 0.3086 -0.7324 -0.1059 0.605 -0.4547 -0.6534 0.0147 0.6285 0.0046 -0.7249 0.282 0.9829 0.1666 0.0766 -0.0183 0.5995 -0.2934 -0.7234 -0.1769 0.6793 -0.4137 -0.5857 -0.1561 0.8788 0.1237 0.3612 -0.2861
0.7892 -0.2027 -0.5577 -0.1583 0.6667 -0.3234 -0.6534 -0.1547 0.6947 -0.0732 -0.6168 -0.3628 0.5976 0.3086 -0.7324 -0.1059 0.605 -0.4547 -0.6534 0.0147 0.6285 0.0046 -0.7249 0.282 0.9829 0.1666 0.0766 -0.0183 0.5995 -0.2934 -0.7234 -0.1769 0.6793 -0.4137 -0.5857 -0.1561 0.8788 0.1237 0.3612 -0.2861
0.7892 -0.2027 -0.5577 -0.1583 0.6667 -0.3234 -0.6534 -0.1547 0.7181 -0.0644 -0.6118 -0.3255 0.5976 0.3086 -0.7324 -0.1059 0.605 -0.4547 -0.6534 0.0147 0.6532 0.1343 -0.7027 0.248 0.9457 0.1548 0.282 -0.0455 0.6397 -0.2155 -0.7097 -0.2018 0.7172 -0.4702 -0.5134 -0.0317 0.8788 0.1237 0.3612 -0.2861
0.7892 -0.2027 -0.5577 -0.1583 0.6608 -0.3221 -0.6619 -0.1467 0.7181 -0.0644 -0.6118 -0.3255 0.5976 0.3086 -0.7324 -0.1059 0.6235 -0.3917 -0.6759 0.0325 0.6532 0.1343 -0.7027 0.248 0.9457 0.1548 0.282 -0.0455 0.6397 -0.2155 -0.7097 -0.2018 0.7172 -0.4702 -0.5134 -0.0317 0.8788 0.1237 0.3612 -0.2861
0.7892 -0.2027 -0.5577 -0.1583 0.6608 -0.3221 -0.6619 -0.1467 0.7181 -0.0644 -0.6118 -0.3255 0.5976 0.3086 -0.7324 -0.1059 0.6235 -0.3917 -0.6759 0.0325 0.6532 0.1343 -0.7027 0.248 0.9457 0.1548 0.282 -0.0455 0.6397 -0.2155 -0.7097 -0.2018 0.7172 -0.4702 -0.5134 -0.0317 0.8788 0.1237 0.3612 -0.2861
0.7892 -0.2027 -0.5577 -0.1583 0.6608 -0.3221 -0.6619 -0.1467 0.7181 -0.0644 -0.6118 -0.3255 0.5976 0.3086 -0.7324 -0.1059 0.6235 -0.3917 -0.6759 0.0325 0.6532 0.1343 -0.7027 0.248 0.9457 0.1548 0.282 -0.0455 0.6397 -0.2155 -0.7097 -0.2018 0.7172 -0.4702 -0.5134 -0.0317 0.8788 0.1237 0.3612 -0.2861
0.7885 -0.1725 -0.5859 -0.0721 0.6608 -0.3221 -0.6619 -0.1467 0.7181 -0.0644 -0.6118 -0.3255 0.5976 0.3086 -0.7324 -0.1059 0.6235 -0.3917 -0.6759 0.0325 0.6532 0.1343 -0.7027 0.248 0.9457 0.1548 0.282 -0.0455 0.6397 -0.2155 -0.7097 -0.2018 0.7172 -0.4702 -0.5134 -0.0317 0.4843 0.2163 0.8374 -0.1317
0.7885 -0.1725 -0.5859 -0.0721 0.6608 -0.3221 -0.6619 -0.1467 0.7181 -0.0644 -0.6118 -0.3255 0.6454 0.2868 -0.7068 -0.0392 0.6235 -0.3917 -0.6759 0.0325 0.6532 0.1343 -0.7027 0.248 0.9457 0.1548 0.282 -0.0455 0.6397 -0.2155 -0.7097 -0.2018 0.7659 -0.4612 -0.4332 0.114 0.4843 0.2163 0.8374 -0.1317
0.7885 -0.1725 -0.5859 -0.0721 0.6608 -0.3221 -0.6619 -0.1467 0.7181 -0.0644 -0.6118 -0.3255 0.6454 0.2868 -0.7068 -0.0392 0.6235 -0.3917 -0.6759 0.0325 0.6532 0.1343 -0.7027 0.248 0.9457 0.1548 0.282 -0.0455 0.6397 -0.2155 -0.7097 -0.2018 0.7659 -0.4612 -0.4332 0.114 0.4843 0.2163 0.8374 -0.1317
0.7885 -0.1725 -0.5859 -0.0721 0.6608 -0.3221 -0.6619 -0.1467 0.7181 -0.0644 -0.6118 -0.3255 0.6454 0.2868 -0.7068 -0.0392 0.6235 -0.3917 -0.6759 0.0325 0.6532 0.1343 -0.7027 0.248 0.9457 0.1548 0.282 -0.0455 0.6397 -0.2155 -0.7097 -0.2018 0.7659 -0.4612 -0.4332 0.114 0.4843 0.2163 0.8374 -0.1317
0.7885 -0.1725 -0.5859 -0.0721 0.6594 -0.3082 -0.6846 -0.0387 0.7305 -0.0674 -0.6189 -0.2808 0.6454 0.2868 -0.7068 -0.0392 0.6235 -0.3917 -0.6759 0.0325 0.6663 0.2021 -0.6974 0.1696 0.9323 0.1395 0.3298 -0.0508 0.6066 -0.0807 -0.7039 -0.3606 0.7659 -0.4612 -0.4332 0.114 0.4843 0.2163 0.8374 -0.1317
0.7885 -0.1725 -0.5859 -0.0721 0.6594 -0.3082 -0.6846 -0.0387 0.7305 -0.0674 -0.6189 -0.2808 0.6454 0.2868 -0.7068 -0.0392 0.6146 -0.3632 -0.6957 -0.0793 0.6663 0.2021 -0.6974 0.1696 0.9323 0.1395 0.3298 -0.0508 0.6066 -0.0807 -0.7039 -0.3606 0.7659 -0.4612 -0.4332 0.114 0.4843 0.2163 0.8374 -0.1317
0.7885 -0.1725 -0.5859 -0.0721 0.6594 -0.3082 -0.6846 -0.0387 0.7305 -0.0674 -0.6189 -0.2808 0.6454 0.2868 -0.7068 -0.0392 0.6146 -0.3632 -0.6957 -0.0793 0.6663 0.2021 -0.6974 0.1696 0.9323 0.1395 0.3298 -0.0508 0.6066 -0.0807 -0.7039 -0.3606 0.7659 -0.4612 -0.4332 0.114 0.4843 0.2163 0.8374 -0.1317
0.7885 -0.1725 -0.5859 -0.0721 0.6594 -0.3082 -0.6846 -0.0387 0.7305 -0.0674 -0.6189 -0.2808 0.6454 0.2868 -0.7068 -0.0392 0.6146 -0.3632 -0.6957 -0.0793 0.6663 0.2021 -0.6974 0.1696 0.9323 0.1395 0.3298 -0.0508 0.6066 -0.0807 -0.7039 -0.3606 0.7659 -0.4612 -0.4332 0.114 0.4843 0.2163 0.8374 -0.1317
0.8 -0.1575 -0.5786 0.0168 0.6594 -0.3082 -0.6846 -0.0387 0.7305 -0.0674 -0.6189 -0.2808 0.6818 0.2775 -0.6764 0.0266 0.6146 -0.3632 -0.6957 -0.0793 0.6663 0.2021 -0.6974 0.1696 0.9323 0.1395 0.3298 -0.0508 0.6066 -0.0807 -0.7039 -0.3606 0.7247 -0.3716 -0.5779 -0.0525 0.7049 0.1688 0.6654 -0.1784
0.8 -0.1575 -0.5786 0.0168 0.6594 -0.3082 -0.6846 -0.0387 0.7305 -0.0674 -0.6189 -0.2808 0.6818 0.2775 -0.6764 0.0266 0.6146 -0.3632 -0.6957 -0.0793 0.6663 0.2021 -0.6974 0.1696 0.9323 0.1395 0.3298 -0.0508 0.6066 -0.0807 -0.7039 -0.3606 0.7247 -0.3716 -0.5779 -0.0525 0.7049 0.1688 0.6654 -0.1784
0.8 -0.1575 -0.5786 0.0168 0.6594 -0.3082 -0.6846 -0.0387 0.7555 -0.0571 -0.619 -0.2068 0.6818 0.2775 -0.6764 0.0266 0.6146 -0.3632 -0.6957 -0.0793 0.6824 0.2244 -0.6866 0.1124 0.9272 0.134 0.3444 -0.0602 0.5566 -0.0585 -0.6974 -0.4476 0.7247 -0.3716 -0.5779 -0.0525 0.7049 0.1688 0.6654 -0.1784
0.8 -0.1575 -0.5786 0.0168 0.6594 -0.3082 -0.6846 -0.0387 0.7555 -0.0571 -0.619 -0.2068 0.6818 0.2775 -0.6764 0.0266 0.6146 -0.3632 -0.6957 -0.0793 0.6824 0.2244 -0.6866 0.1124 0.9272 0.134 0.3444 -0.0602 0.5566 -0.0585 -0.6974 -0.4476 0.7247 -0.3716 -0.5779 -0.0525 0.7049 0.1688 0.6654 -0.1784
0.8 -0.1575 -0.5786 0.0168 0.6149 -0.3479 -0.7067 0.0377 0.7555 -0.0571 -0.619 -0.2068 0.6818 0.2775 -0.6764 0.0266 0.6172 -0.2727 -0.7256 -0.1351 0.6824 0.2244 -0.6866 0.1124 0.9272 0.134 0.3444 -0.0602 0.5566 -0.0585 -0.6974 -0.4476 0.7247 -0.3716 -0.5779 -0.0525 0.7049 0.1688 0.6654 -0.1784
0.8 -0.1575 -0.5786 0.0168 0.6149 -0.3479 -0.7067 0.0377 0.7555 -0.0571 -0.619 -0.2068 0.6818 0.2775 -0.6764 0.0266 0.6172 -0.2727 -0.7256 -0.1351 0.6824 0.2244 -0.6866 0.1124 0.9272 0.134 0.3444 -0.0602 0.5566 -0.0585 -0.6974 -0.4476 0.7247 -0.3716 -0.5779 -0.0525 0.7049 0.1688 0.6654 -0.1784
0.8 -0.1575 -0.5786 0.0168 0.6149 -0.3479 -0.7067 0.0377 0.7555 -0.0571 -0.619 -0.2068 0.6818 0.2775 -0.6764 0.0266 0.6172 -0.2727 -0.7256 -0.1351 0.6824 0.2244 -0.6866 0.1124 0.9272 0.134 0.3444 -0.0602 0.5566 -0.0585 -0.6974 -0.4476 0.7247 -0.3716 -0.5779 -0.0525 0.7049 0.1688 0.6654 -0.1784
0.8 -0.1575 -0.5786 0.0168 0.6149 -0.3479 -0.7067 0.0377 0.7555 -0.0571 -0.619 -0.2068 0.7137 0.2679 -0.6439 0.0655 0.6172 -0.2727 -0.7256 -0.1351 0.6824 0.2244 -0.6866 0.1124 0.9272 0.134 0.3444 -0.0602 0.5566 -0.0585 -0.6974 -0.4476 0.7247 -0.3716 -0.5779 -0.0525 0.7049 0.1688 0.6654 -0.1784
0.8 -0.1575 -0.5786 0.0168 0.6149 -0.3479 -0.7067 0.0377 0.7664 -0.0443 -0.6167 -0.1744 0.7137 0.2679 -0.6439 0.0655 0.6172 -0.2727 -0.7256 -0.1351 0.6824 0.2244 -0.6866 0.1124 0.9272 0.134 0.3444 -0.0602 0.5566 -0.0585 -0.6974 -0.4476 0.6172 -0.201 -0.6879 -0.3247 0.7049 0.1688 0.6654 -0.1784
0.8 -0.1575 -0.5786 0.0168 0.6149 -0.3479 -0.7067 0.0377 0.7664 -0.0443 -0.6167 -0.1744 0.7137 0.2679 -0.6439 0.0655 0.6172 -0.2727 -0.7256 -0.1351 0.6824 0.2244 -0.6866 0.1124 0.9272 0.134 0.3444 -0.0602 0.5566 -0.0585 -0.6974 -0.4476 0.6172 -0.201 -0.6879 -0.3247 0.7049 0.1688 0.6654 -0.1784
0.8 -0.1575 -0.5786 0.0168 0.5874 -0.3599 -0.7167 0.1087 0.7664 -0.0443 -0.6167 -0.1744 0.7137 0.2679 -0.6439 0.0655 0.6079 -0.2454 -0.7245 -0.213 0.6942 0.2709 -0.6652 0.0469 0.918 0.1257 0.3651 -0.0905 0.5512 -0.0825 -0.7066 -0.436 0.6172 -0.201 -0.6879 -0.3247 0.7049 0.1688 0.6654 -0.1784
0.8 -0.1575 -0.5786 0.0168 0.5874 -0.3599 -0.7167 0.1087 0.7664 -0.0443 -0.6167 -0.1744 0.7137 0.2679 -0.6439 0.0655 0.6079 -0.2454 -0.7245 -0.213 0.6942 0.2709 -0.6652 0.0469 0.918 0.1257 0.3651 -0.0905 0.5512 -0.0825 -0.7066 -0.436 0.6172 -0.201 -0.6879 -0.3247 0.7049 0.1688 0.6654 -0.1784
0.8 -0.1575 -0.5786 0.0168 0.5874 -0.3599 -0.7167 0.1087 0.7664 -0.0443 -0.6167 -0.1744 0.7137 0.2679 -0.6439 0.0655 0.6079 -0.2454 -0.7245 -0.213 0.6942 0.2709 -0.6652 0.0469 0.918 0.1257 0.3651 -0.0905 0.5512 -0.0825 -0.7066 -0.436 0.6172 -0.201 -0.6879 -0.3247 0.7049 0.1688 0.6654 -0.1784
0.8096 -0.1874 -0.551 0.0756 0.5874 -0.3599 -0.7167 0.1087 0.7664 -0.0443 -0.6167 -0.1744 0.7137 0.2679 -0.6439 0.0655 0.6079 -0.2454 -0.7245 -0.213 0.6942 0.2709 -0.6652 0.0469 0.918 0.1257 0.3651 -0.0905 0.5512 -0.0825 -0.7066 -0.436 0.6172 -0.201 -0.6879 -0.3247 0.9449 0.0112 0.0724 -0.3192
0.8096 -0.1874 -0.551 0.0756 0.5874 -0.3599 -0.7167 0.1087 0.7664 -0.0443 -0.6167 -0.1744 0.7137 0.2679 -0.6439 0.0655 0.6079 -0.2454 -0.7245 -0.213 0.6942 0.2709 -0.6652 0.0469 0.918 0.1257 0.3651 -0.0905 0.5512 -0.0825 -0.7066 -0.436 0.6172 -0.201 -0.6879 -0.3247 0.9449 0.0112 0.0724 -0.3192
0.8096 -0.1874 -0.551 0.0756 0.5874 -0.3599 -0.7167 0.1087 0.761 -0.0415 -0.6232 -0.1757 0.7296 0.2697 -0.6207 0.0982 0.6079 -0.2454 -0.7245 -0.213 0.6942 0.2709 -0.6652 0.0469 0.918 0.1257 0.3651 -0.0905 0.5512 -0.0825 -0.7066 -0.436 0.5782 -0.1761 -0.6915 -0.3955 0.9449 0.0112 0.0724 -0.3192
0.8096 -0.1874 -0.551 0.0756 0.5874 -0.3599 -0.7167 0.1087 0.761 -0.0415 -0.6232 -0.1757 0.7296 0.2697 -0.6207 0.0982 0.6079 -0.2454 -0.7245 -0.213 0.6942 0.2709 -0.6652 0.0469 0.918 0.1257 0.3651 -0.0905 0.5512 -0.0825 -0.7066 -0.436 0.5782 -0.1761 -0.6915 -0.3955 0.9449 0.0112 0.0724 -0.3192
0.8096 -0.1874 -0.551 0.0756 0.591 -0.3663 -0.7148 0.0746 0.761 -0.0415 -0.6232 -0.1757 0.7296 0.2697 -0.6207 0.0982 0.618 -0.2407 -0.7164 -0.217 0.7095 0.3602 -0.6028 -0.0599 0.8181 0.1291 0.5505 -0.1054 0.5432 -0.0864 -0.7309 -0.4041 0.5782 -0.1761 -0.6915 -0.3955 0.9449 0.0112 0.0724 -0.3192
0.8096 -0.1874 -0.551 0.0756 0.591 -0.3663 -0.7148 0.0746 0.761 -0.0415 -0.6232 -0.1757 0.7296 0.2697 -0.6207 0.0982 0.618 -0.2407 -0.7164 -0.217 0.7095 0.3602 -0.6028 -0.0599 0.8181 0.1291 0.5505 -0.1054 0.5432 -0.0864 -0.7309 -0.4041 0.5782 -0.1761 -0.6915 -0.3955 0.9449 0.0112 0.0724 -0.3192
0.8096 -0.1874 -0.551 0.0756 0.591 -0.3663 -0.7148 0.0746 0.761 -0.0415 -0.6232 -0.1757 0.7296 0.2697 -0.6207 0.0982 0.618 -0.2407 -0.7164 -0.217 0.7095 0.3602 -0.6028 -0.0599 0.8181 0.1291 0.5505 -0.1054 0.5432 -0.0864 -0.7309 -0.4041 0.5782 -0.1761 -0.6915 -0.3955 0.9449 0.0112 0.0724 -0.3192
0.8096 -0.1874 -0.551 0.0756 0.591 -0.3663 -0.7148 0.0746 0.761 -0.0415 -0.6232 -0.1757 0.7296 0.2697 -0.6207 0.0982 0.618 -0.2407 -0.7164 -0.217 0.7095 0.3602 -0.6028 -0.0599 0.8181 0.1291 0.5505 -0.1054 0.5432 -0.0864 -0.7309 -0.4041 0.5782 -0.1761 -0.6915 -0.3955 0.9449 0.0112 0.0724 -0.3192
0.8096 -0.1874 -0.551 0.0756 0.591 -0.3663 -0.7148 0.0746 0.761 -0.0415 -0.6232 -0.1757 0.7181 0.2795 -0.631 0.0894 0.618 -0.2407 -0.7164 -0.217 0.7095 0.3602 -0.6028 -0.0599 0.8181 0.1291 0.5505 -0.1054 0.5432 -0.0864 -0.7309 -0.4041 0.6005 -0.29 -0.6596 -0.3467 0.9449 0.0112 0.0724 -0.3192
0.8096 -0.1874 -0.551 0.0756 0.591 -0.3663 -0.7148 0.0746 0.761 -0.0415 -0.6232 -0.1757 0.7181 0.2795 -0.631 0.0894 0.618 -0.2407 -0.7164 -0.217 0.7095 0.3602 -0.6028 -0.0599 0.8181 0.1291 0.5505 -0.1054 0.5432 -0.0864 -0.7309 -0.4041 0.6005 -0.29 -0.6596 -0.3467 0.9449 0.0112 0.0724 -0.3192
0.8096 -0.1874 -0.551 0.0756 0.591 -0.3663 -0.7148 0.0746 0.761 -0.0415 -0.6232 -0.1757 0.7181 0.2795 -0.631 0.0894 0.618 -0.2407 -0.7164 -0.217 0.7095 0.3602 -0.6028 -0.0599 0.8181 0.1291 0.5505 -0.1054 0.5432 -0.0864 -0.7309 -0.4041 0.6005 -0.29 -0.6596 -0.3467 0.9449 0.0112 0.0724 -0.3192
0.8096 -0.1874 -0.551 0.0756 0.6143 -0.3542 -0.7051 -0.0079 0.7421 -0.0542 -0.6322 -0.2159 0.7181 0.2795 -0.631 0.0894 0.6179 -0.3824 -0.6785 -0.1083 0.7494 0.3431 -0.519 -0.2265 0.5103 0.103 0.8294 -0.2027 0.5575 -0.1213 -0.7409 -0.3543 0.6005 -0.29 -0.6596 -0.3467 0.9449 0.0112 0.0724 -0.3192
0.8096 -0.1874 -0.551 0.0756 0.6143 -0.3542 -0.7051 -0.0079 0.7421 -0.0542 -0.6322 -0.2159 0.7181 0.2795 -0.631 0.0894 0.6179 -0.3824 -0.6785 -0.1083 0.7494 0.3431 -0.519 -0.2265 0.5103 0.103 0.8294 -0.2027 0.5575 -0.1213 -0.7409 -0.3543 0.6005 -0.29 -0.6596 -0.3467 0.9449 0.0112 0.0724 -0.3192
0.7924 -0.1963 -0.5772 -0.021 0.6143 -0.3542 -0.7051 -0.0079 0.7421 -0.0542 -0.6322 -0.2159 0.7181 0.2795 -0.631 0.0894 0.6179 -0.3824 -0.6785 -0.1083 0.7494 0.3431 -0.519 -0.2265 0.5103 0.103 0.8294 -0.2027 0.5575 -0.1213 -0.7409 -0.3543 0.6005 -0.29 -0.6596 -0.3467 0.9449 0.0112 0.0724 -0.3192
0.7924 -0.1963 -0.5772 -0.021 0.6143 -0.3542 -0.7051 -0.0079 0.7421 -0.0542 -0.6322 -0.2159 0.7181 0.2795 -0.631 0.0894 0.6179 -0.3824 -0.6785 -0.1083 0.7494 0.3431 -0.519 -0.2265 0.5103 0.103 0.8294 -0.2027 0.5575 -0.1213 -0.7409 -0.3543 0.6005 -0.29 -0.6596 -0.3467 0.8886 0.0878 0.3225 -0.3141
0.7924 -0.1963 -0.5772 -0.021 0.6143 -0.3542 -0.7051 -0.0079 0.7421 -0.0542 -0.6322 -0.2159 0.693 0.283 -0.663 0.006 0.6179 -0.3824 -0.6785 -0.1083 0.7494 0.3431 -0.519 -0.2265 0.5103 0.103 0.8294 -0.2027 0.5575 -0.1213 -0.7409 -0.3543 0.6365 -0.3082 -0.653 -0.2712 0.8886 0.0878 0.3225 -0.3141
0.7924 -0.1963 -0.5772 -0.021 0.6143 -0.3542 -0.7051 -0.0079 0.7421 -0.0542 -0.6322 -0.2159 0.693 0.283 -0.663 0.006 0.6179 -0.3824 -0.6785 -0.1083 0.7494 0.3431 -0.519 -0.2265 0.5103 0.103 0.8294 -0.2027 0.5575 -0.1213 -0.7409 -0.3543 0.6365 -0.3082 -0.653 -0.2712 0.8886 0.0878 0.3225 -0.3141
0.7924 -0.1963 -0.5772 -0.021 0.6143 -0.3542 -0.7051 -0.0079 0.7421 -0.0542 -0.6322 -0.2159 0.693 0.283 -0.663 0.006 0.6179 -0.3824 -0.6785 -0.1083 0.7494 0.3431 -0.519 -0.2265 0.5103 0.103 0.8294 -0.2027 0.5575 -0.1213 -0.7409 -0.3543 0.6365 -0.3082 -0.653 -0.2712 0.8886 0.0878 0.3225 -0.3141
0.7924 -0.1963 -0.5772 -0.021 0.6306 -0.3347 -0.6983 -0.0519 0.7202 -0.0834 -0.6218 -0.2964 0.693 0.283 -0.663 0.006 0.6179 -0.3824 -0.6785 -0.1083 0.7175 0.3271 -0.6118 -0.0621 0.7904 0.1259 0.5885 -0.1142 0.5969 -0.1548 -0.7513 -0.2352 0.6365 -0.3082 -0.653 -0.2712 0.8886 0.0878 0.3225 -0.3141
0.7924 -0.1963 -0.5772 -0.021 0.6306 -0.3347 -0.6983 -0.0519 0.7202 -0.0834 -0.6218 -0.2964 0.693 0.283 -0.663 0.006 0.6296 -0.3913 -0.6688 0.0573 0.7175 0.3271 -0.6118 -0.0621 0.7904 0.1259 0.5885 -0.1142 0.5969 -0.1548 -0.7513 -0.2352 0.6365 -0.3082 -0.653 -0.2712 0.8886 0.0878 0.3225 -0.3141
0.7924 -0.1963 -0.5772 -0.021 0.6306 -0.3347 -0.6983 -0.0519 0.7202 -0.0834 -0.6218 -0.2964 0.693 0.283 -0.663 0.006 0.6296 -0.3913 -0.6688 0.0573 0.7175 0.3271 -0.6118 -0.0621 0.7904 0.1259 0.5885 -0.1142 0.5969 -0.1548 -0.7513 -0.2352 0.6365 -0.3082 -0.653 -0.2712 0.8886 0.0878 0.3225 -0.3141
0.7924 -0.1963 -0.5772 -0.021 0.6306 -0.3347 -0.6983 -0.0519 0.7202 -0.0834 -0.6218 -0.2964 0.693 0.283 -0.663 0.006 0.6296 -0.3913 -0.6688 0.0573 0.7175 0.3271 -0.6118 -0.0621 0.7904 0.1259 0.5885 -0.1142 0.5969 -0.1548 -0.7513 -0.2352 0.6365 -0.3082 -0.653 -0.2712 0.8886 0.0878 0.3225 -0.3141
0.7924 -0.1963 -0.5772 -0.021 0.6306 -0.3347 -0.6983 -0.0519 0.7202 -0.0834 -0.6218 -0.2964 0.6245 0.3265 -0.7068 -0.0624 0.6296 -0.3913 -0.6688 0.0573 0.7175 0.3271 -0.6118 -0.0621 0.7904 0.1259 0.5885 -0.1142 0.5969 -0.1548 -0.7513 -0.2352 0.6365 -0.3082 -0.653 -0.2712 0.8886 0.0878 0.3225 -0.3141
0.7924 -0.1963 -0.5772 -0.021 0.6306 -0.3347 -0.6983 -0.0519 0.7202 -0.0834 -0.6218 -0.2964 0.6245 0.3265 -0.7068 -0.0624 0.6296 -0.3913 -0.6688 0.0573 0.7175 0.3271 -0.6118 -0.0621 0.7904 0.1259 0.5885 -0.1142 0.5969 -0.1548 -0.7513 -0.2352 0.6365 -0.3082 -0.653 -0.2712 0.8886 0.0878 0.3225 -0.3141
0.7924 -0.1963 -0.5772 -0.021 0.6306 -0.3347 -0.6983 -0.0519 0.7202 -0.0834 -0.6218 -0.2964 0.6245 0.3265 -0.7068 -0.0624 0.6296 -0.3913 -0.6688 0.0573 0.7175 0.3271 -0.6118 -0.0621 0.7904 0.1259 0.5885 -0.1142 0.5969 -0.1548 -0.7513 -0.2352 0.6365 -0.3082 -0.653 -0.2712 0.8886 0.0878 0.3225 -0.3141
0.7924 -0.1963 -0.5772 -0.021 0.6542 -0.3289 -0.673 -0.1044 0.7036 -0.0854 -0.6154 -0.345 0.6245 0.3265 -0.7068 -0.0624 0.6061 -0.4297 -0.6692 0.0154 0.6685 0.1205 -0.7045 0.2058 0.9589 0.1467 0.2414 -0.0283 0.5955 -0.2442 -0.7357 -0.2112 0.6511 -0.3646 -0.6246 -0.2302 0.8886 0.0878 0.3225 -0.3141
0.7924 -0.1963 -0.5772 -0.021 0.6542 -0.3289 -0.673 -0.1044 0.7036 -0.0854 -0.6154 -0.345 0.6245 0.3265 -0.7068 -0.0624 0.6061 -0.4297 -0.6692 0.0154 0.6685 0.1205 -0.7045 0.2058 0.9589 0.1467 0.2414 -0.0283 0.5955 -0.2442 -0.7357 -0.2112 0.6511 -0.3646 -0.6246 -0.2302 0.8886 0.0878 0.3225 -0.3141
0.7924 -0.1963 -0.5772 -0.021 0.6542 -0.3289 -0.673 -0.1044 0.7036 -0.0854 -0.6154 -0.345 0.6245 0.3265 -0.7068 -0.0624 0.6061 -0.4297 -0.6692 0.0154 0.6685 0.1205 -0.7045 0.2058 0.9589 0.1467 0.2414 -0.0283 0.5955 -0.2442 -0.7357 -0.2112 0.6511 -0.3646 -0.6246 -0.2302 0.8886 0.0878 0.3225 -0.3141
0.7924 -0.1963 -0.5772 -0.021 0.6542 -0.3289 -0.673 -0.1044 0.7036 -0.0854 -0.6154 -0.345 0.5746 0.3575 -0.7292 -0.1017 0.6061 -0.4297 -0.6692 0.0154 0.6685 0.1205 -0.7045 0.2058 0.9589 0.1467 0.2414 -0.0283 0.5955 -0.2442 -0.7357 -0.2112 0.6511 -0.3646 -0.6246 -0.2302 0.8886 0.0878 0.3225 -0.3141
0.7924 -0.1963 -0.5772 -0.021 0.6542 -0.3289 -0.673 -0.1044 0.7036 -0.0854 -0.6154 -0.345 0.5746 0.3575 -0.7292 -0.1017 0.6061 -0.4297 -0.6692 0.0154 0.6685 0.1205 -0.7045 0.2058 0.9589 0.1467 0.2414 -0.0283 0.5955 -0.2442 -0.7357 -0.2112 0.685 -0.4033 -0.5878 -0.1505 0.8886 0.0878 0.3225 -0.3141
0.7924 -0.1963 -0.5772 -0.021 0.6542 -0.3289 -0.673 -0.1044 0.7036 -0.0854 -0.6154 -0.345 0.5746 0.3575 -0.7292 -0.1017 0.6061 -0.4297 -0.6692 0.0154 0.6685 0.1205 -0.7045 0.2058 0.9589 0.1467 0.2414 -0.0283 0.5955 -0.2442 -0.7357 -0.2112 0.685 -0.4033 -0.5878 -0.1505 0.8886 0.0878 0.3225 -0.3141
0.7924 -0.1963 -0.5772 -0.021 0.6542 -0.3289 -0.673 -0.1044 0.7036 -0.0854 -0.6154 -0.345 0.5746 0.3575 -0.7292 -0.1017 0.6061 -0.4297 -0.6692 0.0154 0.6685 0.1205 -0.7045 0.2058 0.9589 0.1467 0.2414 -0.0283 0.5955 -0.2442 -0.7357 -0.2112 0.685 -0.4033 -0.5878 -0.1505 0.8886 0.0878 0.3225 -0.3141
0.7924 -0.1963 -0.5772 -0.021 0.6705 -0.3275 -0.647 -0.157 0.6917 -0.0585 -0.6257 -0.3558 0.5746 0.3575 -0.7292 -0.1017 0.6061 -0.4297 -0.6692 0.0154 0.6193 0.0258 -0.7285 0.2916 0.9828 0.1699 0.0727 -0.0026 0.6025 -0.2903 -0.7245 -0.1669 0.685 -0.4033 -0.5878 -0.1505 0.8886 0.0878 0.3225 -0.3141
0.7924 -0.1963 -0.5772 -0.021 0.6705 -0.3275 -0.647 -0.157 0.6917 -0.0585 -0.6257 -0.3558 0.5746 0.3575 -0.7292 -0.1017 0.5952 -0.4439 -0.6698 0.0108 0.6193 0.0258 -0.7285 0.2916 0.9828 0.1699 0.0727 -0.0026 0.6025 -0.2903 -0.7245 -0.1669 0.685 -0.4033 -0.5878 -0.1505 0.8886 0.0878 0.3225 -0.3141
0.7924 -0.1963 -0.5772 -0.021 0.6705 -0.3275 -0.647 -0.157 0.6917 -0.0585 -0.6257 -0.3558 0.5746 0.3575 -0.7292 -0.1017 0.5952 -0.4439 -0.6698 0.0108 0.6193 0.0258 -0.7285 0.2916 0.9828 0.1699 0.0727 -0.0026 0.6025 -0.2903 -0.7245 -0.1669 0.685 -0.4033 -0.5878 -0.1505 0.8886 0.0878 0.3225 -0.3141
0.7924 -0.1963 -0.5772 -0.021 0.6705 -0.3275 -0.647 -0.157 0.6917 -0.0585 -0.6257 -0.3558 0.5746 0.3575 -0.7292 -0.1017 0.5952 -0.4439 -0.6698 0.0108 0.6193 0.0258 -0.7285 0.2916 0.9828 0.1699 0.0727 -0.0026 0.6025 -0.2903 -0.7245 -0.1669 0.685 -0.4033 -0.5878 -0.1505 0.8886 0.0878 0.3225 -0.3141
0.7924 -0.1963 -0.5772 -0.021 0.6705 -0.3275 -0.647 -0.157 0.6917 -0.0585 -0.6257 -0.3558 0.5985 0.3373 -0.7219 -0.0836 0.5952 -0.4439 -0.6698 0.0108 0.6193 0.0258 -0.7285 0.2916 0.9828 0.1699 0.0727 -0.0026 0.6025 -0.2903 -0.7245 -0.1669 0.685 -0.4033 -0.5878 -0.1505 0.8886 0.0878 0.3225 -0.3141
0.7924 -0.1963 -0.5772 -0.021 0.6705 -0.3275 -0.647 -0.157 0.6917 -0.0585 -0.6257 -0.3558 0.5985 0.3373 -0.7219 -0.0836 0.5952 -0.4439 -0.6698 0.0108 0.6193 0.0258 -0.7285 0.2916 0.9828 0.1699 0.0727 -0.0026 0.6025 -0.2903 -0.7245 -0.1669 0.685 -0.4033 -0.5878 -0.1505 0.8886 0.0878 0.3225 -0.3141
0.7924 -0.1963 -0.5772 -0.021 0.6705 -0.3275 -0.647 -0.157 0.6917 -0.0585 -0.6257 -0.3558 0.5985 0.3373 -0.7219 -0.0836 0.5952 -0.4439 -0.6698 0.0108 0.6193 0.0258 -0.7285 0.2916 0.9828 0.1699 0.0727 -0.0026 0.6025 -0.2903 -0.7245 -0.1669 0.685 -0.4033 -0.5878 -0.1505 0.8886 0.0878 0.3225 -0.3141
0.7924 -0.1963 -0.5772 -0.021 0.6688 -0.3276 -0.6477 -0.1609 0.7111 -0.0502 -0.6203 -0.3272 0.5985 0.3373 -0.7219 -0.0836 0.6119 -0.3924 -0.6865 0.0199 0.6435 0.1561 -0.7101 0.2394 0.9416 0.1483 0.2986 -0.0472 0.6404 -0.208 -0.7089 -0.2101 0.7278 -0.4598 -0.5084 -0.0208 0.8886 0.0878 0.3225 -0.3141
0.7924 -0.1963 -0.5772 -0.021 0.6688 -0.3276 -0.6477 -0.1609 0.7111 -0.0502 -0.6203 -0.3272 0.5985 0.3373 -0.7219 -0.0836 0.6119 -0.3924 -0.6865 0.0199 0.6435 0.1561 -0.7101 0.2394 0.9416 0.1483 0.2986 -0.0472 0.6404 -0.208 -0.7089 -0.2101 0.7278 -0.4598 -0.5084 -0.0208 0.8886 0.0878 0.3225 -0.3141
0.7924 -0.1963 -0.5772 -0.021 0.6688 -0.3276 -0.6477 -0.1609 0.7111 -0.0502 -0.6203 -0.3272 0.5985 0.3373 -0.7219 -0.0836 0.6119 -0.3924 -0.6865 0.0199 0.6435 0.1561 -0.7101 0.2394 0.9416 0.1483 0.2986 -0.0472 0.6404 -0.208 -0.7089 -0.2101 0.7278 -0.4598 -0.5084 -0.0208 0.5036 0.2066 0.8268 -0.142
0.785 -0.1798 -0.5871 -0.0822 0.6688 -0.3276 -0.6477 -0.1609 0.7111 -0.0502 -0.6203 -0.3272 0.6604 0.3054 -0.686 -0.0074 0.6119 -0.3924 -0.6865 0.0199 0.6435 0.1561 -0.7101 0.2394 0.9416 0.1483 0.2986 -0.0472 0.6404 -0.208 -0.7089 -0.2101 0.7278 -0.4598 -0.5084 -0.0208 0.5036 0.2066 0.8268 -0.142
0.785 -0.1798 -0.5871 -0.0822 0.6688 -0.3276 -0.6477 -0.1609 0.7111 -0.0502 -0.6203 -0.3272 0.6604 0.3054 -0.686 -0.0074 0.6119 -0.3924 -0.6865 0.0199 0.6435 0.1561 -0.7101 0.2394 0.9416 0.1483 0.2986 -0.0472 0.6404 -0.208 -0.7089 -0.2101 0.7278 -0.4598 -0.5084 -0.0208 0.5036 0.2066 0.8268 -0.142
0.785 -0.1798 -0.5871 -0.0822 0.6688 -0.3276 -0.6477 -0.1609 0.7111 -0.0502 -0.6203 -0.3272 0.6604 0.3054 -0.686 -0.0074 0.6119 -0.3924 -0.6865 0.0199 0.6435 0.1561 -0.7101 0.2394 0.9416 0.1483 0.2986 -0.0472 0.6404 -0.208 -0.7089 -0.2101 0.7278 -0.4598 -0.5084 -0.0208 0.5036 0.2066 0.8268 -0.142
0.785 -0.1798 -0.5871 -0.0822 0.6688 -0.3276 -0.6477 -0.1609 0.7111 -0.0502 -0.6203 -0.3272 0.6604 0.3054 -0.686 -0.0074 0.6119 -0.3924 -0.6865 0.0199 0.6435 0.1561 -0.7101 0.2394 0.9416 0.1483 0.2986 -0.0472 0.6404 -0.208 -0.7089 -0.2101 0.7278 -0.4598 -0.5084 -0.0208 0.5036 0.2066 0.8268 -0.142
0.785 -0.1798 -0.5871 -0.0822 0.6558 -0.3165 -0.6837 -0.0485 0.7297 -0.0516 -0.6253 -0.2716 0.6604 0.3054 -0.686 -0.0074 0.6119 -0.3924 -0.6865 0.0199 0.6592 0.1909 -0.7096 0.1599 0.9323 0.1409 0.3301 -0.0457 0.6056 -0.089 -0.6926 -0.3817 0.7664 -0.4593 -0.4362 0.1068 0.5036 0.2066 0.8268 -0.142
0.785 -0.1798 -0.5871 -0.0822 0.6558 -0.3165 -0.6837 -0.0485 0.7297 -0.0516 -0.6253 -0.2716 0.6604 0.3054 -0.686 -0.0074 0.6012 -0.3664 -0.7026 -0.1028 0.6592 0.1909 -0.7096 0.1599 0.9323 0.1409 0.3301 -0.0457 0.6056 -0.089 -0.6926 -0.3817 0.7664 -0.4593 -0.4362 0.1068 0.5036 0.2066 0.8268 -0.142
0.785 -0.1798 -0.5871 -0.0822 0.6558 -0.3165 -0.6837 -0.0485 0.7297 -0.0516 -0.6253 -0.2716 0.6604 0.3054 -0.686 -0.0074 0.6012 -0.3664 -0.7026 -0.1028 0.6592 0.1909 -0.7096 0.1599 0.9323 0.1409 0.3301 -0.0457 0.6056 -0.089 -0.6926 -0.3817 0.7664 -0.4593 -0.4362 0.1068 0.5036 0.2066 0.8268 -0.142
0.785 -0.1798 -0.5871 -0.0822 0.6558 -0.3165 -0.6837 -0.0485 0.7297 -0.0516 -0.6253 -0.2716 0.6924 0.2885 -0.6598 0.0458 0.6012 -0.3664 -0.7026 -0.1028 0.6592 0.1909 -0.7096 0.1599 0.9323 0.1409 0.3301 -0.0457 0.6056 -0.089 -0.6926 -0.3817 0.7664 -0.4593 -0.4362 0.1068 0.5036 0.2066 0.8268 -0.142
0.785 -0.1798 -0.5871 -0.0822 0.6558 -0.3165 -0.6837 -0.0485 0.7297 -0.0516 -0.6253 -0.2716 0.6924 0.2885 -0.6598 0.0458 0.6012 -0.3664 -0.7026 -0.1028 0.6592 0.1909 -0.7096 0.1599 0.9323 0.1409 0.3301 -0.0457 0.6056 -0.089 -0.6926 -0.3817 0.7664 -0.4593 -0.4362 0.1068 0.5036 0.2066 0.8268 -0.142
0.785 -0.1798 -0.5871 -0.0822 0.6558 -0.3165 -0.6837 -0.0485 0.7619 -0.0486 -0.6153 -0.1964 0.6924 0.2885 -0.6598 0.0458 0.6012 -0.3664 -0.7026 -0.1028 0.6592 0.1909 -0.7096 0.1599 0.9261 0.1373 0.3471 -0.0544 0.6056 -0.089 -0.6926 -0.3817 0.7208 -0.3611 -0.5883 -0.0627 0.5036 0.2066 0.8268 -0.142
0.785 -0.1798 -0.5871 -0.0822 0.6558 -0.3165 -0.6837 -0.0485 0.7619 -0.0486 -0.6153 -0.1964 0.6924 0.2885 -0.6598 0.0458 0.6012 -0.3664 -0.7026 -0.1028 0.6592 0.1909 -0.7096 0.1599 0.9261 0.1373 0.3471 -0.0544 0.6056 -0.089 -0.6926 -0.3817 0.7208 -0.3611 -0.5883 -0.0627 0.5036 0.2066 0.8268 -0.142
0.785 -0.1798 -0.5871 -0.0822 0.6069 -0.3702 -0.7031 0.0185 0.7619 -0.0486 -0.6153 -0.1964 0.6924 0.2885 -0.6598 0.0458 0.6057 -0.2846 -0.7297 -0.1403 0.6779 0.2123 -0.6977 0.0928 0.9261 0.1373 0.3471 -0.0544 0.5632 -0.0607 -0.6884 -0.4531 0.7208 -0.3611 -0.5883 -0.0627 0.5036 0.2066 0.8268 -0.142
0.785 -0.1798 -0.5871 -0.0822 0.6069 -0.3702 -0.7031 0.0185 0.7619 -0.0486 -0.6153 -0.1964 0.6924 0.2885 -0.6598 0.0458 0.6057 -0.2846 -0.7297 -0.1403 0.6779 0.2123 -0.6977 0.0928 0.9261 0.1373 0.3471 -0.0544 0.5632 -0.0607 -0.6884 -0.4531 0.7208 -0.3611 -0.5883 -0.0627 0.5036 0.2066 0.8268 -0.142
0.785 -0.1798 -0.5871 -0.0822 0.6069 -0.3702 -0.7031 0.0185 0.7619 -0.0486 -0.6153 -0.1964 0.6924 0.2885 -0.6598 0.0458 0.6057 -0.2846 -0.7297 -0.1403 0.6779 0.2123 -0.6977 0.0928 0.9261 0.1373 0.3471 -0.0544 0.5632 -0.0607 -0.6884 -0.4531 0.7208 -0.3611 -0.5883 -0.0627 0.9171 0.0648 0.2769 -0.2796
0.8082 -0.1653 -0.5644 0.0299 0.6069 -0.3702 -0.7031 0.0185 0.7619 -0.0486 -0.6153 -0.1964 0.6924 0.2885 -0.6598 0.0458 0.6057 -0.2846 -0.7297 -0.1403 0.6779 0.2123 -0.6977 0.0928 0.9261 0.1373 0.3471 -0.0544 0.5632 -0.0607 -0.6884 -0.4531 0.7208 -0.3611 -0.5883 -0.0627 0.9171 0.0648 0.2769 -0.2796
0.8082 -0.1653 -0.5644 0.0299 0.6069 -0.3702 -0.7031 0.0185 0.7619 -0.0486 -0.6153 -0.1964 0.7272 0.2749 -0.6227 0.0886 0.6057 -0.2846 -0.7297 -0.1403 0.6779 0.2123 -0.6977 0.0928 0.9261 0.1373 0.3471 -0.0544 0.5632 -0.0607 -0.6884 -0.4531 0.7208 -0.3611 -0.5883 -0.0627 0.9171 0.0648 0.2769 -0.2796
0.8082 -0.1653 -0.5644 0.0299 0.6069 -0.3702 -0.7031 0.0185 0.7748 -0.0392 -0.6094 -0.1636 0.7272 0.2749 -0.6227 0.0886 0.6057 -0.2846 -0.7297 -0.1403 0.6779 0.2123 -0.6977 0.0928 0.9155 0.1326 0.3708 -0.082 0.5632 -0.0607 -0.6884 -0.4531 0.6071 -0.1854 -0.6986 -0.3303 0.9171 0.0648 0.2769 -0.2796
0.8082 -0.1653 -0.5644 0.0299 0.6069 -0.3702 -0.7031 0.0185 0.7748 -0.0392 -0.6094 -0.1636 0.7272 0.2749 -0.6227 0.0886 0.6057 -0.2846 -0.7297 -0.1403 0.6779 0.2123 -0.6977 0.0928 0.9155 0.1326 0.3708 -0.082 0.5632 -0.0607 -0.6884 -0.4531 0.6071 -0.1854 -0.6986 -0.3303 0.9171 0.0648 0.2769 -0.2796
0.8082 -0.1653 -0.5644 0.0299 0.5845 -0.376 -0.7137 0.0866 0.7748 -0.0392 -0.6094 -0.1636 0.7272 0.2749 -0.6227 0.0886 0.6057 -0.2846 -0.7297 -0.1403 0.6903 0.2595 -0.6747 0.0288 0.9155 0.1326 0.3708 -0.082 0.5505 -0.0896 -0.7079 -0.4334 0.6071 -0.1854 -0.6986 -0.3303 0.9171 0.0648 0.2769 -0.2796
0.8082 -0.1653 -0.5644 0.0299 0.5845 -0.376 -0.7137 0.0866 0.7748 -0.0392 -0.6094 -0.1636 0.7272 0.2749 -0.6227 0.0886 0.5978 -0.2657 -0.7238 -0.2193 0.6903 0.2595 -0.6747 0.0288 0.9155 0.1326 0.3708 -0.082 0.5505 -0.0896 -0.7079 -0.4334 0.6071 -0.1854 -0.6986 -0.3303 0.9171 0.0648 0.2769 -0.2796
0.8082 -0.1653 -0.5644 0.0299 0.5845 -0.376 -0.7137 0.0866 0.7748 -0.0392 -0.6094 -0.1636 0.7272 0.2749 -0.6227 0.0886 0.5978 -0.2657 -0.7238 -0.2193 0.6903 0.2595 -0.6747 0.0288 0.9155 0.1326 0.3708 -0.082 0.5505 -0.0896 -0.7079 -0.4334 0.6071 -0.1854 -0.6986 -0.3303 0.9171 0.0648 0.2769 -0.2796
0.8132 -0.186 -0.5502 0.0378 0.5845 -0.376 -0.7137 0.0866 0.7748 -0.0392 -0.6094 -0.1636 0.7393 0.2731 -0.6068 0.1033 0.5978 -0.2657 -0.7238 -0.2193 0.6903 0.2595 -0.6747 0.0288 0.9155 0.1326 0.3708 -0.082 0.5505 -0.0896 -0.7079 -0.4334 0.6071 -0.1854 -0.6986 -0.3303 0.9406 0.0045 0.0751 -0.3311
0.8132 -0.186 -0.5502 0.0378 0.5845 -0.376 -0.7137 0.0866 0.7748 -0.0392 -0.6094 -0.1636 0.7393 0.2731 -0.6068 0.1033 0.5978 -0.2657 -0.7238 -0.2193 0.6903 0.2595 -0.6747 0.0288 0.9155 0.1326 0.3708 -0.082 0.5505 -0.0896 -0.7079 -0.4334 0.6071 -0.1854 -0.6986 -0.3303 0.9406 0.0045 0.0751 -0.3311
0.8132 -0.186 -0.5502 0.0378 0.5845 -0.376 -0.7137 0.0866 0.7691 -0.0295 -0.6165 -0.1663 0.7393 0.2731 -0.6068 0.1033 0.5978 -0.2657 -0.7238 -0.2193 0.6903 0.2595 -0.6747 0.0288 0.8145 0.1549 0.5515 -0.092 0.5505 -0.0896 -0.7079 -0.4334 0.5749 -0.1956 -0.6927 -0.389 0.9406 0.0045 0.0751 -0.3311
0.8132 -0.186 -0.5502 0.0378 0.5845 -0.376 -0.7137 0.0866 0.7691 -0.0295 -0.6165 -0.1663 0.7393 0.2731 -0.6068 0.1033 0.5978 -0.2657 -0.7238 -0.2193 0.6903 0.2595 -0.6747 0.0288 0.8145 0.1549 0.5515 -0.092 0.5505 -0.0896 -0.7079 -0.4334 0.5749 -0.1956 -0.6927 -0.389 0.9406 0.0045 0.0751 -0.3311
0.8132 -0.186 -0.5502 0.0378 0.6006 -0.3721 -0.7057 0.0536 0.7691 -0.0295 -0.6165 -0.1663 0.7393 0.2731 -0.6068 0.1033 0.5978 -0.2657 -0.7238 -0.2193 0.7076 0.3417 -0.6135 -0.0778 0.8145 0.1549 0.5515 -0.092 0.5316 -0.1115 -0.7216 -0.4291 0.5749 -0.1956 -0.6927 -0.389 0.9406 0.0045 0.0751 -0.3311
0.8132 -0.186 -0.5502 0.0378 0.6006 -0.3721 -0.7057 0.0536 0.7691 -0.0295 -0.6165 -0.1663 0.7393 0.2731 -0.6068 0.1033 0.6121 -0.2715 -0.7072 -0.2271 0.7076 0.3417 -0.6135 -0.0778 0.8145 0.1549 0.5515 -0.092 0.5316 -0.1115 -0.7216 -0.4291 0.5749 -0.1956 -0.6927 -0.389 0.9406 0.0045 0.0751 -0.3311
0.8132 -0.186 -0.5502 0.0378 0.6006 -0.3721 -0.7057 0.0536 0.7691 -0.0295 -0.6165 -0.1663 0.7393 0.2731 -0.6068 0.1033 0.6121 -0.2715 -0.7072 -0.2271 0.7076 0.3417 -0.6135 -0.0778 0.8145 0.1549 0.5515 -0.092 0.5316 -0.1115 -0.7216 -0.4291 0.5749 -0.1956 -0.6927 -0.389 0.9406 0.0045 0.0751 -0.3311
0.8132 -0.186 -0.5502 0.0378 0.6006 -0.3721 -0.7057 0.0536 0.7691 -0.0295 -0.6165 -0.1663 0.7393 0.2731 -0.6068 0.1033 0.6121 -0.2715 -0.7072 -0.2271 0.7076 0.3417 -0.6135 -0.0778 0.8145 0.1549 0.5515 -0.092 0.5316 -0.1115 -0.7216 -0.4291 0.5749 -0.1956 -0.6927 -0.389 0.9406 0.0045 0.0751 -0.3311
0.8132 -0.186 -0.5502 0.0378 0.6006 -0.3721 -0.7057 0.0536 0.7691 -0.0295 -0.6165 -0.1663 0.7191 0.2948 -0.6227 0.0908 0.6121 -0.2715 -0.7072 -0.2271 0.7076 0.3417 -0.6135 -0.0778 0.8145 0.1549 0.5515 -0.092 0.5316 -0.1115 -0.7216 -0.4291 0.5749 -0.1956 -0.6927 -0.389 0.9406 0.0045 0.0751 -0.3311
0.8132 -0.186 -0.5502 0.0378 0.6006 -0.3721 -0.7057 0.0536 0.7448 -0.0502 -0.6274 -0.2218 0.7191 0.2948 -0.6227 0.0908 0.6121 -0.2715 -0.7072 -0.2271 0.7076 0.3417 -0.6135 -0.0778 0.4971 0.1572 0.8325 -0.1877 0.5316 -0.1115 -0.7216 -0.4291 0.5966 -0.3185 -0.6473 -0.3515 0.9406 0.0045 0.0751 -0.3311
0.8132 -0.186 -0.5502 0.0378 0.6006 -0.3721 -0.7057 0.0536 0.7448 -0.0502 -0.6274 -0.2218 0.7191 0.2948 -0.6227 0.0908 0.6121 -0.2715 -0.7072 -0.2271 0.7076 0.3417 -0.6135 -0.0778 0.4971 0.1572 0.8325 -0.1877 0.5316 -0.1115 -0.7216 -0.4291 0.5966 -0.3185 -0.6473 -0.3515 0.9406 0.0045 0.0751 -0.3311
0.8132 -0.186 -0.5502 0.0378 0.6193 -0.3672 -0.6931 -0.0342 0.7448 -0.0502 -0.6274 -0.2218 0.7191 0.2948 -0.6227 0.0908 0.6154 -0.3987 -0.6686 -0.1241 0.7488 0.3224 -0.5323 -0.228 0.4971 0.1572 0.8325 -0.1877 0.5477 -0.1276 -0.7396 -0.3698 0.5966 -0.3185 -0.6473 -0.3515 0.9406 0.0045 0.0751 -0.3311
0.8132 -0.186 -0.5502 0.0378 0.6193 -0.3672 -0.6931 -0.0342 0.7448 -0.0502 -0.6274 -0.2218 0.7191 0.2948 -0.6227 0.0908 0.6154 -0.3987 -0.6686 -0.1241 0.7488 0.3224 -0.5323 -0.228 0.4971 0.1572 0.8325 -0.1877 0.5477 -0.1276 -0.7396 -0.3698 0.5966 -0.3185 -0.6473 -0.3515 0.9406 0.0045 0.0751 -0.3311
0.8132 -0.186 -0.5502 0.0378 0.6193 -0.3672 -0.6931 -0.0342 0.7448 -0.0502 -0.6274 -0.2218 0.7191 0.2948 -0.6227 0.0908 0.6154 -0.3987 -0.6686 -0.1241 0.7488 0.3224 -0.5323 -0.228 0.4971 0.1572 0.8325 -0.1877 0.5477 -0.1276 -0.7396 -0.3698 0.5966 -0.3185 -0.6473 -0.3515 0.8842 0.0923 0.3224 -0.3252
0.7911 -0.2095 -0.5718 -0.0574 0.6193 -0.3672 -0.6931 -0.0342 0.7448 -0.0502 -0.6274 -0.2218 0.6756 0.3105 -0.6687 -0.0026 0.6154 -0.3987 -0.6686 -0.1241 0.7488 0.3224 -0.5323 -0.228 0.4971 0.1572 0.8325 -0.1877 0.5477 -0.1276 -0.7396 -0.3698 0.5966 -0.3185 -0.6473 -0.3515 0.8842 0.0923 0.3224 -0.3252
0.7911 -0.2095 -0.5718 -0.0574 0.6193 -0.3672 -0.6931 -0.0342 0.7448 -0.0502 -0.6274 -0.2218 0.6756 0.3105 -0.6687 -0.0026 0.6154 -0.3987 -0.6686 -0.1241 0.7488 0.3224 -0.5323 -0.228 0.4971 0.1572 0.8325 -0.1877 0.5477 -0.1276 -0.7396 -0.3698 0.5966 -0.3185 -0.6473 -0.3515 0.8842 0.0923 0.3224 -0.3252
0.7911 -0.2095 -0.5718 -0.0574 0.6193 -0.3672 -0.6931 -0.0342 0.7448 -0.0502 -0.6274 -0.2218 0.6756 0.3105 -0.6687 -0.0026 0.6154 -0.3987 -0.6686 -0.1241 0.7488 0.3224 -0.5323 -0.228 0.4971 0.1572 0.8325 -0.1877 0.5477 -0.1276 -0.7396 -0.3698 0.6268 -0.3458 -0.6367 -0.2869 0.8842 0.0923 0.3224 -0.3252
0.7911 -0.2095 -0.5718 -0.0574 0.6193 -0.3672 -0.6931 -0.0342 0.7448 -0.0502 -0.6274 -0.2218 0.6756 0.3105 -0.6687 -0.0026 0.6154 -0.3987 -0.6686 -0.1241 0.7488 0.3224 -0.5323 -0.228 0.4971 0.1572 0.8325 -0.1877 0.5477 -0.1276 -0.7396 -0.3698 0.6268 -0.3458 -0.6367 -0.2869 0.8842 0.0923 0.3224 -0.3252
0.7911 -0.2095 -0.5718 -0.0574 0.6288 -0.3607 -0.6836 -0.0848 0.7448 -0.0502 -0.6274 -0.2218 0.6756 0.3105 -0.6687 -0.0026 0.6318 -0.403 -0.6619 0.0178 0.7182 0.2751 -0.6381 -0.0374 0.8046 0.1384 0.5568 -0.1531 0.5846 -0.174 -0.7488 -0.2593 0.6268 -0.3458 -0.6367 -0.2869 0.8842 0.0923 0.3224 -0.3252
0.7911 -0.2095 -0.5718 -0.0574 0.6288 -0.3607 -0.6836 -0.0848 0.7448 -0.0502 -0.6274 -0.2218 0.6756 0.3105 -0.6687 -0.0026 0.6318 -0.403 -0.6619 0.0178 0.7182 0.2751 -0.6381 -0.0374 0.8046 0.1384 0.5568 -0.1531 0.5846 -0.174 -0.7488 -0.2593 0.6268 -0.3458 -0.6367 -0.2869 0.8842 0.0923 0.3224 -0.3252
0.7911 -0.2095 -0.5718 -0.0574 0.6288 -0.3607 -0.6836 -0.0848 0.7448 -0.0502 -0.6274 -0.2218 0.6756 0.3105 -0.6687 -0.0026 0.6318 -0.403 -0.6619 0.0178 0.7182 0.2751 -0.6381 -0.0374 0.8046 0.1384 0.5568 -0.1531 0.5846 -0.174 -0.7488 -0.2593 0.6268 -0.3458 -0.6367 -0.2869 0.8842 0.0923 0.3224 -0.3252
0.7882 -0.2004 -0.5692 -0.1207 0.6288 -0.3607 -0.6836 -0.0848 0.7448 -0.0502 -0.6274 -0.2218 0.6076 0.3336 -0.7157 -0.0858 0.6318 -0.403 -0.6619 0.0178 0.7182 0.2751 -0.6381 -0.0374 0.8046 0.1384 0.5568 -0.1531 0.5846 -0.174 -0.7488 -0.2593 0.6268 -0.3458 -0.6367 -0.2869 0.8839 0.1036 0.3309 -0.3137
0.7882 -0.2004 -0.5692 -0.1207 0.6288 -0.3607 -0.6836 -0.0848 0.7448 -0.0502 -0.6274 -0.2218 0.6076 0.3336 -0.7157 -0.0858 0.6318 -0.403 -0.6619 0.0178 0.7182 0.2751 -0.6381 -0.0374 0.8046 0.1384 0.5568 -0.1531 0.5846 -0.174 -0.7488 -0.2593 0.6268 -0.3458 -0.6367 -0.2869 0.8839 0.1036 0.3309 -0.3137
0.7882 -0.2004 -0.5692 -0.1207 0.6288 -0.3607 -0.6836 -0.0848 0.7119 -0.0801 -0.608 -0.3422 0.6076 0.3336 -0.7157 -0.0858 0.6318 -0.403 -0.6619 0.0178 0.7182 0.2751 -0.6381 -0.0374 0.8046 0.1384 0.5568 -0.1531 0.5846 -0.174 -0.7488 -0.2593 0.6268 -0.3458 -0.6367 -0.2869 0.8839 0.1036 0.3309 -0.3137
0.7882 -0.2004 -0.5692 -0.1207 0.6288 -0.3607 -0.6836 -0.0848 0.7119 -0.0801 -0.608 -0.3422 0.6076 0.3336 -0.7157 -0.0858 0.6318 -0.403 -0.6619 0.0178 0.7182 0.2751 -0.6381 -0.0374 0.8046 0.1384 0.5568 -0.1531 0.5846 -0.174 -0.7488 -0.2593 0.6268 -0.3458 -0.6367 -0.2869 0.8839 0.1036 0.3309 -0.3137
0.7882 -0.2004 -0.5692 -0.1207 0.6507 -0.3521 -0.6606 -0.1271 0.7119 -0.0801 -0.608 -0.3422 0.6076 0.3336 -0.7157 -0.0858 0.6318 -0.403 -0.6619 0.0178 0.6634 0.0709 -0.7124 0.2176 0.9628 0.1592 0.2119 -0.0519 0.5862 -0.2589 -0.7303 -0.2365 0.6268 -0.3458 -0.6367 -0.2869 0.8839 0.1036 0.3309 -0.3137
0.7882 -0.2004 -0.5692 -0.1207 0.6507 -0.3521 -0.6606 -0.1271 0.7119 -0.0801 -0.608 -0.3422 0.6076 0.3336 -0.7157 -0.0858 0.6056 -0.449 -0.6567 -0.019 0.6634 0.0709 -0.7124 0.2176 0.9628 0.1592 0.2119 -0.0519 0.5862 -0.2589 -0.7303 -0.2365 0.6268 -0.3458 -0.6367 -0.2869 0.8839 0.1036 0.3309 -0.3137
0.7882 -0.2004 -0.5692 -0.1207 0.6507 -0.3521 -0.6606 -0.1271 0.7119 -0.0801 -0.608 -0.3422 0.6076 0.3336 -0.7157 -0.0858 0.6056 -0.449 -0.6567 -0.019 0.6634 0.0709 -0.7124 0.2176 0.9628 0.1592 0.2119 -0.0519 0.5862 -0.2589 -0.7303 -0.2365 0.6268 -0.3458 -0.6367 -0.2869 0.8839 0.1036 0.3309 -0.3137
0.7841 -0.2161 -0.5601 -0.1575 0.6507 -0.3521 -0.6606 -0.1271 0.7119 -0.0801 -0.608 -0.3422 0.6076 0.3336 -0.7157 -0.0858 0.6056 -0.449 -0.6567 -0.019 0.6634 0.0709 -0.7124 0.2176 0.9628 0.1592 0.2119 -0.0519 0.5862 -0.2589 -0.7303 -0.2365 0.6268 -0.3458 -0.6367 -0.2869 0.8788 0.119 0.3531 -0.2979
0.7841 -0.2161 -0.5601 -0.1575 0.6507 -0.3521 -0.6606 -0.1271 0.7119 -0.0801 -0.608 -0.3422 0.5593 0.3492 -0.7404 -0.1309 0.6056 -0.449 -0.6567 -0.019 0.6634 0.0709 -0.7124 0.2176 0.9628 0.1592 0.2119 -0.0519 0.5862 -0.2589 -0.7303 -0.2365 0.6268 -0.3458 -0.6367 -0.2869 0.8788 0.119 0.3531 -0.2979
0.7841 -0.2161 -0.5601 -0.1575 0.6507 -0.3521 -0.6606 -0.1271 0.7119 -0.0801 -0.608 -0.3422 0.5593 0.3492 -0.7404 -0.1309 0.6056 -0.449 -0.6567 -0.019 0.6634 0.0709 -0.7124 0.2176 0.9628 0.1592 0.2119 -0.0519 0.5862 -0.2589 -0.7303 -0.2365 0.6268 -0.3458 -0.6367 -0.2869 0.8788 0.119 0.3531 -0.2979
0.7841 -0.2161 -0.5601 -0.1575 0.6507 -0.3521 -0.6606 -0.1271 0.7119 -0.0801 -0.608 -0.3422 0.5593 0.3492 -0.7404 -0.1309 0.6056 -0.449 -0.6567 -0.019 0.6634 0.0709 -0.7124 0.2176 0.9628 0.1592 0.2119 -0.0519 0.5862 -0.2589 -0.7303 -0.2365 0.6268 -0.3458 -0.6367 -0.2869 0.8788 0.119 0.3531 -0.2979
0.7841 -0.2161 -0.5601 -0.1575 0.6679 -0.3456 -0.6376 -0.1667 0.7119 -0.0801 -0.608 -0.3422 0.5593 0.3492 -0.7404 -0.1309 0.6016 -0.4464 -0.6625 0.0034 0.6307 0.0082 -0.7272 0.2708 0.98 0.1712 0.091 -0.0453 0.5997 -0.2989 -0.7177 -0.1895 0.6268 -0.3458 -0.6367 -0.2869 0.8788 0.119 0.3531 -0.2979
0.7841 -0.2161 -0.5601 -0.1575 0.6679 -0.3456 -0.6376 -0.1667 0.7119 -0.0801 -0.608 -0.3422 0.5593 0.3492 -0.7404 -0.1309 0.6016 -0.4464 -0.6625 0.0034 0.6307 0.0082 -0.7272 0.2708 0.98 0.1712 0.091 -0.0453 0.5997 -0.2989 -0.7177 -0.1895 0.6268 -0.3458 -0.6367 -0.2869 0.8788 0.119 0.3531 -0.2979
0.7841 -0.2161 -0.5601 -0.1575 0.6679 -0.3456 -0.6376 -0.1667 0.7119 -0.0801 -0.608 -0.3422 0.5593 0.3492 -0.7404 -0.1309 0.6016 -0.4464 -0.6625 0.0034 0.6307 0.0082 -0.7272 0.2708 0.98 0.1712 0.091 -0.0453 0.5997 -0.2989 -0.7177 -0.1895 0.6268 -0.3458 -0.6367 -0.2869 0.8788 0.119 0.3531 -0.2979
0.7768 -0.2291 -0.5681 -0.1465 0.6679 -0.3456 -0.6376 -0.1667 0.7119 -0.0801 -0.608 -0.3422 0.5842 0.3304 -0.7336 -0.1061 0.6016 -0.4464 -0.6625 0.0034 0.6307 0.0082 -0.7272 0.2708 0.98 0.1712 0.091 -0.0453 0.5997 -0.2989 -0.7177 -0.1895 0.6268 -0.3458 -0.6367 -0.2869 0.7681 0.1829 0.5471 -0.2781
0.7768 -0.2291 -0.5681 -0.1465 0.6679 -0.3456 -0.6376 -0.1667 0.7119 -0.0801 -0.608 -0.3422 0.5842 0.3304 -0.7336 -0.1061 0.6016 -0.4464 -0.6625 0.0034 0.6307 0.0082 -0.7272 0.2708 0.98 0.1712 0.091 -0.0453 0.5997 -0.2989 -0.7177 -0.1895 0.6268 -0.3458 -0.6367 -0.2869 0.7681 0.1829 0.5471 -0.2781
0.7768 -0.2291 -0.5681 -0.1465 0.6679 -0.3456 -0.6376 -0.1667 0.7219 -0.0352 -0.6246 -0.2957 0.5842 0.3304 -0.7336 -0.1061 0.6016 -0.4464 -0.6625 0.0034 0.6307 0.0082 -0.7272 0.2708 0.941 0.1517 0.2966 -0.0601 0.5997 -0.2989 -0.7177 -0.1895 0.7451 -0.4502 -0.492 -0.0104 0.7681 0.1829 0.5471 -0.2781
0.7768 -0.2291 -0.5681 -0.1465 0.6679 -0.3456 -0.6376 -0.1667 0.7219 -0.0352 -0.6246 -0.2957 0.5842 0.3304 -0.7336 -0.1061 0.6016 -0.4464 -0.6625 0.0034 0.6307 0.0082 -0.7272 0.2708 0.941 0.1517 0.2966 -0.0601 0.5997 -0.2989 -0.7177 -0.1895 0.7451 -0.4502 -0.492 -0.0104 0.7681 0.1829 0.5471 -0.2781
0.7768 -0.2291 -0.5681 -0.1465 0.6603 -0.356 -0.6386 -0.1714 0.7219 -0.0352 -0.6246 -0.2957 0.5842 0.3304 -0.7336 -0.1061 0.6016 -0.4464 -0.6625 0.0034 0.6492 0.1453 -0.7065 0.2413 0.941 0.1517 0.2966 -0.0601 0.638 -0.209 -0.7037 -0.2325 0.7451 -0.4502 -0.492 -0.0104 0.7681 0.1829 0.5471 -0.2781
0.7768 -0.2291 -0.5681 -0.1465 0.6603 -0.356 -0.6386 -0.1714 0.7219 -0.0352 -0.6246 -0.2957 0.5842 0.3304 -0.7336 -0.1061 0.6176 -0.3934 -0.681 -0.001 0.6492 0.1453 -0.7065 0.2413 0.941 0.1517 0.2966 -0.0601 0.638 -0.209 -0.7037 -0.2325 0.7451 -0.4502 -0.492 -0.0104 0.7681 0.1829 0.5471 -0.2781
0.7768 -0.2291 -0.5681 -0.1465 0.6603 -0.356 -0.6386 -0.1714 0.7219 -0.0352 -0.6246 -0.2957 0.5842 0.3304 -0.7336 -0.1061 0.6176 -0.3934 -0.681 -0.001 0.6492 0.1453 -0.7065 0.2413 0.941 0.1517 0.2966 -0.0601 0.638 -0.209 -0.7037 -0.2325 0.7451 -0.4502 -0.492 -0.0104 0.7681 0.1829 0.5471 -0.2781
0.7843 -0.2023 -0.5803 -0.0844 0.6603 -0.356 -0.6386 -0.1714 0.7219 -0.0352 -0.6246 -0.2957 0.6315 0.3239 -0.7039 -0.0295 0.6176 -0.3934 -0.681 -0.001 0.6492 0.1453 -0.7065 0.2413 0.941 0.1517 0.2966 -0.0601 0.638 -0.209 -0.7037 -0.2325 0.7451 -0.4502 -0.492 -0.0104 0.4899 0.2209 0.8302 -0.1483
0.7843 -0.2023 -0.5803 -0.0844 0.6603 -0.356 -0.6386 -0.1714 0.7219 -0.0352 -0.6246 -0.2957 0.6315 0.3239 -0.7039 -0.0295 0.6176 -0.3934 -0.681 -0.001 0.6492 0.1453 -0.7065 0.2413 0.941 0.1517 0.2966 -0.0601 0.638 -0.209 -0.7037 -0.2325 0.7451 -0.4502 -0.492 -0.0104 0.4899 0.2209 0.8302 -0.1483
0.7843 -0.2023 -0.5803 -0.0844 0.6603 -0.356 -0.6386 -0.1714 0.7369 -0.0383 -0.6237 -0.2577 0.6315 0.3239 -0.7039 -0.0295 0.6176 -0.3934 -0.681 -0.001 0.6492 0.1453 -0.7065 0.2413 0.9278 0.1456 0.3378 -0.0625 0.638 -0.209 -0.7037 -0.2325 0.7656 -0.4652 -0.4392 0.067 0.4899 0.2209 0.8302 -0.1483
0.7843 -0.2023 -0.5803 -0.0844 0.6603 -0.356 -0.6386 -0.1714 0.7369 -0.0383 -0.6237 -0.2577 0.6315 0.3239 -0.7039 -0.0295 0.6176 -0.3934 -0.681 -0.001 0.6492 0.1453 -0.7065 0.2413 0.9278 0.1456 0.3378 -0.0625 0.638 -0.209 -0.7037 -0.2325 0.7656 -0.4652 -0.4392 0.067 0.4899 0.2209 0.8302 -0.1483
0.7843 -0.2023 -0.5803 -0.0844 0.6584 -0.3421 -0.6668 -0.0687 0.7369 -0.0383 -0.6237 -0.2577 0.6315 0.3239 -0.7039 -0.0295 0.6176 -0.3934 -0.681 -0.001 0.6639 0.1794 -0.7098 0.1522 0.9278 0.1456 0.3378 -0.0625 0.5967 -0.1015 -0.6989 -0.381 0.7656 -0.4652 -0.4392 0.067 0.4899 0.2209 0.8302 -0.1483
0.7843 -0.2023 -0.5803 -0.0844 0.6584 -0.3421 -0.6668 -0.0687 0.7369 -0.0383 -0.6237 -0.2577 0.6315 0.3239 -0.7039 -0.0295 0.6039 -0.3769 -0.6924 -0.1177 0.6639 0.1794 -0.7098 0.1522 0.9278 0.1456 0.3378 -0.0625 0.5967 -0.1015 -0.6989 -0.381 0.7656 -0.4652 -0.4392 0.067 0.4899 0.2209 0.8302 -0.1483
0.7843 -0.2023 -0.5803 -0.0844 0.6584 -0.3421 -0.6668 -0.0687 0.7369 -0.0383 -0.6237 -0.2577 0.6315 0.3239 -0.7039 -0.0295 0.6039 -0.3769 -0.6924 -0.1177 0.6639 0.1794 -0.7098 0.1522 0.9278 0.1456 0.3378 -0.0625 0.5967 -0.1015 -0.6989 -0.381 0.7656 -0.4652 -0.4392 0.067 0.7283 0.1923 0.6327 -0.1795
0.8016 -0.1925 -0.566 -0.0076 0.6584 -0.3421 -0.6668 -0.0687 0.7369 -0.0383 -0.6237 -0.2577 0.6315 0.3239 -0.7039 -0.0295 0.6039 -0.3769 -0.6924 -0.1177 0.6639 0.1794 -0.7098 0.1522 0.9278 0.1456 0.3378 -0.0625 0.5967 -0.1015 -0.6989 -0.381 0.7656 -0.4652 -0.4392 0.067 0.7283 0.1923 0.6327 -0.1795
0.8016 -0.1925 -0.566 -0.0076 0.6584 -0.3421 -0.6668 -0.0687 0.7369 -0.0383 -0.6237 -0.2577 0.6757 0.3107 -0.668 0.027 0.6039 -0.3769 -0.6924 -0.1177 0.6639 0.1794 -0.7098 0.1522 0.9278 0.1456 0.3378 -0.0625 0.5967 -0.1015 -0.6989 -0.381 0.7656 -0.4652 -0.4392 0.067 0.7283 0.1923 0.6327 -0.1795
0.8016 -0.1925 -0.566 -0.0076 0.6584 -0.3421 -0.6668 -0.0687 0.7584 -0.0199 -0.6212 -0.1964 0.6757 0.3107 -0.668 0.027 0.6039 -0.3769 -0.6924 -0.1177 0.6639 0.1794 -0.7098 0.1522 0.9214 0.1416 0.3542 -0.0743 0.5967 -0.1015 -0.6989 -0.381 0.701 -0.3578 -0.6042 -0.1245 0.7283 0.1923 0.6327 -0.1795
0.8016 -0.1925 -0.566 -0.0076 0.6584 -0.3421 -0.6668 -0.0687 0.7584 -0.0199 -0.6212 -0.1964 0.6757 0.3107 -0.668 0.027 0.6039 -0.3769 -0.6924 -0.1177 0.6639 0.1794 -0.7098 0.1522 0.9214 0.1416 0.3542 -0.0743 0.5967 -0.1015 -0.6989 -0.381 0.701 -0.3578 -0.6042 -0.1245 0.7283 0.1923 0.6327 -0.1795
0.8016 -0.1925 -0.566 -0.0076 0.6263 -0.3796 -0.6809 0.0013 0.7584 -0.0199 -0.6212 -0.1964 0.6757 0.3107 -0.668 0.027 0.6039 -0.3769 -0.6924 -0.1177 0.6816 0.1981 -0.6997 0.0811 0.9214 0.1416 0.3542 -0.0743 0.551 -0.0789 -0.6939 -0.4568 0.701 -0.3578 -0.6042 -0.1245 0.7283 0.1923 0.6327 -0.1795
0.8016 -0.1925 -0.566 -0.0076 0.6263 -0.3796 -0.6809 0.0013 0.7584 -0.0199 -0.6212 -0.1964 0.6757 0.3107 -0.668 0.027 0.6082 -0.2933 -0.7216 -0.153 0.6816 0.1981 -0.6997 0.0811 0.9214 0.1416 0.3542 -0.0743 0.551 -0.0789 -0.6939 -0.4568 0.701 -0.3578 -0.6042 -0.1245 0.7283 0.1923 0.6327 -0.1795
0.8073 -0.1957 -0.5552 0.0416 0.6263 -0.3796 -0.6809 0.0013 0.7584 -0.0199 -0.6212 -0.1964 0.6757 0.3107 -0.668 0.027 0.6082 -0.2933 -0.7216 -0.153 0.6816 0.1981 -0.6997 0.0811 0.9214 0.1416 0.3542 -0.0743 0.551 -0.0789 -0.6939 -0.4568 0.701 -0.3578 -0.6042 -0.1245 0.908 0.0601 0.2972 -0.2889
0.8073 -0.1957 -0.5552 0.0416 0.6263 -0.3796 -0.6809 0.0013 0.7584 -0.0199 -0.6212 -0.1964 0.6757 0.3107 -0.668 0.027 0.6082 -0.2933 -0.7216 -0.153 0.6816 0.1981 -0.6997 0.0811 0.9214 0.1416 0.3542 -0.0743 0.551 -0.0789 -0.6939 -0.4568 0.701 -0.3578 -0.6042 -0.1245 0.908 0.0601 0.2972 -0.2889
0.8073 -0.1957 -0.5552 0.0416 0.6263 -0.3796 -0.6809 0.0013 0.7584 -0.0199 -0.6212 -0.1964 0.7106 0.3016 -0.631 0.0765 0.6082 -0.2933 -0.7216 -0.153 0.6816 0.1981 -0.6997 0.0811 0.9214 0.1416 0.3542 -0.0743 0.551 -0.0789 -0.6939 -0.4568 0.701 -0.3578 -0.6042 -0.1245 0.908 0.0601 0.2972 -0.2889
0.8073 -0.1957 -0.5552 0.0416 0.6263 -0.3796 -0.6809 0.0013 0.7679 -0.0176 -0.6166 -0.173 0.7106 0.3016 -0.631 0.0765 0.6082 -0.2933 -0.7216 -0.153 0.6816 0.1981 -0.6997 0.0811 0.9056 0.137 0.3864 -0.1093 0.551 -0.0789 -0.6939 -0.4568 0.5819 -0.1773 -0.7092 -0.3563 0.908 0.0601 0.2972 -0.2889
0.8073 -0.1957 -0.5552 0.0416 0.6263 -0.3796 -0.6809 0.0013 0.7679 -0.0176 -0.6166 -0.173 0.7106 0.3016 -0.631 0.0765 0.6082 -0.2933 -0.7216 -0.153 0.6816 0.1981 -0.6997 0.0811 0.9056 0.137 0.3864 -0.1093 0.551 -0.0789 -0.6939 -0.4568 0.5819 -0.1773 -0.7092 -0.3563 0.908 0.0601 0.2972 -0.2889
0.8073 -0.1957 -0.5552 0.0416 0.6094 -0.3906 -0.6875 0.0579 0.7679 -0.0176 -0.6166 -0.173 0.7106 0.3016 -0.631 0.0765 0.6082 -0.2933 -0.7216 -0.153 0.6907 0.2517 -0.6773 0.0289 0.9056 0.137 0.3864 -0.1093 0.5459 -0.0931 -0.7131 -0.4299 0.5819 -0.1773 -0.7092 -0.3563 0.908 0.0601 0.2972 -0.2889
0.8073 -0.1957 -0.5552 0.0416 0.6094 -0.3906 -0.6875 0.0579 0.7679 -0.0176 -0.6166 -0.173 0.7106 0.3016 -0.631 0.0765 0.5999 -0.273 -0.7175 -0.2252 0.6907 0.2517 -0.6773 0.0289 0.9056 0.137 0.3864 -0.1093 0.5459 -0.0931 -0.7131 -0.4299 0.5819 -0.1773 -0.7092 -0.3563 0.908 0.0601 0.2972 -0.2889
0.8073 -0.1957 -0.5552 0.0416 0.6094 -0.3906 -0.6875 0.0579 0.7679 -0.0176 -0.6166 -0.173 0.7106 0.3016 -0.631 0.0765 0.5999 -0.273 -0.7175 -0.2252 0.6907 0.2517 -0.6773 0.0289 0.9056 0.137 0.3864 -0.1093 0.5459 -0.0931 -0.7131 -0.4299 0.5819 -0.1773 -0.7092 -0.3563 0.908 0.0601 0.2972 -0.2889
0.8051 -0.222 -0.5475 0.0537 0.6094 -0.3906 -0.6875 0.0579 0.7679 -0.0176 -0.6166 -0.173 0.7106 0.3016 -0.631 0.0765 0.5999 -0.273 -0.7175 -0.2252 0.6907 0.2517 -0.6773 0.0289 0.9056 0.137 0.3864 -0.1093 0.5459 -0.0931 -0.7131 -0.4299 0.5819 -0.1773 -0.7092 -0.3563 0.9404 0.0093 0.084 -0.3294
0.8051 -0.222 -0.5475 0.0537 0.6094 -0.3906 -0.6875 0.0579 0.7679 -0.0176 -0.6166 -0.173 0.7269 0.2931 -0.6146 0.0898 0.5999 -0.273 -0.7175 -0.2252 0.6907 0.2517 -0.6773 0.0289 0.9056 0.137 0.3864 -0.1093 0.5459 -0.0931 -0.7131 -0.4299 0.5819 -0.1773 -0.7092 -0.3563 0.9404 0.0093 0.084 -0.3294
0.8051 -0.222 -0.5475 0.0537 0.6094 -0.3906 -0.6875 0.0579 0.7567 -0.0131 -0.6279 -0.1818 0.7269 0.2931 -0.6146 0.0898 0.5999 -0.273 -0.7175 -0.2252 0.6907 0.2517 -0.6773 0.0289 0.7834 0.1353 0.5941 -0.1227 0.5459 -0.0931 -0.7131 -0.4299 0.5728 -0.2087 -0.6924 -0.3858 0.9404 0.0093 0.084 -0.3294
0.8051 -0.222 -0.5475 0.0537 0.6094 -0.3906 -0.6875 0.0579 0.7567 -0.0131 -0.6279 -0.1818 0.7269 0.2931 -0.6146 0.0898 0.5999 -0.273 -0.7175 -0.2252 0.6907 0.2517 -0.6773 0.0289 0.7834 0.1353 0.5941 -0.1227 0.5459 -0.0931 -0.7131 -0.4299 0.5728 -0.2087 -0.6924 -0.3858 0.9404 0.0093 0.084 -0.3294
0.8051 -0.222 -0.5475 0.0537 0.6111 -0.3944 -0.686 0.0188 0.7567 -0.0131 -0.6279 -0.1818 0.7269 0.2931 -0.6146 0.0898 0.5999 -0.273 -0.7175 -0.2252 0.7059 0.334 -0.6189 -0.0842 0.7834 0.1353 0.5941 -0.1227 0.5286 -0.1161 -0.7306 -0.4163 0.5728 -0.2087 -0.6924 -0.3858 0.9404 0.0093 0.084 -0.3294
0.8051 -0.222 -0.5475 0.0537 0.6111 -0.3944 -0.686 0.0188 0.7567 -0.0131 -0.6279 -0.1818 0.7269 0.2931 -0.6146 0.0898 0.6173 -0.2984 -0.6949 -0.2169 0.7059 0.334 -0.6189 -0.0842 0.7834 0.1353 0.5941 -0.1227 0.5286 -0.1161 -0.7306 -0.4163 0.5728 -0.2087 -0.6924 -0.3858 0.9404 0.0093 0.084 -0.3294
0.8051 -0.222 -0.5475 0.0537 0.6111 -0.3944 -0.686 0.0188 0.7567 -0.0131 -0.6279 -0.1818 0.7269 0.2931 -0.6146 0.0898 0.6173 -0.2984 -0.6949 -0.2169 0.7059 0.334 -0.6189 -0.0842 0.7834 0.1353 0.5941 -0.1227 0.5286 -0.1161 -0.7306 -0.4163 0.5728 -0.2087 -0.6924 -0.3858 0.9404 0.0093 0.084 -0.3294
0.7917 -0.2414 -0.5611 0.013 0.6111 -0.3944 -0.686 0.0188 0.7567 -0.0131 -0.6279 -0.1818 0.7048 0.3114 -0.6329 0.0756 0.6173 -0.2984 -0.6949 -0.2169 0.7059 0.334 -0.6189 -0.0842 0.7834 0.1353 0.5941 -0.1227 0.5286 -0.1161 -0.7306 -0.4163 0.5728 -0.2087 -0.6924 -0.3858 0.8965 0.0856 0.2854 -0.3276
0.7917 -0.2414 -0.5611 0.013 0.6111 -0.3944 -0.686 0.0188 0.7567 -0.0131 -0.6279 -0.1818 0.7048 0.3114 -0.6329 0.0756 0.6173 -0.2984 -0.6949 -0.2169 0.7059 0.334 -0.6189 -0.0842 0.7834 0.1353 0.5941 -0.1227 0.5286 -0.1161 -0.7306 -0.4163 0.5728 -0.2087 -0.6924 -0.3858 0.8965 0.0856 0.2854 -0.3276
0.7917 -0.2414 -0.5611 0.013 0.6111 -0.3944 -0.686 0.0188 0.7399 -0.0237 -0.6354 -0.2195 0.7048 0.3114 -0.6329 0.0756 0.6173 -0.2984 -0.6949 -0.2169 0.7059 0.334 -0.6189 -0.0842 0.5276 0.1429 0.8049 -0.231 0.5286 -0.1161 -0.7306 -0.4163 0.594 -0.3242 -0.6492 -0.3473 0.8965 0.0856 0.2854 -0.3276
0.7917 -0.2414 -0.5611 0.013 0.6111 -0.3944 -0.686 0.0188 0.7399 -0.0237 -0.6354 -0.2195 0.7048 0.3114 -0.6329 0.0756 0.6173 -0.2984 -0.6949 -0.2169 0.7059 0.334 -0.6189 -0.0842 0.5276 0.1429 0.8049 -0.231 0.5286 -0.1161 -0.7306 -0.4163 0.594 -0.3242 -0.6492 -0.3473 0.8965 0.0856 0.2854 -0.3276
0.7917 -0.2414 -0.5611 0.013 0.6149 -0.3858 -0.6867 -0.0398 0.7399 -0.0237 -0.6354 -0.2195 0.7048 0.3114 -0.6329 0.0756 0.6173 -0.2984 -0.6949 -0.2169 0.7466 0.3076 -0.5344 -0.2498 0.5276 0.1429 0.8049 -0.231 0.546 -0.1252 -0.7453 -0.3616 0.594 -0.3242 -0.6492 -0.3473 0.8965 0.0856 0.2854 -0.3276
0.7917 -0.2414 -0.5611 0.013 0.6149 -0.3858 -0.6867 -0.0398 0.7399 -0.0237 -0.6354 -0.2195 0.7048 0.3114 -0.6329 0.0756 0.6245 -0.4128 -0.655 -0.1022 0.7466 0.3076 -0.5344 -0.2498 0.5276 0.1429 0.8049 -0.231 0.546 -0.1252 -0.7453 -0.3616 0.594 -0.3242 -0.6492 -0.3473 0.8965 0.0856 0.2854 -0.3276
0.7917 -0.2414 -0.5611 0.013 0.6149 -0.3858 -0.6867 -0.0398 0.7399 -0.0237 -0.6354 -0.2195 0.7048 0.3114 -0.6329 0.0756 0.6245 -0.4128 -0.655 -0.1022 0.7466 0.3076 -0.5344 -0.2498 0.5276 0.1429 0.8049 -0.231 0.546 -0.1252 -0.7453 -0.3616 0.594 -0.3242 -0.6492 -0.3473 0.8845 0.0934 0.3219 -0.3245
0.7819 -0.2463 -0.5709 -0.0463 0.6149 -0.3858 -0.6867 -0.0398 0.7399 -0.0237 -0.6354 -0.2195 0.7048 0.3114 -0.6329 0.0756 0.6245 -0.4128 -0.655 -0.1022 0.7466 0.3076 -0.5344 -0.2498 0.5276 0.1429 0.8049 -0.231 0.546 -0.1252 -0.7453 -0.3616 0.594 -0.3242 -0.6492 -0.3473 0.8845 0.0934 0.3219 -0.3245
0.7819 -0.2463 -0.5709 -0.0463 0.6149 -0.3858 -0.6867 -0.0398 0.7399 -0.0237 -0.6354 -0.2195 0.6739 0.3227 -0.6647 0.0035 0.6245 -0.4128 -0.655 -0.1022 0.7466 0.3076 -0.5344 -0.2498 0.5276 0.1429 0.8049 -0.231 0.546 -0.1252 -0.7453 -0.3616 0.594 -0.3242 -0.6492 -0.3473 0.8845 0.0934 0.3219 -0.3245
0.7819 -0.2463 -0.5709 -0.0463 0.6149 -0.3858 -0.6867 -0.0398 0.7142 -0.046 -0.6326 -0.2959 0.6739 0.3227 -0.6647 0.0035 0.6245 -0.4128 -0.655 -0.1022 0.7466 0.3076 -0.5344 -0.2498 0.7965 0.1226 0.5698 -0.1611 0.546 -0.1252 -0.7453 -0.3616 0.6236 -0.3433 -0.6415 -0.286 0.8845 0.0934 0.3219 -0.3245
0.7819 -0.2463 -0.5709 -0.0463 0.6149 -0.3858 -0.6867 -0.0398 0.7142 -0.046 -0.6326 -0.2959 0.6739 0.3227 -0.6647 0.0035 0.6245 -0.4128 -0.655 -0.1022 0.7466 0.3076 -0.5344 -0.2498 0.7965 0.1226 0.5698 -0.1611 0.546 -0.1252 -0.7453 -0.3616 0.6236 -0.3433 -0.6415 -0.286 0.8845 0.0934 0.3219 -0.3245
0.7819 -0.2463 -0.5709 -0.0463 0.6246 -0.3731 -0.6802 -0.0897 0.7142 -0.046 -0.6326 -0.2959 0.6739 0.3227 -0.6647 0.0035 0.6245 -0.4128 -0.655 -0.1022 0.731 0.2787 -0.6171 -0.0847 0.7965 0.1226 0.5698 -0.1611 0.5743 -0.171 -0.7503 -0.2794 0.6236 -0.3433 -0.6415 -0.286 0.8845 0.0934 0.3219 -0.3245
0.7819 -0.2463 -0.5709 -0.0463 0.6246 -0.3731 -0.6802 -0.0897 0.7142 -0.046 -0.6326 -0.2959 0.6739 0.3227 -0.6647 0.0035 0.6281 -0.4146 -0.6573 0.0402 0.731 0.2787 -0.6171 -0.0847 0.7965 0.1226 0.5698 -0.1611 0.5743 -0.171 -0.7503 -0.2794 0.6236 -0.3433 -0.6415 -0.286 0.8845 0.0934 0.3219 -0.3245
0.7783 -0.233 -0.5732 -0.1064 0.6246 -0.3731 -0.6802 -0.0897 0.7142 -0.046 -0.6326 -0.2959 0.6739 0.3227 -0.6647 0.0035 0.6281 -0.4146 -0.6573 0.0402 0.731 0.2787 -0.6171 -0.0847 0.7965 0.1226 0.5698 -0.1611 0.5743 -0.171 -0.7503 -0.2794 0.6236 -0.3433 -0.6415 -0.286 0.8801 0.0979 0.3352 -0.3215
0.7783 -0.233 -0.5732 -0.1064 0.6246 -0.3731 -0.6802 -0.0897 0.7142 -0.046 -0.6326 -0.2959 0.6122 0.3452 -0.7078 -0.0713 0.6281 -0.4146 -0.6573 0.0402 0.731 0.2787 -0.6171 -0.0847 0.7965 0.1226 0.5698 -0.1611 0.5743 -0.171 -0.7503 -0.2794 0.6236 -0.3433 -0.6415 -0.286 0.8801 0.0979 0.3352 -0.3215
0.7783 -0.233 -0.5732 -0.1064 0.6246 -0.3731 -0.6802 -0.0897 0.7142 -0.046 -0.6326 -0.2959 0.6122 0.3452 -0.7078 -0.0713 0.6281 -0.4146 -0.6573 0.0402 0.731 0.2787 -0.6171 -0.0847 0.7965 0.1226 0.5698 -0.1611 0.5743 -0.171 -0.7503 -0.2794 0.6236 -0.3433 -0.6415 -0.286 0.8801 0.0979 0.3352 -0.3215
0.7783 -0.233 -0.5732 -0.1064 0.6246 -0.3731 -0.6802 -0.0897 0.7036 -0.0646 -0.6182 -0.3443 0.6122 0.3452 -0.7078 -0.0713 0.6281 -0.4146 -0.6573 0.0402 0.731 0.2787 -0.6171 -0.0847 0.9562 0.1527 0.2445 -0.0516 0.5743 -0.171 -0.7503 -0.2794 0.6458 -0.3708 -0.6246 -0.2352 0.8801 0.0979 0.3352 -0.3215
0.7783 -0.233 -0.5732 -0.1064 0.6246 -0.3731 -0.6802 -0.0897 0.7036 -0.0646 -0.6182 -0.3443 0.6122 0.3452 -0.7078 -0.0713 0.6281 -0.4146 -0.6573 0.0402 0.731 0.2787 -0.6171 -0.0847 0.9562 0.1527 0.2445 -0.0516 0.5743 -0.171 -0.7503 -0.2794 0.6458 -0.3708 -0.6246 -0.2352 0.8801 0.0979 0.3352 -0.3215
