rt-uaw rt-uax rt-uay rt-uaz rt-faw rt-fax rt-fay rt-faz rt-thw rt-thx rt-thy rt-thz rt-llw rt-llx rt-lly rt-llz rt-ftw rt-ftx rt-fty rt-ftz lt-uaw lt-uax lt-uay lt-uaz lt-faw lt-fax lt-fay lt-faz lt-thw lt-thx lt-thy lt-thz lt-llw lt-llx lt-lly lt-llz lt-ftw lt-ftx lt-fty lt-ftz 
0.7529 0.0236 -0.6548 0.0604 0.1058 -0.7387 0.2068 -0.6327 0.7429 0.04 -0.6682 -0.0078 0.7186 0.1961 -0.6672 -0.002 0.6656 0.0222 -0.7439 0.0562 0.7486 0.0023 -0.6624 -0.0305 0.9363 0.0903 0.3392 -0.0015 0.6621 -0.0456 -0.7468 0.0427 0.713 -0.0013 -0.6997 0.0456 0.9265 0.0045 0.3762 -4.0E-4
0.7529 0.0236 -0.6548 0.0604 0.1058 -0.7387 0.2068 -0.6327 0.7405 0.0369 -0.671 -0.0059 0.7186 0.1961 -0.6672 -0.002 0.6656 0.0216 -0.744 0.0555 0.7486 0.0023 -0.6624 -0.0305 0.9363 0.0903 0.3392 -0.0015 0.6621 -0.0456 -0.7468 0.0427 0.713 -0.0012 -0.6997 0.0457 0.9265 0.0045 0.3762 -4.0E-4
0.7529 0.0236 -0.6548 0.0604 0.1058 -0.7387 0.2068 -0.6327 0.7405 0.0369 -0.671 -0.0059 0.7182 0.1941 -0.6682 -9.0E-4 0.6656 0.0216 -0.744 0.0555 0.7486 0.0023 -0.6624 -0.0305 0.9363 0.0903 0.3392 -0.0015 0.6621 -0.0456 -0.7468 0.0427 0.713 -0.0012 -0.6997 0.0457 0.9265 0.0045 0.3762 -4.0E-4
0.7529 0.0236 -0.6548 0.0604 0.1052 -0.7384 0.2061 -0.6335 0.7405 0.0369 -0.671 -0.0059 0.7182 0.1941 -0.6682 -9.0E-4 0.6656 0.0216 -0.744 0.0555 0.7486 0.0023 -0.6624 -0.0305 0.9363 0.0903 0.3392 -0.0015 0.6621 -0.0456 -0.7468 0.0427 0.713 -0.0012 -0.6997 0.0457 0.9265 0.0045 0.3762 -4.0E-4
0.7529 0.0236 -0.6548 0.0604 0.1052 -0.7384 0.2061 -0.6335 0.7405 0.0369 -0.671 -0.0059 0.7182 0.1941 -0.6682 -9.0E-4 0.6656 0.0216 -0.744 0.0555 0.7486 0.0023 -0.6624 -0.0305 0.9363 0.0903 0.3392 -0.0015 0.6621 -0.0456 -0.7468 0.0427 0.713 -0.0012 -0.6997 0.0457 0.9265 0.0045 0.3762 -4.0E-4
0.7527 0.0251 -0.6552 0.0596 0.1052 -0.7384 0.2061 -0.6335 0.7405 0.0369 -0.671 -0.0059 0.7182 0.1941 -0.6682 -9.0E-4 0.6656 0.0216 -0.744 0.0555 0.7486 0.0023 -0.6624 -0.0305 0.9363 0.0903 0.3392 -0.0015 0.6621 -0.0456 -0.7468 0.0427 0.713 -0.0012 -0.6997 0.0457 0.9265 0.0045 0.3762 -4.0E-4
0.7527 0.0251 -0.6552 0.0596 0.1052 -0.7384 0.2061 -0.6335 0.7405 0.0369 -0.671 -0.0059 0.7182 0.1941 -0.6682 -9.0E-4 0.6656 0.0216 -0.744 0.0555 0.7486 0.0023 -0.6624 -0.0305 0.9363 0.0903 0.3392 -0.0015 0.6621 -0.0456 -0.7468 0.0427 0.713 -0.0012 -0.6997 0.0457 0.9265 0.0045 0.3762 -4.0E-4
0.7527 0.0251 -0.6552 0.0596 0.1052 -0.7384 0.2061 -0.6335 0.7405 0.0369 -0.671 -0.0059 0.7182 0.1941 -0.6682 -9.0E-4 0.6656 0.0216 -0.744 0.0555 0.7486 0.0023 -0.6624 -0.0305 0.9363 0.0903 0.3392 -0.0015 0.6621 -0.0456 -0.7468 0.0427 0.713 -0.0012 -0.6997 0.0457 0.9265 0.0045 0.3762 -4.0E-4
0.7527 0.0251 -0.6552 0.0596 0.1052 -0.7384 0.2061 -0.6335 0.7402 0.036 -0.6714 -0.0057 0.7182 0.1941 -0.6682 -9.0E-4 0.6656 0.0214 -0.744 0.0549 0.7486 0.0023 -0.6624 -0.0305 0.9363 0.0903 0.3392 -0.0015 0.6621 -0.0453 -0.7468 0.0429 0.713 -0.0013 -0.6998 0.0455 0.9265 0.0045 0.3762 -4.0E-4
0.7527 0.0251 -0.6552 0.0596 0.1052 -0.7384 0.2061 -0.6335 0.7402 0.036 -0.6714 -0.0057 0.7186 0.193 -0.6682 -0.0015 0.6656 0.0214 -0.744 0.0549 0.7486 0.0023 -0.6624 -0.0305 0.9363 0.0903 0.3392 -0.0015 0.6621 -0.0453 -0.7468 0.0429 0.713 -0.0013 -0.6998 0.0455 0.9265 0.0045 0.3762 -4.0E-4
0.7527 0.0251 -0.6552 0.0596 0.1052 -0.7384 0.2061 -0.6335 0.7402 0.036 -0.6714 -0.0057 0.7186 0.193 -0.6682 -0.0015 0.6656 0.0214 -0.744 0.0549 0.7486 0.0023 -0.6624 -0.0305 0.9363 0.0903 0.3392 -0.0015 0.6621 -0.0453 -0.7468 0.0429 0.713 -0.0013 -0.6998 0.0455 0.9265 0.0045 0.3762 -4.0E-4
0.7527 0.0251 -0.6552 0.0596 0.1039 -0.7384 0.206 -0.6337 0.7402 0.036 -0.6714 -0.0057 0.7186 0.193 -0.6682 -0.0015 0.6656 0.0214 -0.744 0.0549 0.7486 0.0023 -0.6624 -0.0305 0.9363 0.0903 0.3392 -0.0015 0.6621 -0.0453 -0.7468 0.0429 0.713 -0.0013 -0.6998 0.0455 0.9258 0.0045 0.3781 -8.0E-4
0.7522 0.0253 -0.6558 0.0585 0.1039 -0.7384 0.206 -0.6337 0.7402 0.036 -0.6714 -0.0057 0.7186 0.193 -0.6682 -0.0015 0.6656 0.0214 -0.744 0.0549 0.7487 0.0025 -0.6622 -0.03 0.9363 0.0903 0.3392 -0.0015 0.6621 -0.0453 -0.7468 0.0429 0.713 -0.0013 -0.6998 0.0455 0.9258 0.0045 0.3781 -8.0E-4
0.7522 0.0253 -0.6558 0.0585 0.1039 -0.7384 0.206 -0.6337 0.7402 0.036 -0.6714 -0.0057 0.7186 0.193 -0.6682 -0.0015 0.6656 0.0214 -0.744 0.0549 0.7487 0.0025 -0.6622 -0.03 0.9363 0.0903 0.3392 -0.0015 0.6621 -0.0453 -0.7468 0.0429 0.713 -0.0013 -0.6998 0.0455 0.9258 0.0045 0.3781 -8.0E-4
0.7522 0.0253 -0.6558 0.0585 0.1039 -0.7384 0.206 -0.6337 0.7402 0.036 -0.6714 -0.0057 0.7186 0.193 -0.6682 -0.0015 0.665 0.0181 -0.7448 0.0514 0.7487 0.0025 -0.6622 -0.03 0.9363 0.0903 0.3392 -0.0015 0.6621 -0.0453 -0.7468 0.0429 0.713 -0.0013 -0.6998 0.0455 0.9258 0.0045 0.3781 -8.0E-4
0.7522 0.0253 -0.6558 0.0585 0.1039 -0.7384 0.206 -0.6337 0.7402 0.036 -0.6714 -0.0057 0.7186 0.193 -0.6682 -0.0015 0.665 0.0181 -0.7448 0.0514 0.7487 0.0025 -0.6622 -0.03 0.9363 0.0903 0.3392 -0.0015 0.6621 -0.0453 -0.7468 0.0429 0.713 -0.0013 -0.6998 0.0455 0.9258 0.0045 0.3781 -8.0E-4
0.7522 0.0253 -0.6558 0.0585 0.1039 -0.7384 0.206 -0.6337 0.7402 0.036 -0.6714 -0.0057 0.7198 0.191 -0.6674 -0.0015 0.665 0.0181 -0.7448 0.0514 0.7487 0.0025 -0.6622 -0.03 0.9363 0.0903 0.3392 -0.0015 0.6621 -0.0453 -0.7468 0.0429 0.713 -0.0013 -0.6998 0.0455 0.9258 0.0045 0.3781 -8.0E-4
0.7522 0.0253 -0.6558 0.0585 0.1027 -0.7386 0.2061 -0.6336 0.7402 0.036 -0.6714 -0.0057 0.7198 0.191 -0.6674 -0.0015 0.665 0.0181 -0.7448 0.0514 0.7487 0.0025 -0.6622 -0.03 0.9363 0.0903 0.3392 -0.0015 0.6621 -0.0453 -0.7468 0.0429 0.713 -0.0013 -0.6998 0.0455 0.9258 0.0045 0.3781 -8.0E-4
0.7522 0.0253 -0.6558 0.0585 0.1027 -0.7386 0.2061 -0.6336 0.7402 0.036 -0.6714 -0.0057 0.7198 0.191 -0.6674 -0.0015 0.665 0.0181 -0.7448 0.0514 0.7487 0.0025 -0.6622 -0.03 0.9363 0.0903 0.3392 -0.0015 0.6621 -0.0453 -0.7468 0.0429 0.713 -0.0013 -0.6998 0.0455 0.9258 0.0045 0.3781 -8.0E-4
0.7523 0.024 -0.656 0.0557 0.1027 -0.7386 0.2061 -0.6336 0.7402 0.036 -0.6714 -0.0057 0.7198 0.191 -0.6674 -0.0015 0.665 0.0181 -0.7448 0.0514 0.7488 0.0043 -0.6622 -0.0291 0.9363 0.0903 0.3392 -0.0015 0.6621 -0.0453 -0.7468 0.0429 0.713 -0.0013 -0.6998 0.0455 0.9253 0.0047 0.3792 -0.0023
0.7523 0.024 -0.656 0.0557 0.1027 -0.7386 0.2061 -0.6336 0.7402 0.036 -0.6714 -0.0057 0.7198 0.191 -0.6674 -0.0015 0.665 0.0181 -0.7448 0.0514 0.7488 0.0043 -0.6622 -0.0291 0.9355 0.0921 0.341 -0.0012 0.6621 -0.0453 -0.7468 0.0429 0.713 -0.0013 -0.6998 0.0455 0.9253 0.0047 0.3792 -0.0023
0.7523 0.024 -0.656 0.0557 0.1027 -0.7386 0.2061 -0.6336 0.7402 0.036 -0.6714 -0.0057 0.7198 0.191 -0.6674 -0.0015 0.665 0.0181 -0.7448 0.0514 0.7488 0.0043 -0.6622 -0.0291 0.9355 0.0921 0.341 -0.0012 0.6647 -0.053 -0.7443 0.0373 0.713 -0.0013 -0.6998 0.0455 0.9253 0.0047 0.3792 -0.0023
0.7523 0.024 -0.656 0.0557 0.1027 -0.7386 0.2061 -0.6336 0.7402 0.036 -0.6714 -0.0057 0.7198 0.191 -0.6674 -0.0015 0.6621 0.0135 -0.7477 0.0489 0.7488 0.0043 -0.6622 -0.0291 0.9355 0.0921 0.341 -0.0012 0.6647 -0.053 -0.7443 0.0373 0.713 -0.0013 -0.6998 0.0455 0.9253 0.0047 0.3792 -0.0023
0.7523 0.024 -0.656 0.0557 0.1027 -0.7386 0.2061 -0.6336 0.7402 0.036 -0.6714 -0.0057 0.7218 0.1869 -0.6664 -0.0051 0.6621 0.0135 -0.7477 0.0489 0.7488 0.0043 -0.6622 -0.0291 0.9355 0.0921 0.341 -0.0012 0.6647 -0.053 -0.7443 0.0373 0.713 -0.0013 -0.6998 0.0455 0.9253 0.0047 0.3792 -0.0023
0.7523 0.024 -0.656 0.0557 0.1027 -0.7386 0.2061 -0.6336 0.7402 0.036 -0.6714 -0.0057 0.7218 0.1869 -0.6664 -0.0051 0.6621 0.0135 -0.7477 0.0489 0.7488 0.0043 -0.6622 -0.0291 0.9355 0.0921 0.341 -0.0012 0.6647 -0.053 -0.7443 0.0373 0.713 -0.0013 -0.6998 0.0455 0.9253 0.0047 0.3792 -0.0023
0.7523 0.024 -0.656 0.0557 0.1002 -0.7391 0.2084 -0.6327 0.7402 0.036 -0.6714 -0.0057 0.7218 0.1869 -0.6664 -0.0051 0.6621 0.0135 -0.7477 0.0489 0.7488 0.0043 -0.6622 -0.0291 0.9355 0.0921 0.341 -0.0012 0.6647 -0.053 -0.7443 0.0373 0.713 -0.0013 -0.6998 0.0455 0.9329 0.0021 0.3602 -0.0079
0.7536 0.0217 -0.6547 0.0543 0.1002 -0.7391 0.2084 -0.6327 0.7402 0.036 -0.6714 -0.0057 0.7218 0.1869 -0.6664 -0.0051 0.6621 0.0135 -0.7477 0.0489 0.758 0.0295 -0.651 -0.0279 0.9355 0.0921 0.341 -0.0012 0.6647 -0.053 -0.7443 0.0373 0.713 -0.0013 -0.6998 0.0455 0.9329 0.0021 0.3602 -0.0079
0.7536 0.0217 -0.6547 0.0543 0.1002 -0.7391 0.2084 -0.6327 0.7402 0.036 -0.6714 -0.0057 0.7218 0.1869 -0.6664 -0.0051 0.6621 0.0135 -0.7477 0.0489 0.758 0.0295 -0.651 -0.0279 0.9355 0.0921 0.341 -0.0012 0.6647 -0.053 -0.7443 0.0373 0.713 -0.0013 -0.6998 0.0455 0.9329 0.0021 0.3602 -0.0079
0.7536 0.0217 -0.6547 0.0543 0.1002 -0.7391 0.2084 -0.6327 0.7402 0.036 -0.6714 -0.0057 0.7218 0.1869 -0.6664 -0.0051 0.6621 0.0135 -0.7477 0.0489 0.758 0.0295 -0.651 -0.0279 0.9332 0.095 0.3464 7.0E-4 0.6647 -0.053 -0.7443 0.0373 0.713 -0.0013 -0.6998 0.0455 0.9329 0.0021 0.3602 -0.0079
0.7536 0.0217 -0.6547 0.0543 0.1002 -0.7391 0.2084 -0.6327 0.744 0.0164 -0.6676 -0.023 0.7218 0.1869 -0.6664 -0.0051 0.6551 -0.0118 -0.7526 0.066 0.758 0.0295 -0.651 -0.0279 0.9332 0.095 0.3464 7.0E-4 0.6672 -0.0598 -0.7419 0.0283 0.7204 -0.0418 -0.6912 0.0377 0.9329 0.0021 0.3602 -0.0079
0.7536 0.0217 -0.6547 0.0543 0.1002 -0.7391 0.2084 -0.6327 0.744 0.0164 -0.6676 -0.023 0.7218 0.1869 -0.6664 -0.0051 0.6551 -0.0118 -0.7526 0.066 0.758 0.0295 -0.651 -0.0279 0.9332 0.095 0.3464 7.0E-4 0.6672 -0.0598 -0.7419 0.0283 0.7204 -0.0418 -0.6912 0.0377 0.9329 0.0021 0.3602 -0.0079
0.7536 0.0217 -0.6547 0.0543 0.1002 -0.7391 0.2084 -0.6327 0.744 0.0164 -0.6676 -0.023 0.7219 0.1923 -0.6647 -0.0106 0.6551 -0.0118 -0.7526 0.066 0.758 0.0295 -0.651 -0.0279 0.9332 0.095 0.3464 7.0E-4 0.6672 -0.0598 -0.7419 0.0283 0.7204 -0.0418 -0.6912 0.0377 0.9329 0.0021 0.3602 -0.0079
0.7536 0.0217 -0.6547 0.0543 0.0906 -0.7449 0.228 -0.6204 0.744 0.0164 -0.6676 -0.023 0.7219 0.1923 -0.6647 -0.0106 0.6551 -0.0118 -0.7526 0.066 0.758 0.0295 -0.651 -0.0279 0.9332 0.095 0.3464 7.0E-4 0.6672 -0.0598 -0.7419 0.0283 0.7204 -0.0418 -0.6912 0.0377 0.9329 0.0021 0.3602 -0.0079
0.7536 0.0217 -0.6547 0.0543 0.0906 -0.7449 0.228 -0.6204 0.744 0.0164 -0.6676 -0.023 0.7219 0.1923 -0.6647 -0.0106 0.6551 -0.0118 -0.7526 0.066 0.758 0.0295 -0.651 -0.0279 0.9332 0.095 0.3464 7.0E-4 0.6672 -0.0598 -0.7419 0.0283 0.7204 -0.0418 -0.6912 0.0377 0.9329 0.0021 0.3602 -0.0079
0.7552 -0.0057 -0.6553 0.0151 0.0906 -0.7449 0.228 -0.6204 0.744 0.0164 -0.6676 -0.023 0.7219 0.1923 -0.6647 -0.0106 0.6551 -0.0118 -0.7526 0.066 0.7625 0.0551 -0.6437 -0.0369 0.9351 0.0997 0.34 0.0046 0.6672 -0.0598 -0.7419 0.0283 0.7204 -0.0418 -0.6912 0.0377 0.9349 0.003 0.3547 -0.0084
0.7552 -0.0057 -0.6553 0.0151 0.0906 -0.7449 0.228 -0.6204 0.744 0.0164 -0.6676 -0.023 0.7219 0.1923 -0.6647 -0.0106 0.6551 -0.0118 -0.7526 0.066 0.7625 0.0551 -0.6437 -0.0369 0.9351 0.0997 0.34 0.0046 0.6672 -0.0598 -0.7419 0.0283 0.7204 -0.0418 -0.6912 0.0377 0.9349 0.003 0.3547 -0.0084
0.7552 -0.0057 -0.6553 0.0151 0.0906 -0.7449 0.228 -0.6204 0.744 0.0164 -0.6676 -0.023 0.7219 0.1923 -0.6647 -0.0106 0.647 -0.012 -0.7596 0.0641 0.7625 0.0551 -0.6437 -0.0369 0.9351 0.0997 0.34 0.0046 0.6733 -0.0583 -0.7369 0.0196 0.7204 -0.0418 -0.6912 0.0377 0.9349 0.003 0.3547 -0.0084
0.7552 -0.0057 -0.6553 0.0151 0.0906 -0.7449 0.228 -0.6204 0.744 0.0164 -0.6676 -0.023 0.7191 0.2355 -0.6537 0.0057 0.647 -0.012 -0.7596 0.0641 0.7625 0.0551 -0.6437 -0.0369 0.9351 0.0997 0.34 0.0046 0.6733 -0.0583 -0.7369 0.0196 0.7204 -0.0418 -0.6912 0.0377 0.9349 0.003 0.3547 -0.0084
0.7552 -0.0057 -0.6553 0.0151 0.065 -0.7413 0.2449 -0.6216 0.744 0.0164 -0.6676 -0.023 0.7191 0.2355 -0.6537 0.0057 0.647 -0.012 -0.7596 0.0641 0.7625 0.0551 -0.6437 -0.0369 0.9351 0.0997 0.34 0.0046 0.6733 -0.0583 -0.7369 0.0196 0.7204 -0.0418 -0.6912 0.0377 0.9349 0.003 0.3547 -0.0084
0.7552 -0.0057 -0.6553 0.0151 0.065 -0.7413 0.2449 -0.6216 0.744 0.0164 -0.6676 -0.023 0.7191 0.2355 -0.6537 0.0057 0.647 -0.012 -0.7596 0.0641 0.7625 0.0551 -0.6437 -0.0369 0.9351 0.0997 0.34 0.0046 0.6733 -0.0583 -0.7369 0.0196 0.7204 -0.0418 -0.6912 0.0377 0.9349 0.003 0.3547 -0.0084
0.7548 -0.0172 -0.6552 -0.0268 0.065 -0.7413 0.2449 -0.6216 0.744 0.0164 -0.6676 -0.023 0.7191 0.2355 -0.6537 0.0057 0.647 -0.012 -0.7596 0.0641 0.7581 0.0751 -0.6465 -0.0411 0.9351 0.0997 0.34 0.0046 0.6733 -0.0583 -0.7369 0.0196 0.7204 -0.0418 -0.6912 0.0377 0.9226 0.0067 0.3856 -0.0082
0.7548 -0.0172 -0.6552 -0.0268 0.065 -0.7413 0.2449 -0.6216 0.744 0.0164 -0.6676 -0.023 0.7191 0.2355 -0.6537 0.0057 0.647 -0.012 -0.7596 0.0641 0.7581 0.0751 -0.6465 -0.0411 0.9365 0.1042 0.335 0.0062 0.6733 -0.0583 -0.7369 0.0196 0.7204 -0.0418 -0.6912 0.0377 0.9226 0.0067 0.3856 -0.0082
0.7548 -0.0172 -0.6552 -0.0268 0.065 -0.7413 0.2449 -0.6216 0.744 0.0164 -0.6676 -0.023 0.7191 0.2355 -0.6537 0.0057 0.647 -0.012 -0.7596 0.0641 0.7581 0.0751 -0.6465 -0.0411 0.9365 0.1042 0.335 0.0062 0.7087 0.0099 -0.702 -0.0706 0.7204 -0.0418 -0.6912 0.0377 0.9226 0.0067 0.3856 -0.0082
0.7548 -0.0172 -0.6552 -0.0268 0.065 -0.7413 0.2449 -0.6216 0.744 0.0164 -0.6676 -0.023 0.7191 0.2355 -0.6537 0.0057 0.647 -0.012 -0.7596 0.0641 0.7581 0.0751 -0.6465 -0.0411 0.9365 0.1042 0.335 0.0062 0.7087 0.0099 -0.702 -0.0706 0.7521 -0.1257 -0.6249 0.1675 0.9226 0.0067 0.3856 -0.0082
0.7548 -0.0172 -0.6552 -0.0268 0.065 -0.7413 0.2449 -0.6216 0.744 0.0164 -0.6676 -0.023 0.707 0.275 -0.6515 0.0042 0.647 -0.012 -0.7596 0.0641 0.7581 0.0751 -0.6465 -0.0411 0.9365 0.1042 0.335 0.0062 0.7087 0.0099 -0.702 -0.0706 0.7521 -0.1257 -0.6249 0.1675 0.9226 0.0067 0.3856 -0.0082
0.7548 -0.0172 -0.6552 -0.0268 0.065 -0.7413 0.2449 -0.6216 0.744 0.0164 -0.6676 -0.023 0.707 0.275 -0.6515 0.0042 0.647 -0.012 -0.7596 0.0641 0.7581 0.0751 -0.6465 -0.0411 0.9365 0.1042 0.335 0.0062 0.7087 0.0099 -0.702 -0.0706 0.7521 -0.1257 -0.6249 0.1675 0.9226 0.0067 0.3856 -0.0082
0.7548 -0.0172 -0.6552 -0.0268 0.0687 -0.7407 0.213 -0.6335 0.744 0.0164 -0.6676 -0.023 0.707 0.275 -0.6515 0.0042 0.647 -0.012 -0.7596 0.0641 0.7581 0.0751 -0.6465 -0.0411 0.9365 0.1042 0.335 0.0062 0.7087 0.0099 -0.702 -0.0706 0.7521 -0.1257 -0.6249 0.1675 0.9226 0.0067 0.3856 -0.0082
0.7548 -0.0172 -0.6552 -0.0268 0.0687 -0.7407 0.213 -0.6335 0.744 0.0164 -0.6676 -0.023 0.707 0.275 -0.6515 0.0042 0.647 -0.012 -0.7596 0.0641 0.7581 0.0751 -0.6465 -0.0411 0.9365 0.1042 0.335 0.0062 0.7087 0.0099 -0.702 -0.0706 0.7521 -0.1257 -0.6249 0.1675 0.9226 0.0067 0.3856 -0.0082
0.7548 -0.0172 -0.6552 -0.0268 0.0687 -0.7407 0.213 -0.6335 0.744 0.0164 -0.6676 -0.023 0.707 0.275 -0.6515 0.0042 0.647 -0.012 -0.7596 0.0641 0.7534 0.0887 -0.6498 -0.0464 0.9368 0.1067 0.333 0.0071 0.7087 0.0099 -0.702 -0.0706 0.7521 -0.1257 -0.6249 0.1675 0.9226 0.0067 0.3856 -0.0082
0.7548 -0.0172 -0.6552 -0.0268 0.0687 -0.7407 0.213 -0.6335 0.744 0.0164 -0.6676 -0.023 0.707 0.275 -0.6515 0.0042 0.647 -0.012 -0.7596 0.0641 0.7534 0.0887 -0.6498 -0.0464 0.9368 0.1067 0.333 0.0071 0.7235 0.0922 -0.6683 -0.146 0.7521 -0.1257 -0.6249 0.1675 0.9226 0.0067 0.3856 -0.0082
0.7548 -0.0172 -0.6552 -0.0268 0.0687 -0.7407 0.213 -0.6335 0.744 0.0164 -0.6676 -0.023 0.707 0.275 -0.6515 0.0042 0.647 -0.012 -0.7596 0.0641 0.7534 0.0887 -0.6498 -0.0464 0.9368 0.1067 0.333 0.0071 0.7235 0.0922 -0.6683 -0.146 0.7521 -0.1257 -0.6249 0.1675 0.9226 0.0067 0.3856 -0.0082
0.7548 -0.0172 -0.6552 -0.0268 0.0687 -0.7407 0.213 -0.6335 0.744 0.0164 -0.6676 -0.023 0.7095 0.2816 -0.6429 0.0634 0.647 -0.012 -0.7596 0.0641 0.7534 0.0887 -0.6498 -0.0464 0.9368 0.1067 0.333 0.0071 0.7235 0.0922 -0.6683 -0.146 0.7521 -0.1257 -0.6249 0.1675 0.9226 0.0067 0.3856 -0.0082
0.7548 -0.0172 -0.6552 -0.0268 0.0687 -0.7407 0.213 -0.6335 0.744 0.0164 -0.6676 -0.023 0.7095 0.2816 -0.6429 0.0634 0.647 -0.012 -0.7596 0.0641 0.7534 0.0887 -0.6498 -0.0464 0.9368 0.1067 0.333 0.0071 0.7235 0.0922 -0.6683 -0.146 0.7521 -0.1257 -0.6249 0.1675 0.9226 0.0067 0.3856 -0.0082
0.7548 -0.0172 -0.6552 -0.0268 0.0887 -0.7549 0.1743 -0.6259 0.744 0.0164 -0.6676 -0.023 0.7095 0.2816 -0.6429 0.0634 0.647 -0.012 -0.7596 0.0641 0.7534 0.0887 -0.6498 -0.0464 0.9368 0.1067 0.333 0.0071 0.7235 0.0922 -0.6683 -0.146 0.7521 -0.1257 -0.6249 0.1675 0.9226 0.0067 0.3856 -0.0082
0.7455 0.0834 -0.6605 0.0308 0.0887 -0.7549 0.1743 -0.6259 0.744 0.0164 -0.6676 -0.023 0.7095 0.2816 -0.6429 0.0634 0.647 -0.012 -0.7596 0.0641 0.7542 0.1019 -0.6458 -0.0615 0.9368 0.1067 0.333 0.0071 0.7235 0.0922 -0.6683 -0.146 0.7521 -0.1257 -0.6249 0.1675 0.8995 0.0081 0.4363 -0.0181
0.7455 0.0834 -0.6605 0.0308 0.0887 -0.7549 0.1743 -0.6259 0.744 0.0164 -0.6676 -0.023 0.7095 0.2816 -0.6429 0.0634 0.647 -0.012 -0.7596 0.0641 0.7542 0.1019 -0.6458 -0.0615 0.9345 0.0964 0.3427 9.0E-4 0.7235 0.0922 -0.6683 -0.146 0.7521 -0.1257 -0.6249 0.1675 0.8995 0.0081 0.4363 -0.0181
0.7455 0.0834 -0.6605 0.0308 0.0887 -0.7549 0.1743 -0.6259 0.7396 0.003 -0.6595 0.1343 0.7095 0.2816 -0.6429 0.0634 0.647 -0.012 -0.7596 0.0641 0.7542 0.1019 -0.6458 -0.0615 0.9345 0.0964 0.3427 9.0E-4 0.7235 0.0922 -0.6683 -0.146 0.7521 -0.1257 -0.6249 0.1675 0.8995 0.0081 0.4363 -0.0181
0.7455 0.0834 -0.6605 0.0308 0.0887 -0.7549 0.1743 -0.6259 0.7396 0.003 -0.6595 0.1343 0.7095 0.2816 -0.6429 0.0634 0.647 -0.012 -0.7596 0.0641 0.7542 0.1019 -0.6458 -0.0615 0.9345 0.0964 0.3427 9.0E-4 0.7235 0.0922 -0.6683 -0.146 0.7521 -0.1257 -0.6249 0.1675 0.8995 0.0081 0.4363 -0.0181
0.7455 0.0834 -0.6605 0.0308 0.0887 -0.7549 0.1743 -0.6259 0.7396 0.003 -0.6595 0.1343 0.7155 0.2837 -0.6216 0.1453 0.647 -0.012 -0.7596 0.0641 0.7542 0.1019 -0.6458 -0.0615 0.9345 0.0964 0.3427 9.0E-4 0.7235 0.0922 -0.6683 -0.146 0.7521 -0.1257 -0.6249 0.1675 0.8995 0.0081 0.4363 -0.0181
0.7455 0.0834 -0.6605 0.0308 0.0887 -0.7549 0.1743 -0.6259 0.7396 0.003 -0.6595 0.1343 0.7155 0.2837 -0.6216 0.1453 0.647 -0.012 -0.7596 0.0641 0.7542 0.1019 -0.6458 -0.0615 0.9345 0.0964 0.3427 9.0E-4 0.7235 0.0922 -0.6683 -0.146 0.7521 -0.1257 -0.6249 0.1675 0.8995 0.0081 0.4363 -0.0181
0.7455 0.0834 -0.6605 0.0308 0.1487 -0.7913 0.1372 -0.5769 0.7396 0.003 -0.6595 0.1343 0.7155 0.2837 -0.6216 0.1453 0.647 -0.012 -0.7596 0.0641 0.7542 0.1019 -0.6458 -0.0615 0.9345 0.0964 0.3427 9.0E-4 0.7235 0.0922 -0.6683 -0.146 0.7521 -0.1257 -0.6249 0.1675 0.9626 0.0258 0.2675 -0.0324
0.7455 0.0834 -0.6605 0.0308 0.1487 -0.7913 0.1372 -0.5769 0.7396 0.003 -0.6595 0.1343 0.7155 0.2837 -0.6216 0.1453 0.647 -0.012 -0.7596 0.0641 0.7542 0.1019 -0.6458 -0.0615 0.9345 0.0964 0.3427 9.0E-4 0.7235 0.0922 -0.6683 -0.146 0.7521 -0.1257 -0.6249 0.1675 0.9626 0.0258 0.2675 -0.0324
0.7421 0.1273 -0.6512 0.0952 0.1487 -0.7913 0.1372 -0.5769 0.7396 0.003 -0.6595 0.1343 0.7155 0.2837 -0.6216 0.1453 0.647 -0.012 -0.7596 0.0641 0.7595 0.1348 -0.6303 -0.088 0.931 0.0845 0.355 -0.014 0.7225 0.1215 -0.6434 -0.222 0.7521 -0.1257 -0.6249 0.1675 0.9626 0.0258 0.2675 -0.0324
0.7421 0.1273 -0.6512 0.0952 0.1487 -0.7913 0.1372 -0.5769 0.7396 0.003 -0.6595 0.1343 0.7155 0.2837 -0.6216 0.1453 0.647 -0.012 -0.7596 0.0641 0.7595 0.1348 -0.6303 -0.088 0.931 0.0845 0.355 -0.014 0.7225 0.1215 -0.6434 -0.222 0.7521 -0.1257 -0.6249 0.1675 0.9626 0.0258 0.2675 -0.0324
0.7421 0.1273 -0.6512 0.0952 0.1487 -0.7913 0.1372 -0.5769 0.7396 0.003 -0.6595 0.1343 0.7155 0.2837 -0.6216 0.1453 0.6332 0.06 -0.7714 -0.02 0.7595 0.1348 -0.6303 -0.088 0.931 0.0845 0.355 -0.014 0.7225 0.1215 -0.6434 -0.222 0.704 0.1247 -0.6965 -0.0602 0.9626 0.0258 0.2675 -0.0324
0.7421 0.1273 -0.6512 0.0952 0.1487 -0.7913 0.1372 -0.5769 0.7396 0.003 -0.6595 0.1343 0.7498 0.1778 -0.5985 0.2191 0.6332 0.06 -0.7714 -0.02 0.7595 0.1348 -0.6303 -0.088 0.931 0.0845 0.355 -0.014 0.7225 0.1215 -0.6434 -0.222 0.704 0.1247 -0.6965 -0.0602 0.9626 0.0258 0.2675 -0.0324
0.7421 0.1273 -0.6512 0.0952 0.1861 -0.8104 0.1363 -0.5386 0.7396 0.003 -0.6595 0.1343 0.7498 0.1778 -0.5985 0.2191 0.6332 0.06 -0.7714 -0.02 0.7595 0.1348 -0.6303 -0.088 0.931 0.0845 0.355 -0.014 0.7225 0.1215 -0.6434 -0.222 0.704 0.1247 -0.6965 -0.0602 0.9626 0.0258 0.2675 -0.0324
0.7421 0.1273 -0.6512 0.0952 0.1861 -0.8104 0.1363 -0.5386 0.7396 0.003 -0.6595 0.1343 0.7498 0.1778 -0.5985 0.2191 0.6332 0.06 -0.7714 -0.02 0.7595 0.1348 -0.6303 -0.088 0.931 0.0845 0.355 -0.014 0.7225 0.1215 -0.6434 -0.222 0.704 0.1247 -0.6965 -0.0602 0.9866 0.0041 0.1625 0.0095
0.7449 0.1138 -0.6442 0.1312 0.1861 -0.8104 0.1363 -0.5386 0.7396 0.003 -0.6595 0.1343 0.7498 0.1778 -0.5985 0.2191 0.6332 0.06 -0.7714 -0.02 0.7687 0.1671 -0.6008 -0.1425 0.931 0.0845 0.355 -0.014 0.7225 0.1215 -0.6434 -0.222 0.704 0.1247 -0.6965 -0.0602 0.9866 0.0041 0.1625 0.0095
0.7449 0.1138 -0.6442 0.1312 0.1861 -0.8104 0.1363 -0.5386 0.7396 0.003 -0.6595 0.1343 0.7498 0.1778 -0.5985 0.2191 0.6332 0.06 -0.7714 -0.02 0.7687 0.1671 -0.6008 -0.1425 0.9042 0.0746 0.4195 -0.0286 0.7225 0.1215 -0.6434 -0.222 0.704 0.1247 -0.6965 -0.0602 0.9866 0.0041 0.1625 0.0095
0.7449 0.1138 -0.6442 0.1312 0.1861 -0.8104 0.1363 -0.5386 0.7396 0.003 -0.6595 0.1343 0.7498 0.1778 -0.5985 0.2191 0.6332 0.06 -0.7714 -0.02 0.7687 0.1671 -0.6008 -0.1425 0.9042 0.0746 0.4195 -0.0286 0.7225 0.1215 -0.6434 -0.222 0.704 0.1247 -0.6965 -0.0602 0.9866 0.0041 0.1625 0.0095
0.7449 0.1138 -0.6442 0.1312 0.1861 -0.8104 0.1363 -0.5386 0.7396 0.003 -0.6595 0.1343 0.7498 0.1778 -0.5985 0.2191 0.6332 0.06 -0.7714 -0.02 0.7687 0.1671 -0.6008 -0.1425 0.9042 0.0746 0.4195 -0.0286 0.7225 0.1215 -0.6434 -0.222 0.6896 0.1467 -0.7075 -0.0484 0.9866 0.0041 0.1625 0.0095
0.7449 0.1138 -0.6442 0.1312 0.1861 -0.8104 0.1363 -0.5386 0.7396 0.003 -0.6595 0.1343 0.7651 0.0879 -0.5657 0.2946 0.6332 0.06 -0.7714 -0.02 0.7687 0.1671 -0.6008 -0.1425 0.9042 0.0746 0.4195 -0.0286 0.7225 0.1215 -0.6434 -0.222 0.6896 0.1467 -0.7075 -0.0484 0.9866 0.0041 0.1625 0.0095
0.7449 0.1138 -0.6442 0.1312 0.1861 -0.8104 0.1363 -0.5386 0.7396 0.003 -0.6595 0.1343 0.7651 0.0879 -0.5657 0.2946 0.6332 0.06 -0.7714 -0.02 0.7687 0.1671 -0.6008 -0.1425 0.9042 0.0746 0.4195 -0.0286 0.7225 0.1215 -0.6434 -0.222 0.6896 0.1467 -0.7075 -0.0484 0.9866 0.0041 0.1625 0.0095
0.7449 0.1138 -0.6442 0.1312 0.1961 -0.809 0.1334 -0.5378 0.7396 0.003 -0.6595 0.1343 0.7651 0.0879 -0.5657 0.2946 0.6332 0.06 -0.7714 -0.02 0.7687 0.1671 -0.6008 -0.1425 0.9042 0.0746 0.4195 -0.0286 0.7225 0.1215 -0.6434 -0.222 0.6896 0.1467 -0.7075 -0.0484 0.9582 0.0051 0.2859 -0.0082
0.7582 0.1072 -0.6375 0.0859 0.1961 -0.809 0.1334 -0.5378 0.7396 0.003 -0.6595 0.1343 0.7651 0.0879 -0.5657 0.2946 0.6332 0.06 -0.7714 -0.02 0.7841 0.2099 -0.5414 -0.2192 0.9042 0.0746 0.4195 -0.0286 0.7225 0.1215 -0.6434 -0.222 0.6896 0.1467 -0.7075 -0.0484 0.9582 0.0051 0.2859 -0.0082
0.7582 0.1072 -0.6375 0.0859 0.1961 -0.809 0.1334 -0.5378 0.7396 0.003 -0.6595 0.1343 0.7651 0.0879 -0.5657 0.2946 0.6332 0.06 -0.7714 -0.02 0.7841 0.2099 -0.5414 -0.2192 0.7719 0.0449 0.6326 -0.0452 0.7225 0.1215 -0.6434 -0.222 0.6896 0.1467 -0.7075 -0.0484 0.9582 0.0051 0.2859 -0.0082
0.7582 0.1072 -0.6375 0.0859 0.1961 -0.809 0.1334 -0.5378 0.7396 0.003 -0.6595 0.1343 0.7651 0.0879 -0.5657 0.2946 0.6332 0.06 -0.7714 -0.02 0.7841 0.2099 -0.5414 -0.2192 0.7719 0.0449 0.6326 -0.0452 0.7225 0.1215 -0.6434 -0.222 0.6896 0.1467 -0.7075 -0.0484 0.9582 0.0051 0.2859 -0.0082
0.7582 0.1072 -0.6375 0.0859 0.1961 -0.809 0.1334 -0.5378 0.7396 0.003 -0.6595 0.1343 0.7651 0.0879 -0.5657 0.2946 0.6562 0.0955 -0.7443 -0.08 0.7841 0.2099 -0.5414 -0.2192 0.7719 0.0449 0.6326 -0.0452 0.7051 0.1027 -0.6628 -0.2304 0.7032 -0.0092 -0.7106 -0.0195 0.9582 0.0051 0.2859 -0.0082
0.7582 0.1072 -0.6375 0.0859 0.1961 -0.809 0.1334 -0.5378 0.7396 0.003 -0.6595 0.1343 0.7652 0.1053 -0.5701 0.28 0.6562 0.0955 -0.7443 -0.08 0.7841 0.2099 -0.5414 -0.2192 0.7719 0.0449 0.6326 -0.0452 0.7051 0.1027 -0.6628 -0.2304 0.7032 -0.0092 -0.7106 -0.0195 0.9582 0.0051 0.2859 -0.0082
0.7582 0.1072 -0.6375 0.0859 0.1682 -0.7797 0.1114 -0.5927 0.7396 0.003 -0.6595 0.1343 0.7652 0.1053 -0.5701 0.28 0.6562 0.0955 -0.7443 -0.08 0.7841 0.2099 -0.5414 -0.2192 0.7719 0.0449 0.6326 -0.0452 0.7051 0.1027 -0.6628 -0.2304 0.7032 -0.0092 -0.7106 -0.0195 0.9582 0.0051 0.2859 -0.0082
0.7582 0.1072 -0.6375 0.0859 0.1682 -0.7797 0.1114 -0.5927 0.7396 0.003 -0.6595 0.1343 0.7652 0.1053 -0.5701 0.28 0.6562 0.0955 -0.7443 -0.08 0.7841 0.2099 -0.5414 -0.2192 0.7719 0.0449 0.6326 -0.0452 0.7051 0.1027 -0.6628 -0.2304 0.7032 -0.0092 -0.7106 -0.0195 0.9294 0.0057 0.3691 -0.006
0.7592 0.1135 -0.6405 0.0242 0.1682 -0.7797 0.1114 -0.5927 0.7396 0.003 -0.6595 0.1343 0.7652 0.1053 -0.5701 0.28 0.6562 0.0955 -0.7443 -0.08 0.7885 0.3079 -0.4426 -0.2962 0.7719 0.0449 0.6326 -0.0452 0.7051 0.1027 -0.6628 -0.2304 0.7032 -0.0092 -0.7106 -0.0195 0.9294 0.0057 0.3691 -0.006
0.7592 0.1135 -0.6405 0.0242 0.1682 -0.7797 0.1114 -0.5927 0.7396 0.003 -0.6595 0.1343 0.7652 0.1053 -0.5701 0.28 0.6562 0.0955 -0.7443 -0.08 0.7885 0.3079 -0.4426 -0.2962 0.5418 -0.0124 0.8387 -0.0541 0.7051 0.1027 -0.6628 -0.2304 0.7032 -0.0092 -0.7106 -0.0195 0.9294 0.0057 0.3691 -0.006
0.7592 0.1135 -0.6405 0.0242 0.1682 -0.7797 0.1114 -0.5927 0.7396 0.003 -0.6595 0.1343 0.7652 0.1053 -0.5701 0.28 0.6562 0.0955 -0.7443 -0.08 0.7885 0.3079 -0.4426 -0.2962 0.5418 -0.0124 0.8387 -0.0541 0.7051 0.1027 -0.6628 -0.2304 0.7032 -0.0092 -0.7106 -0.0195 0.9294 0.0057 0.3691 -0.006
0.7592 0.1135 -0.6405 0.0242 0.1682 -0.7797 0.1114 -0.5927 0.7396 0.003 -0.6595 0.1343 0.7652 0.1053 -0.5701 0.28 0.6562 0.0955 -0.7443 -0.08 0.7885 0.3079 -0.4426 -0.2962 0.5418 -0.0124 0.8387 -0.0541 0.7051 0.1027 -0.6628 -0.2304 0.7032 -0.0092 -0.7106 -0.0195 0.9294 0.0057 0.3691 -0.006
0.7592 0.1135 -0.6405 0.0242 0.1682 -0.7797 0.1114 -0.5927 0.7396 0.003 -0.6595 0.1343 0.7601 0.1913 -0.6099 0.117 0.6562 0.0955 -0.7443 -0.08 0.7885 0.3079 -0.4426 -0.2962 0.5418 -0.0124 0.8387 -0.0541 0.7051 0.1027 -0.6628 -0.2304 0.7032 -0.0092 -0.7106 -0.0195 0.9294 0.0057 0.3691 -0.006
0.7592 0.1135 -0.6405 0.0242 0.1682 -0.7797 0.1114 -0.5927 0.7396 0.003 -0.6595 0.1343 0.7601 0.1913 -0.6099 0.117 0.6562 0.0955 -0.7443 -0.08 0.7885 0.3079 -0.4426 -0.2962 0.5418 -0.0124 0.8387 -0.0541 0.7051 0.1027 -0.6628 -0.2304 0.7032 -0.0092 -0.7106 -0.0195 0.9294 0.0057 0.3691 -0.006
0.7592 0.1135 -0.6405 0.0242 0.0887 -0.7425 0.1581 -0.6449 0.7396 0.003 -0.6595 0.1343 0.7601 0.1913 -0.6099 0.117 0.6562 0.0955 -0.7443 -0.08 0.7885 0.3079 -0.4426 -0.2962 0.5418 -0.0124 0.8387 -0.0541 0.7051 0.1027 -0.6628 -0.2304 0.7032 -0.0092 -0.7106 -0.0195 0.9265 0.003 0.3763 -0.0085
0.7592 0.1135 -0.6405 0.0242 0.0887 -0.7425 0.1581 -0.6449 0.7396 0.003 -0.6595 0.1343 0.7601 0.1913 -0.6099 0.117 0.6562 0.0955 -0.7443 -0.08 0.7885 0.3079 -0.4426 -0.2962 0.5418 -0.0124 0.8387 -0.0541 0.7051 0.1027 -0.6628 -0.2304 0.7032 -0.0092 -0.7106 -0.0195 0.9265 0.003 0.3763 -0.0085
0.7518 0.0608 -0.6539 -0.0593 0.0887 -0.7425 0.1581 -0.6449 0.7396 0.003 -0.6595 0.1343 0.7601 0.1913 -0.6099 0.117 0.6562 0.0955 -0.7443 -0.08 0.7815 0.287 -0.4999 -0.2386 0.7101 0.0472 0.7024 -0.0095 0.7051 0.1027 -0.6628 -0.2304 0.7032 -0.0092 -0.7106 -0.0195 0.9265 0.003 0.3763 -0.0085
0.7518 0.0608 -0.6539 -0.0593 0.0887 -0.7425 0.1581 -0.6449 0.7396 0.003 -0.6595 0.1343 0.7601 0.1913 -0.6099 0.117 0.6562 0.0955 -0.7443 -0.08 0.7815 0.287 -0.4999 -0.2386 0.7101 0.0472 0.7024 -0.0095 0.7051 0.1027 -0.6628 -0.2304 0.7032 -0.0092 -0.7106 -0.0195 0.9265 0.003 0.3763 -0.0085
0.7518 0.0608 -0.6539 -0.0593 0.0887 -0.7425 0.1581 -0.6449 0.7396 0.003 -0.6595 0.1343 0.7601 0.1913 -0.6099 0.117 0.6562 0.0955 -0.7443 -0.08 0.7815 0.287 -0.4999 -0.2386 0.7101 0.0472 0.7024 -0.0095 0.7051 0.1027 -0.6628 -0.2304 0.6973 -0.0881 -0.7077 0.0721 0.9265 0.003 0.3763 -0.0085
0.7518 0.0608 -0.6539 -0.0593 0.0887 -0.7425 0.1581 -0.6449 0.7396 0.003 -0.6595 0.1343 0.7601 0.1913 -0.6099 0.117 0.6562 0.0955 -0.7443 -0.08 0.7815 0.287 -0.4999 -0.2386 0.7101 0.0472 0.7024 -0.0095 0.7051 0.1027 -0.6628 -0.2304 0.6973 -0.0881 -0.7077 0.0721 0.9265 0.003 0.3763 -0.0085
0.7518 0.0608 -0.6539 -0.0593 0.0185 -0.6943 0.1826 -0.6959 0.7396 0.003 -0.6595 0.1343 0.7237 0.3243 -0.6091 -0.0132 0.6562 0.0955 -0.7443 -0.08 0.7815 0.287 -0.4999 -0.2386 0.7101 0.0472 0.7024 -0.0095 0.7051 0.1027 -0.6628 -0.2304 0.6973 -0.0881 -0.7077 0.0721 0.9265 0.003 0.3763 -0.0085
0.7518 0.0608 -0.6539 -0.0593 0.0185 -0.6943 0.1826 -0.6959 0.7396 0.003 -0.6595 0.1343 0.7237 0.3243 -0.6091 -0.0132 0.6562 0.0955 -0.7443 -0.08 0.7815 0.287 -0.4999 -0.2386 0.7101 0.0472 0.7024 -0.0095 0.7051 0.1027 -0.6628 -0.2304 0.6973 -0.0881 -0.7077 0.0721 0.9265 0.003 0.3763 -0.0085
0.7373 0.063 -0.6628 -0.1146 0.0185 -0.6943 0.1826 -0.6959 0.7396 0.003 -0.6595 0.1343 0.7237 0.3243 -0.6091 -0.0132 0.6562 0.0955 -0.7443 -0.08 0.7642 0.0507 -0.6376 -0.0826 0.7101 0.0472 0.7024 -0.0095 0.7051 0.1027 -0.6628 -0.2304 0.6973 -0.0881 -0.7077 0.0721 0.9204 0.0114 0.3908 0.0013
0.7373 0.063 -0.6628 -0.1146 0.0185 -0.6943 0.1826 -0.6959 0.7396 0.003 -0.6595 0.1343 0.7237 0.3243 -0.6091 -0.0132 0.6562 0.0955 -0.7443 -0.08 0.7642 0.0507 -0.6376 -0.0826 0.9142 0.1221 0.3822 0.0558 0.7051 0.1027 -0.6628 -0.2304 0.6973 -0.0881 -0.7077 0.0721 0.9204 0.0114 0.3908 0.0013
0.7373 0.063 -0.6628 -0.1146 0.0185 -0.6943 0.1826 -0.6959 0.7396 0.003 -0.6595 0.1343 0.7237 0.3243 -0.6091 -0.0132 0.6562 0.0955 -0.7443 -0.08 0.7642 0.0507 -0.6376 -0.0826 0.9142 0.1221 0.3822 0.0558 0.7051 0.1027 -0.6628 -0.2304 0.6895 -0.1337 -0.7048 0.0998 0.9204 0.0114 0.3908 0.0013
0.7373 0.063 -0.6628 -0.1146 0.0185 -0.6943 0.1826 -0.6959 0.7396 0.003 -0.6595 0.1343 0.7237 0.3243 -0.6091 -0.0132 0.6315 -0.2362 -0.6823 0.2827 0.7642 0.0507 -0.6376 -0.0826 0.9142 0.1221 0.3822 0.0558 0.7051 0.1027 -0.6628 -0.2304 0.6895 -0.1337 -0.7048 0.0998 0.9204 0.0114 0.3908 0.0013
0.7373 0.063 -0.6628 -0.1146 0.0185 -0.6943 0.1826 -0.6959 0.7396 0.003 -0.6595 0.1343 0.6571 0.4135 -0.6183 -0.122 0.6315 -0.2362 -0.6823 0.2827 0.7642 0.0507 -0.6376 -0.0826 0.9142 0.1221 0.3822 0.0558 0.7051 0.1027 -0.6628 -0.2304 0.6895 -0.1337 -0.7048 0.0998 0.9204 0.0114 0.3908 0.0013
0.7373 0.063 -0.6628 -0.1146 -0.0092 -0.6599 0.1776 -0.73 0.7396 0.003 -0.6595 0.1343 0.6571 0.4135 -0.6183 -0.122 0.6315 -0.2362 -0.6823 0.2827 0.7642 0.0507 -0.6376 -0.0826 0.9142 0.1221 0.3822 0.0558 0.7051 0.1027 -0.6628 -0.2304 0.6895 -0.1337 -0.7048 0.0998 0.9204 0.0114 0.3908 0.0013
0.7373 0.063 -0.6628 -0.1146 -0.0092 -0.6599 0.1776 -0.73 0.7396 0.003 -0.6595 0.1343 0.6571 0.4135 -0.6183 -0.122 0.6315 -0.2362 -0.6823 0.2827 0.7642 0.0507 -0.6376 -0.0826 0.9142 0.1221 0.3822 0.0558 0.7051 0.1027 -0.6628 -0.2304 0.6895 -0.1337 -0.7048 0.0998 0.8901 0.0128 0.4554 0.0102
0.7373 0.063 -0.6628 -0.1146 -0.0092 -0.6599 0.1776 -0.73 0.7396 0.003 -0.6595 0.1343 0.6571 0.4135 -0.6183 -0.122 0.6315 -0.2362 -0.6823 0.2827 0.7642 0.0507 -0.6376 -0.0826 0.9142 0.1221 0.3822 0.0558 0.7051 0.1027 -0.6628 -0.2304 0.6895 -0.1337 -0.7048 0.0998 0.8901 0.0128 0.4554 0.0102
0.7344 0.0656 -0.6604 -0.142 -0.0092 -0.6599 0.1776 -0.73 0.7396 0.003 -0.6595 0.1343 0.6571 0.4135 -0.6183 -0.122 0.6315 -0.2362 -0.6823 0.2827 0.6515 -0.1927 -0.7259 0.1072 0.9658 0.1973 0.119 0.119 0.7051 0.1027 -0.6628 -0.2304 0.6895 -0.1337 -0.7048 0.0998 0.8901 0.0128 0.4554 0.0102
0.7344 0.0656 -0.6604 -0.142 -0.0092 -0.6599 0.1776 -0.73 0.7396 0.003 -0.6595 0.1343 0.6571 0.4135 -0.6183 -0.122 0.6315 -0.2362 -0.6823 0.2827 0.6515 -0.1927 -0.7259 0.1072 0.9658 0.1973 0.119 0.119 0.7051 0.1027 -0.6628 -0.2304 0.6895 -0.1337 -0.7048 0.0998 0.8901 0.0128 0.4554 0.0102
0.7344 0.0656 -0.6604 -0.142 -0.0092 -0.6599 0.1776 -0.73 0.7396 0.003 -0.6595 0.1343 0.6571 0.4135 -0.6183 -0.122 0.6299 -0.2144 -0.7143 0.2169 0.6515 -0.1927 -0.7259 0.1072 0.9658 0.1973 0.119 0.119 0.7051 0.1027 -0.6628 -0.2304 0.6881 -0.171 -0.6794 0.1891 0.8901 0.0128 0.4554 0.0102
0.7344 0.0656 -0.6604 -0.142 -0.0092 -0.6599 0.1776 -0.73 0.7396 0.003 -0.6595 0.1343 0.6217 0.407 -0.638 -0.202 0.6299 -0.2144 -0.7143 0.2169 0.6515 -0.1927 -0.7259 0.1072 0.9658 0.1973 0.119 0.119 0.7051 0.1027 -0.6628 -0.2304 0.6881 -0.171 -0.6794 0.1891 0.8901 0.0128 0.4554 0.0102
0.7344 0.0656 -0.6604 -0.142 -0.0498 -0.6334 0.1895 -0.7486 0.7396 0.003 -0.6595 0.1343 0.6217 0.407 -0.638 -0.202 0.6299 -0.2144 -0.7143 0.2169 0.6515 -0.1927 -0.7259 0.1072 0.9658 0.1973 0.119 0.119 0.7051 0.1027 -0.6628 -0.2304 0.6881 -0.171 -0.6794 0.1891 0.8901 0.0128 0.4554 0.0102
0.7344 0.0656 -0.6604 -0.142 -0.0498 -0.6334 0.1895 -0.7486 0.7396 0.003 -0.6595 0.1343 0.6217 0.407 -0.638 -0.202 0.6299 -0.2144 -0.7143 0.2169 0.6515 -0.1927 -0.7259 0.1072 0.9658 0.1973 0.119 0.119 0.7051 0.1027 -0.6628 -0.2304 0.6881 -0.171 -0.6794 0.1891 0.8901 0.0128 0.4554 0.0102
0.7268 0.018 -0.6715 -0.1434 -0.0498 -0.6334 0.1895 -0.7486 0.7396 0.003 -0.6595 0.1343 0.6217 0.407 -0.638 -0.202 0.6299 -0.2144 -0.7143 0.2169 0.6782 -0.1023 -0.7242 0.0714 0.9658 0.1973 0.119 0.119 0.7051 0.1027 -0.6628 -0.2304 0.6881 -0.171 -0.6794 0.1891 0.7565 -0.0153 0.6537 -0.0117
0.7268 0.018 -0.6715 -0.1434 -0.0498 -0.6334 0.1895 -0.7486 0.7396 0.003 -0.6595 0.1343 0.6217 0.407 -0.638 -0.202 0.6299 -0.2144 -0.7143 0.2169 0.6782 -0.1023 -0.7242 0.0714 0.952 0.1125 0.2782 0.0609 0.7051 0.1027 -0.6628 -0.2304 0.6881 -0.171 -0.6794 0.1891 0.7565 -0.0153 0.6537 -0.0117
0.7268 0.018 -0.6715 -0.1434 -0.0498 -0.6334 0.1895 -0.7486 0.7396 0.003 -0.6595 0.1343 0.6217 0.407 -0.638 -0.202 0.6299 -0.2144 -0.7143 0.2169 0.6782 -0.1023 -0.7242 0.0714 0.952 0.1125 0.2782 0.0609 0.7051 0.1027 -0.6628 -0.2304 0.6881 -0.171 -0.6794 0.1891 0.7565 -0.0153 0.6537 -0.0117
0.7268 0.018 -0.6715 -0.1434 -0.0498 -0.6334 0.1895 -0.7486 0.7864 0.133 -0.603 0.0171 0.6217 0.407 -0.638 -0.202 0.6183 -0.1512 -0.7327 0.2407 0.6782 -0.1023 -0.7242 0.0714 0.952 0.1125 0.2782 0.0609 0.6536 -0.0534 -0.7342 0.1758 0.6779 -0.2569 -0.5948 0.3475 0.7565 -0.0153 0.6537 -0.0117
0.7268 0.018 -0.6715 -0.1434 -0.0498 -0.6334 0.1895 -0.7486 0.7864 0.133 -0.603 0.0171 0.6628 0.3484 -0.6557 -0.0966 0.6183 -0.1512 -0.7327 0.2407 0.6782 -0.1023 -0.7242 0.0714 0.952 0.1125 0.2782 0.0609 0.6536 -0.0534 -0.7342 0.1758 0.6779 -0.2569 -0.5948 0.3475 0.7565 -0.0153 0.6537 -0.0117
0.7268 0.018 -0.6715 -0.1434 -0.0403 -0.6514 0.2086 -0.7285 0.7864 0.133 -0.603 0.0171 0.6628 0.3484 -0.6557 -0.0966 0.6183 -0.1512 -0.7327 0.2407 0.6782 -0.1023 -0.7242 0.0714 0.952 0.1125 0.2782 0.0609 0.6536 -0.0534 -0.7342 0.1758 0.6779 -0.2569 -0.5948 0.3475 0.7565 -0.0153 0.6537 -0.0117
0.7268 0.018 -0.6715 -0.1434 -0.0403 -0.6514 0.2086 -0.7285 0.7864 0.133 -0.603 0.0171 0.6628 0.3484 -0.6557 -0.0966 0.6183 -0.1512 -0.7327 0.2407 0.6782 -0.1023 -0.7242 0.0714 0.952 0.1125 0.2782 0.0609 0.6536 -0.0534 -0.7342 0.1758 0.6779 -0.2569 -0.5948 0.3475 0.4387 -0.0587 0.8943 -0.065
0.7268 0.018 -0.6715 -0.1434 -0.0403 -0.6514 0.2086 -0.7285 0.7864 0.133 -0.603 0.0171 0.6628 0.3484 -0.6557 -0.0966 0.6183 -0.1512 -0.7327 0.2407 0.6782 -0.1023 -0.7242 0.0714 0.952 0.1125 0.2782 0.0609 0.6536 -0.0534 -0.7342 0.1758 0.6779 -0.2569 -0.5948 0.3475 0.4387 -0.0587 0.8943 -0.065
0.7344 0.0549 -0.6765 0.0075 -0.0403 -0.6514 0.2086 -0.7285 0.7864 0.133 -0.603 0.0171 0.6628 0.3484 -0.6557 -0.0966 0.6183 -0.1512 -0.7327 0.2407 0.7238 0.0247 -0.6894 0.019 0.9352 0.0825 0.3419 0.0414 0.6536 -0.0534 -0.7342 0.1758 0.6779 -0.2569 -0.5948 0.3475 0.4387 -0.0587 0.8943 -0.065
0.7344 0.0549 -0.6765 0.0075 -0.0403 -0.6514 0.2086 -0.7285 0.7864 0.133 -0.603 0.0171 0.6628 0.3484 -0.6557 -0.0966 0.6183 -0.1512 -0.7327 0.2407 0.7238 0.0247 -0.6894 0.019 0.9352 0.0825 0.3419 0.0414 0.6536 -0.0534 -0.7342 0.1758 0.6779 -0.2569 -0.5948 0.3475 0.4387 -0.0587 0.8943 -0.065
0.7344 0.0549 -0.6765 0.0075 -0.0403 -0.6514 0.2086 -0.7285 0.7864 0.133 -0.603 0.0171 0.6628 0.3484 -0.6557 -0.0966 0.6231 -0.077 -0.7548 0.1899 0.7238 0.0247 -0.6894 0.019 0.9352 0.0825 0.3419 0.0414 0.6536 -0.0534 -0.7342 0.1758 0.6556 -0.3446 -0.5527 0.382 0.4387 -0.0587 0.8943 -0.065
0.7344 0.0549 -0.6765 0.0075 -0.0403 -0.6514 0.2086 -0.7285 0.7864 0.133 -0.603 0.0171 0.7412 0.2601 -0.6053 0.1285 0.6231 -0.077 -0.7548 0.1899 0.7238 0.0247 -0.6894 0.019 0.9352 0.0825 0.3419 0.0414 0.6536 -0.0534 -0.7342 0.1758 0.6556 -0.3446 -0.5527 0.382 0.4387 -0.0587 0.8943 -0.065
0.7344 0.0549 -0.6765 0.0075 0.1084 -0.7245 0.1981 -0.6512 0.7864 0.133 -0.603 0.0171 0.7412 0.2601 -0.6053 0.1285 0.6231 -0.077 -0.7548 0.1899 0.7238 0.0247 -0.6894 0.019 0.9352 0.0825 0.3419 0.0414 0.6536 -0.0534 -0.7342 0.1758 0.6556 -0.3446 -0.5527 0.382 0.4387 -0.0587 0.8943 -0.065
0.7344 0.0549 -0.6765 0.0075 0.1084 -0.7245 0.1981 -0.6512 0.7864 0.133 -0.603 0.0171 0.7412 0.2601 -0.6053 0.1285 0.6231 -0.077 -0.7548 0.1899 0.7238 0.0247 -0.6894 0.019 0.9352 0.0825 0.3419 0.0414 0.6536 -0.0534 -0.7342 0.1758 0.6556 -0.3446 -0.5527 0.382 0.4387 -0.0587 0.8943 -0.065
0.7604 0.0651 -0.6326 0.1314 0.1084 -0.7245 0.1981 -0.6512 0.7864 0.133 -0.603 0.0171 0.7412 0.2601 -0.6053 0.1285 0.6231 -0.077 -0.7548 0.1899 0.7281 0.0535 -0.6829 -0.0267 0.9352 0.0825 0.3419 0.0414 0.6536 -0.0534 -0.7342 0.1758 0.6556 -0.3446 -0.5527 0.382 0.6526 -0.0303 0.7554 -0.0512
0.7604 0.0651 -0.6326 0.1314 0.1084 -0.7245 0.1981 -0.6512 0.7864 0.133 -0.603 0.0171 0.7412 0.2601 -0.6053 0.1285 0.6231 -0.077 -0.7548 0.1899 0.7281 0.0535 -0.6829 -0.0267 0.9271 0.0942 0.3604 0.0419 0.6536 -0.0534 -0.7342 0.1758 0.6556 -0.3446 -0.5527 0.382 0.6526 -0.0303 0.7554 -0.0512
0.7604 0.0651 -0.6326 0.1314 0.1084 -0.7245 0.1981 -0.6512 0.7864 0.133 -0.603 0.0171 0.7412 0.2601 -0.6053 0.1285 0.6231 -0.077 -0.7548 0.1899 0.7281 0.0535 -0.6829 -0.0267 0.9271 0.0942 0.3604 0.0419 0.6536 -0.0534 -0.7342 0.1758 0.6556 -0.3446 -0.5527 0.382 0.6526 -0.0303 0.7554 -0.0512
0.7604 0.0651 -0.6326 0.1314 0.1084 -0.7245 0.1981 -0.6512 0.7399 0.143 -0.6295 0.1893 0.7412 0.2601 -0.6053 0.1285 0.6255 -0.0112 -0.7764 0.077 0.7281 0.0535 -0.6829 -0.0267 0.9271 0.0942 0.3604 0.0419 0.7158 0.1422 -0.6639 -0.1633 0.7035 -0.1933 -0.6381 0.2462 0.6526 -0.0303 0.7554 -0.0512
0.7604 0.0651 -0.6326 0.1314 0.1084 -0.7245 0.1981 -0.6512 0.7399 0.143 -0.6295 0.1893 0.7602 0.2509 -0.5433 0.2529 0.6255 -0.0112 -0.7764 0.077 0.7281 0.0535 -0.6829 -0.0267 0.9271 0.0942 0.3604 0.0419 0.7158 0.1422 -0.6639 -0.1633 0.7035 -0.1933 -0.6381 0.2462 0.6526 -0.0303 0.7554 -0.0512
0.7604 0.0651 -0.6326 0.1314 0.2071 -0.7888 0.2718 -0.5109 0.7399 0.143 -0.6295 0.1893 0.7602 0.2509 -0.5433 0.2529 0.6255 -0.0112 -0.7764 0.077 0.7281 0.0535 -0.6829 -0.0267 0.9271 0.0942 0.3604 0.0419 0.7158 0.1422 -0.6639 -0.1633 0.7035 -0.1933 -0.6381 0.2462 0.6526 -0.0303 0.7554 -0.0512
0.7604 0.0651 -0.6326 0.1314 0.2071 -0.7888 0.2718 -0.5109 0.7399 0.143 -0.6295 0.1893 0.7602 0.2509 -0.5433 0.2529 0.6255 -0.0112 -0.7764 0.077 0.7281 0.0535 -0.6829 -0.0267 0.9271 0.0942 0.3604 0.0419 0.7158 0.1422 -0.6639 -0.1633 0.7035 -0.1933 -0.6381 0.2462 0.8912 -0.0086 0.4516 -0.0428
0.7604 0.0651 -0.6326 0.1314 0.2071 -0.7888 0.2718 -0.5109 0.7399 0.143 -0.6295 0.1893 0.7602 0.2509 -0.5433 0.2529 0.6255 -0.0112 -0.7764 0.077 0.7281 0.0535 -0.6829 -0.0267 0.9271 0.0942 0.3604 0.0419 0.7158 0.1422 -0.6639 -0.1633 0.7035 -0.1933 -0.6381 0.2462 0.8912 -0.0086 0.4516 -0.0428
0.7823 -0.0054 -0.6005 0.1654 0.2071 -0.7888 0.2718 -0.5109 0.7399 0.143 -0.6295 0.1893 0.7602 0.2509 -0.5433 0.2529 0.6255 -0.0112 -0.7764 0.077 0.7379 0.0882 -0.6642 -0.0809 0.9127 0.0916 0.3976 0.0236 0.7158 0.1422 -0.6639 -0.1633 0.7035 -0.1933 -0.6381 0.2462 0.8912 -0.0086 0.4516 -0.0428
0.7823 -0.0054 -0.6005 0.1654 0.2071 -0.7888 0.2718 -0.5109 0.7482 0.0853 -0.6097 0.2474 0.7602 0.2509 -0.5433 0.2529 0.6255 -0.0112 -0.7764 0.077 0.7379 0.0882 -0.6642 -0.0809 0.9127 0.0916 0.3976 0.0236 0.7158 0.1422 -0.6639 -0.1633 0.7035 -0.1933 -0.6381 0.2462 0.8912 -0.0086 0.4516 -0.0428
0.7823 -0.0054 -0.6005 0.1654 0.2071 -0.7888 0.2718 -0.5109 0.7482 0.0853 -0.6097 0.2474 0.7602 0.2509 -0.5433 0.2529 0.6255 -0.0112 -0.7764 0.077 0.7379 0.0882 -0.6642 -0.0809 0.9127 0.0916 0.3976 0.0236 0.7158 0.1422 -0.6639 -0.1633 0.694 0.0901 -0.7126 -0.0487 0.8912 -0.0086 0.4516 -0.0428
0.7823 -0.0054 -0.6005 0.1654 0.2071 -0.7888 0.2718 -0.5109 0.7482 0.0853 -0.6097 0.2474 0.7602 0.2509 -0.5433 0.2529 0.6255 -0.0112 -0.7764 0.077 0.7379 0.0882 -0.6642 -0.0809 0.9127 0.0916 0.3976 0.0236 0.7158 0.1422 -0.6639 -0.1633 0.694 0.0901 -0.7126 -0.0487 0.8912 -0.0086 0.4516 -0.0428
0.7823 -0.0054 -0.6005 0.1654 0.2933 -0.8152 0.2838 -0.4108 0.7482 0.0853 -0.6097 0.2474 0.7773 0.1946 -0.5299 0.2776 0.6255 -0.0112 -0.7764 0.077 0.7379 0.0882 -0.6642 -0.0809 0.9127 0.0916 0.3976 0.0236 0.7158 0.1422 -0.6639 -0.1633 0.694 0.0901 -0.7126 -0.0487 0.8912 -0.0086 0.4516 -0.0428
0.7924 -0.0195 -0.5792 0.1907 0.2933 -0.8152 0.2838 -0.4108 0.7482 0.0853 -0.6097 0.2474 0.7773 0.1946 -0.5299 0.2776 0.6255 -0.0112 -0.7764 0.077 0.7379 0.0882 -0.6642 -0.0809 0.9127 0.0916 0.3976 0.0236 0.7158 0.1422 -0.6639 -0.1633 0.694 0.0901 -0.7126 -0.0487 0.9856 -0.0219 0.1672 -0.0099
0.7924 -0.0195 -0.5792 0.1907 0.2933 -0.8152 0.2838 -0.4108 0.7482 0.0853 -0.6097 0.2474 0.7773 0.1946 -0.5299 0.2776 0.6255 -0.0112 -0.7764 0.077 0.7379 0.0882 -0.6642 -0.0809 0.9127 0.0916 0.3976 0.0236 0.7158 0.1422 -0.6639 -0.1633 0.694 0.0901 -0.7126 -0.0487 0.9856 -0.0219 0.1672 -0.0099
0.7924 -0.0195 -0.5792 0.1907 0.2933 -0.8152 0.2838 -0.4108 0.7482 0.0853 -0.6097 0.2474 0.7773 0.1946 -0.5299 0.2776 0.6255 -0.0112 -0.7764 0.077 0.7609 0.14 -0.6071 -0.1812 0.9127 0.0916 0.3976 0.0236 0.7158 0.1422 -0.6639 -0.1633 0.694 0.0901 -0.7126 -0.0487 0.9856 -0.0219 0.1672 -0.0099
0.7924 -0.0195 -0.5792 0.1907 0.2933 -0.8152 0.2838 -0.4108 0.7482 0.0853 -0.6097 0.2474 0.7773 0.1946 -0.5299 0.2776 0.6255 -0.0112 -0.7764 0.077 0.7609 0.14 -0.6071 -0.1812 0.9127 0.0916 0.3976 0.0236 0.7158 0.1422 -0.6639 -0.1633 0.694 0.0901 -0.7126 -0.0487 0.9856 -0.0219 0.1672 -0.0099
0.7924 -0.0195 -0.5792 0.1907 0.2933 -0.8152 0.2838 -0.4108 0.7366 0.0883 -0.6193 0.257 0.7773 0.1946 -0.5299 0.2776 0.6436 0.0468 -0.7587 -0.0898 0.7609 0.14 -0.6071 -0.1812 0.9127 0.0916 0.3976 0.0236 0.681 0.1111 -0.7023 -0.1752 0.6705 0.1097 -0.7316 -0.056 0.9856 -0.0219 0.1672 -0.0099
0.7924 -0.0195 -0.5792 0.1907 0.2933 -0.8152 0.2838 -0.4108 0.7366 0.0883 -0.6193 0.257 0.7722 0.1836 -0.52 0.3155 0.6436 0.0468 -0.7587 -0.0898 0.7609 0.14 -0.6071 -0.1812 0.9127 0.0916 0.3976 0.0236 0.681 0.1111 -0.7023 -0.1752 0.6705 0.1097 -0.7316 -0.056 0.9856 -0.0219 0.1672 -0.0099
0.7924 -0.0195 -0.5792 0.1907 0.2949 -0.8127 0.2463 -0.438 0.7366 0.0883 -0.6193 0.257 0.7722 0.1836 -0.52 0.3155 0.6436 0.0468 -0.7587 -0.0898 0.7609 0.14 -0.6071 -0.1812 0.9127 0.0916 0.3976 0.0236 0.681 0.1111 -0.7023 -0.1752 0.6705 0.1097 -0.7316 -0.056 0.9856 -0.0219 0.1672 -0.0099
0.7924 -0.0195 -0.5792 0.1907 0.2949 -0.8127 0.2463 -0.438 0.7366 0.0883 -0.6193 0.257 0.7722 0.1836 -0.52 0.3155 0.6436 0.0468 -0.7587 -0.0898 0.7609 0.14 -0.6071 -0.1812 0.9127 0.0916 0.3976 0.0236 0.681 0.1111 -0.7023 -0.1752 0.6705 0.1097 -0.7316 -0.056 0.9275 0.0142 0.3725 -0.0286
0.7896 -0.0181 -0.6025 0.1154 0.2949 -0.8127 0.2463 -0.438 0.7366 0.0883 -0.6193 0.257 0.7722 0.1836 -0.52 0.3155 0.6436 0.0468 -0.7587 -0.0898 0.7609 0.14 -0.6071 -0.1812 0.9127 0.0916 0.3976 0.0236 0.681 0.1111 -0.7023 -0.1752 0.6705 0.1097 -0.7316 -0.056 0.9275 0.0142 0.3725 -0.0286
0.7896 -0.0181 -0.6025 0.1154 0.2949 -0.8127 0.2463 -0.438 0.7366 0.0883 -0.6193 0.257 0.7722 0.1836 -0.52 0.3155 0.6436 0.0468 -0.7587 -0.0898 0.7609 0.14 -0.6071 -0.1812 0.5338 0.115 0.8373 -0.0261 0.681 0.1111 -0.7023 -0.1752 0.6705 0.1097 -0.7316 -0.056 0.9275 0.0142 0.3725 -0.0286
0.7896 -0.0181 -0.6025 0.1154 0.2949 -0.8127 0.2463 -0.438 0.7366 0.0883 -0.6193 0.257 0.7722 0.1836 -0.52 0.3155 0.6436 0.0468 -0.7587 -0.0898 0.7609 0.14 -0.6071 -0.1812 0.5338 0.115 0.8373 -0.0261 0.681 0.1111 -0.7023 -0.1752 0.6705 0.1097 -0.7316 -0.056 0.9275 0.0142 0.3725 -0.0286
0.7896 -0.0181 -0.6025 0.1154 0.2949 -0.8127 0.2463 -0.438 0.7282 0.0704 -0.6641 0.1539 0.7722 0.1836 -0.52 0.3155 0.6884 -0.027 -0.7244 -0.025 0.7609 0.14 -0.6071 -0.1812 0.5338 0.115 0.8373 -0.0261 0.6691 0.0333 -0.7032 -0.238 0.6791 -0.0653 -0.7296 -0.0483 0.9275 0.0142 0.3725 -0.0286
0.7896 -0.0181 -0.6025 0.1154 0.2949 -0.8127 0.2463 -0.438 0.7282 0.0704 -0.6641 0.1539 0.7548 0.2105 -0.5814 0.2193 0.6884 -0.027 -0.7244 -0.025 0.7609 0.14 -0.6071 -0.1812 0.5338 0.115 0.8373 -0.0261 0.6691 0.0333 -0.7032 -0.238 0.6791 -0.0653 -0.7296 -0.0483 0.9275 0.0142 0.3725 -0.0286
0.7896 -0.0181 -0.6025 0.1154 0.1834 -0.7734 0.2002 -0.5728 0.7282 0.0704 -0.6641 0.1539 0.7548 0.2105 -0.5814 0.2193 0.6884 -0.027 -0.7244 -0.025 0.7609 0.14 -0.6071 -0.1812 0.5338 0.115 0.8373 -0.0261 0.6691 0.0333 -0.7032 -0.238 0.6791 -0.0653 -0.7296 -0.0483 0.9275 0.0142 0.3725 -0.0286
0.7896 -0.0181 -0.6025 0.1154 0.1834 -0.7734 0.2002 -0.5728 0.7282 0.0704 -0.6641 0.1539 0.7548 0.2105 -0.5814 0.2193 0.6884 -0.027 -0.7244 -0.025 0.7609 0.14 -0.6071 -0.1812 0.5338 0.115 0.8373 -0.0261 0.6691 0.0333 -0.7032 -0.238 0.6791 -0.0653 -0.7296 -0.0483 0.913 0.0154 0.4069 -0.0234
0.7896 -0.0181 -0.6025 0.1154 0.1834 -0.7734 0.2002 -0.5728 0.7282 0.0704 -0.6641 0.1539 0.7548 0.2105 -0.5814 0.2193 0.6884 -0.027 -0.7244 -0.025 0.7609 0.14 -0.6071 -0.1812 0.5338 0.115 0.8373 -0.0261 0.6691 0.0333 -0.7032 -0.238 0.6791 -0.0653 -0.7296 -0.0483 0.913 0.0154 0.4069 -0.0234
0.7684 -0.0072 -0.6375 0.0558 0.1834 -0.7734 0.2002 -0.5728 0.7282 0.0704 -0.6641 0.1539 0.7548 0.2105 -0.5814 0.2193 0.6884 -0.027 -0.7244 -0.025 0.7849 0.2369 -0.4763 -0.3179 0.6382 0.0775 0.7601 -0.0939 0.6691 0.0333 -0.7032 -0.238 0.6791 -0.0653 -0.7296 -0.0483 0.913 0.0154 0.4069 -0.0234
0.7684 -0.0072 -0.6375 0.0558 0.1834 -0.7734 0.2002 -0.5728 0.7282 0.0704 -0.6641 0.1539 0.7548 0.2105 -0.5814 0.2193 0.6884 -0.027 -0.7244 -0.025 0.7849 0.2369 -0.4763 -0.3179 0.6382 0.0775 0.7601 -0.0939 0.6691 0.0333 -0.7032 -0.238 0.6791 -0.0653 -0.7296 -0.0483 0.913 0.0154 0.4069 -0.0234
0.7684 -0.0072 -0.6375 0.0558 0.1834 -0.7734 0.2002 -0.5728 0.753 0.0233 -0.657 -0.0291 0.7548 0.2105 -0.5814 0.2193 0.6921 -0.1418 -0.6958 0.1291 0.7849 0.2369 -0.4763 -0.3179 0.6382 0.0775 0.7601 -0.0939 0.6426 -0.0103 -0.7612 -0.0872 0.6801 -0.1064 -0.7252 0.0161 0.913 0.0154 0.4069 -0.0234
0.7684 -0.0072 -0.6375 0.0558 0.1834 -0.7734 0.2002 -0.5728 0.753 0.0233 -0.657 -0.0291 0.7109 0.2794 -0.6453 -0.0108 0.6921 -0.1418 -0.6958 0.1291 0.7849 0.2369 -0.4763 -0.3179 0.6382 0.0775 0.7601 -0.0939 0.6426 -0.0103 -0.7612 -0.0872 0.6801 -0.1064 -0.7252 0.0161 0.913 0.0154 0.4069 -0.0234
0.7684 -0.0072 -0.6375 0.0558 0.0239 -0.6938 0.2365 -0.6797 0.753 0.0233 -0.657 -0.0291 0.7109 0.2794 -0.6453 -0.0108 0.6921 -0.1418 -0.6958 0.1291 0.7849 0.2369 -0.4763 -0.3179 0.6382 0.0775 0.7601 -0.0939 0.6426 -0.0103 -0.7612 -0.0872 0.6801 -0.1064 -0.7252 0.0161 0.913 0.0154 0.4069 -0.0234
0.7684 -0.0072 -0.6375 0.0558 0.0239 -0.6938 0.2365 -0.6797 0.753 0.0233 -0.657 -0.0291 0.7109 0.2794 -0.6453 -0.0108 0.6921 -0.1418 -0.6958 0.1291 0.7849 0.2369 -0.4763 -0.3179 0.6382 0.0775 0.7601 -0.0939 0.6426 -0.0103 -0.7612 -0.0872 0.6801 -0.1064 -0.7252 0.0161 0.9032 0.0213 0.4282 -0.0206
0.7684 -0.0072 -0.6375 0.0558 0.0239 -0.6938 0.2365 -0.6797 0.753 0.0233 -0.657 -0.0291 0.7109 0.2794 -0.6453 -0.0108 0.6921 -0.1418 -0.6958 0.1291 0.7849 0.2369 -0.4763 -0.3179 0.6382 0.0775 0.7601 -0.0939 0.6426 -0.0103 -0.7612 -0.0872 0.6801 -0.1064 -0.7252 0.0161 0.9032 0.0213 0.4282 -0.0206
0.7397 -0.0367 -0.667 -0.0808 0.0239 -0.6938 0.2365 -0.6797 0.753 0.0233 -0.657 -0.0291 0.7109 0.2794 -0.6453 -0.0108 0.6921 -0.1418 -0.6958 0.1291 0.7822 0.1028 -0.5941 -0.1568 0.8507 0.105 0.5151 -0.0015 0.6426 -0.0103 -0.7612 -0.0872 0.6801 -0.1064 -0.7252 0.0161 0.9032 0.0213 0.4282 -0.0206
0.7397 -0.0367 -0.667 -0.0808 0.0239 -0.6938 0.2365 -0.6797 0.753 0.0233 -0.657 -0.0291 0.7109 0.2794 -0.6453 -0.0108 0.6921 -0.1418 -0.6958 0.1291 0.7822 0.1028 -0.5941 -0.1568 0.8507 0.105 0.5151 -0.0015 0.6426 -0.0103 -0.7612 -0.0872 0.6801 -0.1064 -0.7252 0.0161 0.9032 0.0213 0.4282 -0.0206
0.7397 -0.0367 -0.667 -0.0808 0.0239 -0.6938 0.2365 -0.6797 0.7774 0.0737 -0.6177 -0.0928 0.7109 0.2794 -0.6453 -0.0108 0.6613 -0.2215 -0.6803 0.2253 0.7822 0.1028 -0.5941 -0.1568 0.8507 0.105 0.5151 -0.0015 0.6094 -0.0611 -0.79 0.029 0.6755 -0.1325 -0.7226 0.0626 0.9032 0.0213 0.4282 -0.0206
0.7397 -0.0367 -0.667 -0.0808 0.0239 -0.6938 0.2365 -0.6797 0.7774 0.0737 -0.6177 -0.0928 0.6254 0.4039 -0.6501 -0.1521 0.6613 -0.2215 -0.6803 0.2253 0.7822 0.1028 -0.5941 -0.1568 0.8507 0.105 0.5151 -0.0015 0.6094 -0.0611 -0.79 0.029 0.6755 -0.1325 -0.7226 0.0626 0.9032 0.0213 0.4282 -0.0206
0.7397 -0.0367 -0.667 -0.0808 -0.0709 -0.6271 0.3024 -0.7144 0.7774 0.0737 -0.6177 -0.0928 0.6254 0.4039 -0.6501 -0.1521 0.6613 -0.2215 -0.6803 0.2253 0.7822 0.1028 -0.5941 -0.1568 0.8507 0.105 0.5151 -0.0015 0.6094 -0.0611 -0.79 0.029 0.6755 -0.1325 -0.7226 0.0626 0.9032 0.0213 0.4282 -0.0206
0.7397 -0.0367 -0.667 -0.0808 -0.0709 -0.6271 0.3024 -0.7144 0.7774 0.0737 -0.6177 -0.0928 0.6254 0.4039 -0.6501 -0.1521 0.6613 -0.2215 -0.6803 0.2253 0.7822 0.1028 -0.5941 -0.1568 0.8507 0.105 0.5151 -0.0015 0.6094 -0.0611 -0.79 0.029 0.6755 -0.1325 -0.7226 0.0626 0.874 0.017 0.4851 -0.0229
0.7397 -0.0367 -0.667 -0.0808 -0.0709 -0.6271 0.3024 -0.7144 0.7774 0.0737 -0.6177 -0.0928 0.6254 0.4039 -0.6501 -0.1521 0.6613 -0.2215 -0.6803 0.2253 0.7822 0.1028 -0.5941 -0.1568 0.8507 0.105 0.5151 -0.0015 0.6094 -0.0611 -0.79 0.029 0.6755 -0.1325 -0.7226 0.0626 0.874 0.017 0.4851 -0.0229
0.7356 -0.0446 -0.6526 -0.1761 -0.0709 -0.6271 0.3024 -0.7144 0.7774 0.0737 -0.6177 -0.0928 0.6254 0.4039 -0.6501 -0.1521 0.6613 -0.2215 -0.6803 0.2253 0.6711 -0.2001 -0.7126 0.0414 0.9674 0.1923 0.1446 0.0791 0.6094 -0.0611 -0.79 0.029 0.6755 -0.1325 -0.7226 0.0626 0.874 0.017 0.4851 -0.0229
0.7356 -0.0446 -0.6526 -0.1761 -0.0709 -0.6271 0.3024 -0.7144 0.7774 0.0737 -0.6177 -0.0928 0.6254 0.4039 -0.6501 -0.1521 0.6613 -0.2215 -0.6803 0.2253 0.6711 -0.2001 -0.7126 0.0414 0.9674 0.1923 0.1446 0.0791 0.6094 -0.0611 -0.79 0.029 0.6755 -0.1325 -0.7226 0.0626 0.874 0.017 0.4851 -0.0229
0.7356 -0.0446 -0.6526 -0.1761 -0.0709 -0.6271 0.3024 -0.7144 0.774 0.1627 -0.6017 -0.1108 0.6254 0.4039 -0.6501 -0.1521 0.6493 -0.1777 -0.7104 0.2052 0.6711 -0.2001 -0.7126 0.0414 0.9674 0.1923 0.1446 0.0791 0.593 -0.0853 -0.7862 0.1517 0.675 -0.1638 -0.7036 0.1496 0.874 0.017 0.4851 -0.0229
0.7356 -0.0446 -0.6526 -0.1761 -0.0709 -0.6271 0.3024 -0.7144 0.774 0.1627 -0.6017 -0.1108 0.5836 0.4525 -0.6466 -0.1912 0.6493 -0.1777 -0.7104 0.2052 0.6711 -0.2001 -0.7126 0.0414 0.9674 0.1923 0.1446 0.0791 0.593 -0.0853 -0.7862 0.1517 0.675 -0.1638 -0.7036 0.1496 0.874 0.017 0.4851 -0.0229
0.7356 -0.0446 -0.6526 -0.1761 -0.0974 -0.5844 0.2869 -0.7529 0.774 0.1627 -0.6017 -0.1108 0.5836 0.4525 -0.6466 -0.1912 0.6493 -0.1777 -0.7104 0.2052 0.6711 -0.2001 -0.7126 0.0414 0.9674 0.1923 0.1446 0.0791 0.593 -0.0853 -0.7862 0.1517 0.675 -0.1638 -0.7036 0.1496 0.874 0.017 0.4851 -0.0229
0.7356 -0.0446 -0.6526 -0.1761 -0.0974 -0.5844 0.2869 -0.7529 0.774 0.1627 -0.6017 -0.1108 0.5836 0.4525 -0.6466 -0.1912 0.6493 -0.1777 -0.7104 0.2052 0.6711 -0.2001 -0.7126 0.0414 0.9674 0.1923 0.1446 0.0791 0.593 -0.0853 -0.7862 0.1517 0.675 -0.1638 -0.7036 0.1496 0.7597 -0.0196 0.6477 -0.0541
0.7356 -0.0446 -0.6526 -0.1761 -0.0974 -0.5844 0.2869 -0.7529 0.774 0.1627 -0.6017 -0.1108 0.5836 0.4525 -0.6466 -0.1912 0.6493 -0.1777 -0.7104 0.2052 0.6711 -0.2001 -0.7126 0.0414 0.9674 0.1923 0.1446 0.0791 0.593 -0.0853 -0.7862 0.1517 0.675 -0.1638 -0.7036 0.1496 0.7597 -0.0196 0.6477 -0.0541
0.7366 -0.0361 -0.6518 -0.1771 -0.0974 -0.5844 0.2869 -0.7529 0.774 0.1627 -0.6017 -0.1108 0.5836 0.4525 -0.6466 -0.1912 0.6493 -0.1777 -0.7104 0.2052 0.6801 -0.1302 -0.7177 0.0735 0.9582 0.122 0.2471 0.0768 0.593 -0.0853 -0.7862 0.1517 0.675 -0.1638 -0.7036 0.1496 0.7597 -0.0196 0.6477 -0.0541
0.7366 -0.0361 -0.6518 -0.1771 -0.0974 -0.5844 0.2869 -0.7529 0.774 0.1627 -0.6017 -0.1108 0.5836 0.4525 -0.6466 -0.1912 0.6493 -0.1777 -0.7104 0.2052 0.6801 -0.1302 -0.7177 0.0735 0.9582 0.122 0.2471 0.0768 0.593 -0.0853 -0.7862 0.1517 0.675 -0.1638 -0.7036 0.1496 0.7597 -0.0196 0.6477 -0.0541
0.7366 -0.0361 -0.6518 -0.1771 -0.0974 -0.5844 0.2869 -0.7529 0.7688 0.1499 -0.6122 -0.108 0.5836 0.4525 -0.6466 -0.1912 0.629 -0.1643 -0.7214 0.2385 0.6801 -0.1302 -0.7177 0.0735 0.9582 0.122 0.2471 0.0768 0.6174 -0.0709 -0.7646 0.1711 0.6823 -0.2416 -0.6126 0.3176 0.7597 -0.0196 0.6477 -0.0541
0.7366 -0.0361 -0.6518 -0.1771 -0.0974 -0.5844 0.2869 -0.7529 0.7688 0.1499 -0.6122 -0.108 0.6346 0.3771 -0.663 -0.1246 0.629 -0.1643 -0.7214 0.2385 0.6801 -0.1302 -0.7177 0.0735 0.9582 0.122 0.2471 0.0768 0.6174 -0.0709 -0.7646 0.1711 0.6823 -0.2416 -0.6126 0.3176 0.7597 -0.0196 0.6477 -0.0541
0.7366 -0.0361 -0.6518 -0.1771 -0.1132 -0.6003 0.3108 -0.7281 0.7688 0.1499 -0.6122 -0.108 0.6346 0.3771 -0.663 -0.1246 0.629 -0.1643 -0.7214 0.2385 0.6801 -0.1302 -0.7177 0.0735 0.9582 0.122 0.2471 0.0768 0.6174 -0.0709 -0.7646 0.1711 0.6823 -0.2416 -0.6126 0.3176 0.7597 -0.0196 0.6477 -0.0541
0.7366 -0.0361 -0.6518 -0.1771 -0.1132 -0.6003 0.3108 -0.7281 0.7688 0.1499 -0.6122 -0.108 0.6346 0.3771 -0.663 -0.1246 0.629 -0.1643 -0.7214 0.2385 0.6801 -0.1302 -0.7177 0.0735 0.9582 0.122 0.2471 0.0768 0.6174 -0.0709 -0.7646 0.1711 0.6823 -0.2416 -0.6126 0.3176 0.4363 -0.1317 0.8815 -0.1237
0.7366 -0.0361 -0.6518 -0.1771 -0.1132 -0.6003 0.3108 -0.7281 0.7688 0.1499 -0.6122 -0.108 0.6346 0.3771 -0.663 -0.1246 0.629 -0.1643 -0.7214 0.2385 0.6801 -0.1302 -0.7177 0.0735 0.9582 0.122 0.2471 0.0768 0.6174 -0.0709 -0.7646 0.1711 0.6823 -0.2416 -0.6126 0.3176 0.4363 -0.1317 0.8815 -0.1237
0.7419 -0.0294 -0.6646 -0.0834 -0.1132 -0.6003 0.3108 -0.7281 0.7688 0.1499 -0.6122 -0.108 0.6346 0.3771 -0.663 -0.1246 0.629 -0.1643 -0.7214 0.2385 0.7344 0.0046 -0.6782 0.0243 0.9383 0.0682 0.3373 0.0351 0.6174 -0.0709 -0.7646 0.1711 0.6823 -0.2416 -0.6126 0.3176 0.4363 -0.1317 0.8815 -0.1237
0.7419 -0.0294 -0.6646 -0.0834 -0.1132 -0.6003 0.3108 -0.7281 0.7688 0.1499 -0.6122 -0.108 0.6346 0.3771 -0.663 -0.1246 0.629 -0.1643 -0.7214 0.2385 0.7344 0.0046 -0.6782 0.0243 0.9383 0.0682 0.3373 0.0351 0.6174 -0.0709 -0.7646 0.1711 0.6823 -0.2416 -0.6126 0.3176 0.4363 -0.1317 0.8815 -0.1237
0.7419 -0.0294 -0.6646 -0.0834 -0.1132 -0.6003 0.3108 -0.7281 0.756 0.1119 -0.6424 -0.0577 0.6346 0.3771 -0.663 -0.1246 0.6286 -0.1057 -0.742 0.2076 0.7344 0.0046 -0.6782 0.0243 0.9383 0.0682 0.3373 0.0351 0.6941 0.0374 -0.7174 0.0463 0.6354 -0.3621 -0.5742 0.3682 0.4363 -0.1317 0.8815 -0.1237
0.7419 -0.0294 -0.6646 -0.0834 -0.1132 -0.6003 0.3108 -0.7281 0.756 0.1119 -0.6424 -0.0577 0.7072 0.2963 -0.6412 0.0322 0.6286 -0.1057 -0.742 0.2076 0.7344 0.0046 -0.6782 0.0243 0.9383 0.0682 0.3373 0.0351 0.6941 0.0374 -0.7174 0.0463 0.6354 -0.3621 -0.5742 0.3682 0.4363 -0.1317 0.8815 -0.1237
0.7419 -0.0294 -0.6646 -0.0834 0.0583 -0.7064 0.239 -0.6638 0.756 0.1119 -0.6424 -0.0577 0.7072 0.2963 -0.6412 0.0322 0.6286 -0.1057 -0.742 0.2076 0.7344 0.0046 -0.6782 0.0243 0.9383 0.0682 0.3373 0.0351 0.6941 0.0374 -0.7174 0.0463 0.6354 -0.3621 -0.5742 0.3682 0.4363 -0.1317 0.8815 -0.1237
0.7419 -0.0294 -0.6646 -0.0834 0.0583 -0.7064 0.239 -0.6638 0.756 0.1119 -0.6424 -0.0577 0.7072 0.2963 -0.6412 0.0322 0.6286 -0.1057 -0.742 0.2076 0.7344 0.0046 -0.6782 0.0243 0.9383 0.0682 0.3373 0.0351 0.6941 0.0374 -0.7174 0.0463 0.6354 -0.3621 -0.5742 0.3682 0.5952 -0.0674 0.7981 -0.0661
0.7599 0.0306 -0.6444 0.0799 0.0583 -0.7064 0.239 -0.6638 0.756 0.1119 -0.6424 -0.0577 0.7072 0.2963 -0.6412 0.0322 0.6286 -0.1057 -0.742 0.2076 0.7344 0.0046 -0.6782 0.0243 0.9383 0.0682 0.3373 0.0351 0.6941 0.0374 -0.7174 0.0463 0.6354 -0.3621 -0.5742 0.3682 0.5952 -0.0674 0.7981 -0.0661
0.7599 0.0306 -0.6444 0.0799 0.0583 -0.7064 0.239 -0.6638 0.756 0.1119 -0.6424 -0.0577 0.7072 0.2963 -0.6412 0.0322 0.6286 -0.1057 -0.742 0.2076 0.7466 0.0502 -0.6633 -0.0027 0.9362 0.0598 0.3455 0.0242 0.6941 0.0374 -0.7174 0.0463 0.6354 -0.3621 -0.5742 0.3682 0.5952 -0.0674 0.7981 -0.0661
0.7599 0.0306 -0.6444 0.0799 0.0583 -0.7064 0.239 -0.6638 0.756 0.1119 -0.6424 -0.0577 0.7072 0.2963 -0.6412 0.0322 0.6286 -0.1057 -0.742 0.2076 0.7466 0.0502 -0.6633 -0.0027 0.9362 0.0598 0.3455 0.0242 0.6941 0.0374 -0.7174 0.0463 0.6354 -0.3621 -0.5742 0.3682 0.5952 -0.0674 0.7981 -0.0661
0.7599 0.0306 -0.6444 0.0799 0.0583 -0.7064 0.239 -0.6638 0.7423 0.1522 -0.645 0.0991 0.7072 0.2963 -0.6412 0.0322 0.6312 -0.0296 -0.7646 0.1266 0.7466 0.0502 -0.6633 -0.0027 0.9362 0.0598 0.3455 0.0242 0.7142 0.1574 -0.6745 -0.1008 0.7067 -0.222 -0.6048 0.2925 0.5952 -0.0674 0.7981 -0.0661
0.7599 0.0306 -0.6444 0.0799 0.0583 -0.7064 0.239 -0.6638 0.7423 0.1522 -0.645 0.0991 0.7278 0.3026 -0.5916 0.1696 0.6312 -0.0296 -0.7646 0.1266 0.7466 0.0502 -0.6633 -0.0027 0.9362 0.0598 0.3455 0.0242 0.7142 0.1574 -0.6745 -0.1008 0.7067 -0.222 -0.6048 0.2925 0.5952 -0.0674 0.7981 -0.0661
0.7599 0.0306 -0.6444 0.0799 0.2128 -0.7798 0.2512 -0.5325 0.7423 0.1522 -0.645 0.0991 0.7278 0.3026 -0.5916 0.1696 0.6312 -0.0296 -0.7646 0.1266 0.7466 0.0502 -0.6633 -0.0027 0.9362 0.0598 0.3455 0.0242 0.7142 0.1574 -0.6745 -0.1008 0.7067 -0.222 -0.6048 0.2925 0.5952 -0.0674 0.7981 -0.0661
0.7599 0.0306 -0.6444 0.0799 0.2128 -0.7798 0.2512 -0.5325 0.7423 0.1522 -0.645 0.0991 0.7278 0.3026 -0.5916 0.1696 0.6312 -0.0296 -0.7646 0.1266 0.7466 0.0502 -0.6633 -0.0027 0.9362 0.0598 0.3455 0.0242 0.7142 0.1574 -0.6745 -0.1008 0.7067 -0.222 -0.6048 0.2925 0.8566 -0.0226 0.5127 -0.0535
0.7836 0.0182 -0.5998 0.1611 0.2128 -0.7798 0.2512 -0.5325 0.7423 0.1522 -0.645 0.0991 0.7278 0.3026 -0.5916 0.1696 0.6312 -0.0296 -0.7646 0.1266 0.7466 0.0502 -0.6633 -0.0027 0.9362 0.0598 0.3455 0.0242 0.7142 0.1574 -0.6745 -0.1008 0.7067 -0.222 -0.6048 0.2925 0.8566 -0.0226 0.5127 -0.0535
0.7836 0.0182 -0.5998 0.1611 0.2128 -0.7798 0.2512 -0.5325 0.7423 0.1522 -0.645 0.0991 0.7278 0.3026 -0.5916 0.1696 0.6312 -0.0296 -0.7646 0.1266 0.7466 0.0502 -0.6633 -0.0027 0.9362 0.0598 0.3455 0.0242 0.7142 0.1574 -0.6745 -0.1008 0.7067 -0.222 -0.6048 0.2925 0.8566 -0.0226 0.5127 -0.0535
0.7836 0.0182 -0.5998 0.1611 0.2128 -0.7798 0.2512 -0.5325 0.7526 0.1144 -0.621 0.1866 0.7278 0.3026 -0.5916 0.1696 0.6315 0.0452 -0.7733 0.035 0.7466 0.0502 -0.6633 -0.0027 0.9302 0.0431 0.3646 -7.0E-4 0.7212 0.1607 -0.65 -0.1778 0.7262 0.03 -0.6868 -0.0041 0.8566 -0.0226 0.5127 -0.0535
0.7836 0.0182 -0.5998 0.1611 0.2128 -0.7798 0.2512 -0.5325 0.7526 0.1144 -0.621 0.1866 0.7616 0.2537 -0.5368 0.2596 0.6315 0.0452 -0.7733 0.035 0.7466 0.0502 -0.6633 -0.0027 0.9302 0.0431 0.3646 -7.0E-4 0.7212 0.1607 -0.65 -0.1778 0.7262 0.03 -0.6868 -0.0041 0.8566 -0.0226 0.5127 -0.0535
0.7836 0.0182 -0.5998 0.1611 0.2128 -0.7798 0.2512 -0.5325 0.7526 0.1144 -0.621 0.1866 0.7616 0.2537 -0.5368 0.2596 0.6315 0.0452 -0.7733 0.035 0.7466 0.0502 -0.6633 -0.0027 0.9302 0.0431 0.3646 -7.0E-4 0.7212 0.1607 -0.65 -0.1778 0.7262 0.03 -0.6868 -0.0041 0.8566 -0.0226 0.5127 -0.0535
0.7836 0.0182 -0.5998 0.1611 0.2921 -0.8078 0.2806 -0.4283 0.7526 0.1144 -0.621 0.1866 0.7616 0.2537 -0.5368 0.2596 0.6315 0.0452 -0.7733 0.035 0.7466 0.0502 -0.6633 -0.0027 0.9302 0.0431 0.3646 -7.0E-4 0.7212 0.1607 -0.65 -0.1778 0.7262 0.03 -0.6868 -0.0041 0.8566 -0.0226 0.5127 -0.0535
0.7947 -0.0161 -0.5741 0.1965 0.2921 -0.8078 0.2806 -0.4283 0.7526 0.1144 -0.621 0.1866 0.7616 0.2537 -0.5368 0.2596 0.6315 0.0452 -0.7733 0.035 0.7466 0.0502 -0.6633 -0.0027 0.9302 0.0431 0.3646 -7.0E-4 0.7212 0.1607 -0.65 -0.1778 0.7262 0.03 -0.6868 -0.0041 0.9798 0.0292 0.1973 -0.014
0.7947 -0.0161 -0.5741 0.1965 0.2921 -0.8078 0.2806 -0.4283 0.7526 0.1144 -0.621 0.1866 0.7616 0.2537 -0.5368 0.2596 0.6315 0.0452 -0.7733 0.035 0.7466 0.0502 -0.6633 -0.0027 0.9302 0.0431 0.3646 -7.0E-4 0.7212 0.1607 -0.65 -0.1778 0.7262 0.03 -0.6868 -0.0041 0.9798 0.0292 0.1973 -0.014
0.7947 -0.0161 -0.5741 0.1965 0.2921 -0.8078 0.2806 -0.4283 0.7443 0.1187 -0.6147 0.2328 0.7616 0.2537 -0.5368 0.2596 0.6315 0.0452 -0.7733 0.035 0.7703 0.1159 -0.6168 -0.1132 0.8966 0.0305 0.4412 -0.0225 0.7212 0.1607 -0.65 -0.1778 0.7262 0.03 -0.6868 -0.0041 0.9798 0.0292 0.1973 -0.014
0.7947 -0.0161 -0.5741 0.1965 0.2921 -0.8078 0.2806 -0.4283 0.7443 0.1187 -0.6147 0.2328 0.7616 0.2537 -0.5368 0.2596 0.6508 0.0505 -0.7551 -0.0612 0.7703 0.1159 -0.6168 -0.1132 0.8966 0.0305 0.4412 -0.0225 0.7094 0.1018 -0.6726 -0.1844 0.6959 0.1465 -0.7004 -0.0612 0.9798 0.0292 0.1973 -0.014
0.7947 -0.0161 -0.5741 0.1965 0.2921 -0.8078 0.2806 -0.4283 0.7443 0.1187 -0.6147 0.2328 0.7616 0.2537 -0.5368 0.2596 0.6508 0.0505 -0.7551 -0.0612 0.7703 0.1159 -0.6168 -0.1132 0.8966 0.0305 0.4412 -0.0225 0.7094 0.1018 -0.6726 -0.1844 0.6959 0.1465 -0.7004 -0.0612 0.9798 0.0292 0.1973 -0.014
0.7947 -0.0161 -0.5741 0.1965 0.2921 -0.8078 0.2806 -0.4283 0.7443 0.1187 -0.6147 0.2328 0.7657 0.222 -0.5065 0.3285 0.6508 0.0505 -0.7551 -0.0612 0.7703 0.1159 -0.6168 -0.1132 0.8966 0.0305 0.4412 -0.0225 0.7094 0.1018 -0.6726 -0.1844 0.6959 0.1465 -0.7004 -0.0612 0.9798 0.0292 0.1973 -0.014
0.7947 -0.0161 -0.5741 0.1965 0.2921 -0.8078 0.2806 -0.4283 0.7443 0.1187 -0.6147 0.2328 0.7657 0.222 -0.5065 0.3285 0.6508 0.0505 -0.7551 -0.0612 0.7703 0.1159 -0.6168 -0.1132 0.8966 0.0305 0.4412 -0.0225 0.7094 0.1018 -0.6726 -0.1844 0.6959 0.1465 -0.7004 -0.0612 0.9798 0.0292 0.1973 -0.014
0.7954 -0.0511 -0.5873 0.1404 0.3027 -0.8065 0.272 -0.429 0.7443 0.1187 -0.6147 0.2328 0.7657 0.222 -0.5065 0.3285 0.6508 0.0505 -0.7551 -0.0612 0.7703 0.1159 -0.6168 -0.1132 0.8966 0.0305 0.4412 -0.0225 0.7094 0.1018 -0.6726 -0.1844 0.6959 0.1465 -0.7004 -0.0612 0.9414 0.0056 0.3371 -0.0076
0.7954 -0.0511 -0.5873 0.1404 0.3027 -0.8065 0.272 -0.429 0.7443 0.1187 -0.6147 0.2328 0.7657 0.222 -0.5065 0.3285 0.6508 0.0505 -0.7551 -0.0612 0.7703 0.1159 -0.6168 -0.1132 0.8966 0.0305 0.4412 -0.0225 0.7094 0.1018 -0.6726 -0.1844 0.6959 0.1465 -0.7004 -0.0612 0.9414 0.0056 0.3371 -0.0076
0.7954 -0.0511 -0.5873 0.1404 0.3027 -0.8065 0.272 -0.429 0.7261 0.1165 -0.6472 0.2006 0.7657 0.222 -0.5065 0.3285 0.6508 0.0505 -0.7551 -0.0612 0.7947 0.1651 -0.5337 -0.2372 0.7028 0.0131 0.7065 -0.0823 0.7094 0.1018 -0.6726 -0.1844 0.6959 0.1465 -0.7004 -0.0612 0.9414 0.0056 0.3371 -0.0076
0.7954 -0.0511 -0.5873 0.1404 0.3027 -0.8065 0.272 -0.429 0.7261 0.1165 -0.6472 0.2006 0.7657 0.222 -0.5065 0.3285 0.6508 0.0505 -0.7551 -0.0612 0.7947 0.1651 -0.5337 -0.2372 0.7028 0.0131 0.7065 -0.0823 0.6921 0.0891 -0.691 -0.1887 0.6959 0.1465 -0.7004 -0.0612 0.9414 0.0056 0.3371 -0.0076
0.7954 -0.0511 -0.5873 0.1404 0.3027 -0.8065 0.272 -0.429 0.7261 0.1165 -0.6472 0.2006 0.7657 0.222 -0.5065 0.3285 0.6871 -2.0E-4 -0.7255 -0.0386 0.7947 0.1651 -0.5337 -0.2372 0.7028 0.0131 0.7065 -0.0823 0.6921 0.0891 -0.691 -0.1887 0.7012 -0.032 -0.7108 -0.045 0.9414 0.0056 0.3371 -0.0076
0.7954 -0.0511 -0.5873 0.1404 0.3027 -0.8065 0.272 -0.429 0.7261 0.1165 -0.6472 0.2006 0.7458 0.2359 -0.5458 0.3002 0.6871 -2.0E-4 -0.7255 -0.0386 0.7947 0.1651 -0.5337 -0.2372 0.7028 0.0131 0.7065 -0.0823 0.6921 0.0891 -0.691 -0.1887 0.7012 -0.032 -0.7108 -0.045 0.9414 0.0056 0.3371 -0.0076
0.7954 -0.0511 -0.5873 0.1404 0.192 -0.771 0.244 -0.556 0.7261 0.1165 -0.6472 0.2006 0.7458 0.2359 -0.5458 0.3002 0.6871 -2.0E-4 -0.7255 -0.0386 0.7947 0.1651 -0.5337 -0.2372 0.7028 0.0131 0.7065 -0.0823 0.6921 0.0891 -0.691 -0.1887 0.7012 -0.032 -0.7108 -0.045 0.9414 0.0056 0.3371 -0.0076
0.7779 -0.0381 -0.6231 0.0723 0.192 -0.771 0.244 -0.556 0.7261 0.1165 -0.6472 0.2006 0.7458 0.2359 -0.5458 0.3002 0.6871 -2.0E-4 -0.7255 -0.0386 0.7947 0.1651 -0.5337 -0.2372 0.7028 0.0131 0.7065 -0.0823 0.6921 0.0891 -0.691 -0.1887 0.7012 -0.032 -0.7108 -0.045 0.9189 0.0042 0.394 -0.0164
0.7779 -0.0381 -0.6231 0.0723 0.192 -0.771 0.244 -0.556 0.7261 0.1165 -0.6472 0.2006 0.7458 0.2359 -0.5458 0.3002 0.6871 -2.0E-4 -0.7255 -0.0386 0.7947 0.1651 -0.5337 -0.2372 0.7028 0.0131 0.7065 -0.0823 0.6921 0.0891 -0.691 -0.1887 0.7012 -0.032 -0.7108 -0.045 0.9189 0.0042 0.394 -0.0164
0.7779 -0.0381 -0.6231 0.0723 0.192 -0.771 0.244 -0.556 0.7382 0.0578 -0.6675 0.0789 0.7458 0.2359 -0.5458 0.3002 0.6871 -2.0E-4 -0.7255 -0.0386 0.7906 0.2329 -0.4587 -0.3319 0.5685 -0.0108 0.8136 -0.1213 0.6921 0.0891 -0.691 -0.1887 0.7012 -0.032 -0.7108 -0.045 0.9189 0.0042 0.394 -0.0164
0.7779 -0.0381 -0.6231 0.0723 0.192 -0.771 0.244 -0.556 0.7382 0.0578 -0.6675 0.0789 0.7458 0.2359 -0.5458 0.3002 0.6871 -2.0E-4 -0.7255 -0.0386 0.7906 0.2329 -0.4587 -0.3319 0.5685 -0.0108 0.8136 -0.1213 0.663 7.0E-4 -0.7391 -0.119 0.7012 -0.032 -0.7108 -0.045 0.9189 0.0042 0.394 -0.0164
0.7779 -0.0381 -0.6231 0.0723 0.192 -0.771 0.244 -0.556 0.7382 0.0578 -0.6675 0.0789 0.7289 0.2686 -0.6199 0.111 0.6873 -0.1609 -0.7068 0.0453 0.7906 0.2329 -0.4587 -0.3319 0.5685 -0.0108 0.8136 -0.1213 0.663 7.0E-4 -0.7391 -0.119 0.6923 -0.0596 -0.7191 0.0133 0.9189 0.0042 0.394 -0.0164
0.7779 -0.0381 -0.6231 0.0723 0.192 -0.771 0.244 -0.556 0.7382 0.0578 -0.6675 0.0789 0.7289 0.2686 -0.6199 0.111 0.6873 -0.1609 -0.7068 0.0453 0.7906 0.2329 -0.4587 -0.3319 0.5685 -0.0108 0.8136 -0.1213 0.663 7.0E-4 -0.7391 -0.119 0.6923 -0.0596 -0.7191 0.0133 0.9189 0.0042 0.394 -0.0164
0.7779 -0.0381 -0.6231 0.0723 0.192 -0.771 0.244 -0.556 0.7382 0.0578 -0.6675 0.0789 0.7289 0.2686 -0.6199 0.111 0.6873 -0.1609 -0.7068 0.0453 0.7906 0.2329 -0.4587 -0.3319 0.5685 -0.0108 0.8136 -0.1213 0.663 7.0E-4 -0.7391 -0.119 0.6923 -0.0596 -0.7191 0.0133 0.9189 0.0042 0.394 -0.0164
0.7567 -0.0582 -0.6471 -0.0737 0.0591 -0.7096 0.2688 -0.6487 0.7382 0.0578 -0.6675 0.0789 0.7289 0.2686 -0.6199 0.111 0.6873 -0.1609 -0.7068 0.0453 0.7906 0.2329 -0.4587 -0.3319 0.5685 -0.0108 0.8136 -0.1213 0.663 7.0E-4 -0.7391 -0.119 0.6923 -0.0596 -0.7191 0.0133 0.9136 -0.0016 0.4058 -0.0246
0.7567 -0.0582 -0.6471 -0.0737 0.0591 -0.7096 0.2688 -0.6487 0.7382 0.0578 -0.6675 0.0789 0.7289 0.2686 -0.6199 0.111 0.6873 -0.1609 -0.7068 0.0453 0.7906 0.2329 -0.4587 -0.3319 0.5685 -0.0108 0.8136 -0.1213 0.663 7.0E-4 -0.7391 -0.119 0.6923 -0.0596 -0.7191 0.0133 0.9136 -0.0016 0.4058 -0.0246
0.7567 -0.0582 -0.6471 -0.0737 0.0591 -0.7096 0.2688 -0.6487 0.7631 0.0485 -0.6405 -0.0709 0.7289 0.2686 -0.6199 0.111 0.6873 -0.1609 -0.7068 0.0453 0.7803 0.1699 -0.5624 -0.2145 0.7782 0.0763 0.6229 -0.022 0.663 7.0E-4 -0.7391 -0.119 0.6923 -0.0596 -0.7191 0.0133 0.9136 -0.0016 0.4058 -0.0246
0.7567 -0.0582 -0.6471 -0.0737 0.0591 -0.7096 0.2688 -0.6487 0.7631 0.0485 -0.6405 -0.0709 0.7289 0.2686 -0.6199 0.111 0.6584 -0.225 -0.6922 0.1917 0.7803 0.1699 -0.5624 -0.2145 0.7782 0.0763 0.6229 -0.022 0.6323 -0.0228 -0.7739 0.0284 0.6854 -0.0643 -0.7219 0.0714 0.9136 -0.0016 0.4058 -0.0246
0.7567 -0.0582 -0.6471 -0.0737 0.0591 -0.7096 0.2688 -0.6487 0.7631 0.0485 -0.6405 -0.0709 0.6886 0.3601 -0.6293 -0.0132 0.6584 -0.225 -0.6922 0.1917 0.7803 0.1699 -0.5624 -0.2145 0.7782 0.0763 0.6229 -0.022 0.6323 -0.0228 -0.7739 0.0284 0.6854 -0.0643 -0.7219 0.0714 0.9136 -0.0016 0.4058 -0.0246
0.7567 -0.0582 -0.6471 -0.0737 0.0591 -0.7096 0.2688 -0.6487 0.7631 0.0485 -0.6405 -0.0709 0.6886 0.3601 -0.6293 -0.0132 0.6584 -0.225 -0.6922 0.1917 0.7803 0.1699 -0.5624 -0.2145 0.7782 0.0763 0.6229 -0.022 0.6323 -0.0228 -0.7739 0.0284 0.6854 -0.0643 -0.7219 0.0714 0.9136 -0.0016 0.4058 -0.0246
0.7567 -0.0582 -0.6471 -0.0737 0.0591 -0.7096 0.2688 -0.6487 0.7631 0.0485 -0.6405 -0.0709 0.6886 0.3601 -0.6293 -0.0132 0.6584 -0.225 -0.6922 0.1917 0.7803 0.1699 -0.5624 -0.2145 0.7782 0.0763 0.6229 -0.022 0.6323 -0.0228 -0.7739 0.0284 0.6854 -0.0643 -0.7219 0.0714 0.9136 -0.0016 0.4058 -0.0246
0.7474 -0.039 -0.6425 -0.1644 -0.0442 -0.6309 0.3063 -0.7115 0.7631 0.0485 -0.6405 -0.0709 0.6886 0.3601 -0.6293 -0.0132 0.6584 -0.225 -0.6922 0.1917 0.7803 0.1699 -0.5624 -0.2145 0.7782 0.0763 0.6229 -0.022 0.6323 -0.0228 -0.7739 0.0284 0.6854 -0.0643 -0.7219 0.0714 0.9056 -0.0016 0.4232 -0.0268
0.7474 -0.039 -0.6425 -0.1644 -0.0442 -0.6309 0.3063 -0.7115 0.7631 0.0485 -0.6405 -0.0709 0.6886 0.3601 -0.6293 -0.0132 0.6584 -0.225 -0.6922 0.1917 0.7803 0.1699 -0.5624 -0.2145 0.7782 0.0763 0.6229 -0.022 0.6323 -0.0228 -0.7739 0.0284 0.6854 -0.0643 -0.7219 0.0714 0.9056 -0.0016 0.4232 -0.0268
0.7474 -0.039 -0.6425 -0.1644 -0.0442 -0.6309 0.3063 -0.7115 0.7631 0.0485 -0.6405 -0.0709 0.6886 0.3601 -0.6293 -0.0132 0.6584 -0.225 -0.6922 0.1917 0.7803 0.1699 -0.5624 -0.2145 0.7782 0.0763 0.6229 -0.022 0.6323 -0.0228 -0.7739 0.0284 0.6854 -0.0643 -0.7219 0.0714 0.9056 -0.0016 0.4232 -0.0268
0.7474 -0.039 -0.6425 -0.1644 -0.0442 -0.6309 0.3063 -0.7115 0.7703 0.1588 -0.6088 -0.1041 0.6886 0.3601 -0.6293 -0.0132 0.6328 -0.1813 -0.7101 0.2499 0.7803 0.1699 -0.5624 -0.2145 0.7782 0.0763 0.6229 -0.022 0.606 -0.0637 -0.7859 0.1046 0.6854 -0.0643 -0.7219 0.0714 0.9056 -0.0016 0.4232 -0.0268
0.7474 -0.039 -0.6425 -0.1644 -0.0442 -0.6309 0.3063 -0.7115 0.7703 0.1588 -0.6088 -0.1041 0.6886 0.3601 -0.6293 -0.0132 0.6328 -0.1813 -0.7101 0.2499 0.7803 0.1699 -0.5624 -0.2145 0.7782 0.0763 0.6229 -0.022 0.606 -0.0637 -0.7859 0.1046 0.684 -0.0865 -0.7111 0.1379 0.9056 -0.0016 0.4232 -0.0268
0.7474 -0.039 -0.6425 -0.1644 -0.0442 -0.6309 0.3063 -0.7115 0.7703 0.1588 -0.6088 -0.1041 0.6356 0.4417 -0.627 -0.0883 0.6328 -0.1813 -0.7101 0.2499 0.7803 0.1699 -0.5624 -0.2145 0.7782 0.0763 0.6229 -0.022 0.606 -0.0637 -0.7859 0.1046 0.684 -0.0865 -0.7111 0.1379 0.9056 -0.0016 0.4232 -0.0268
0.7474 -0.039 -0.6425 -0.1644 -0.114 -0.5594 0.299 -0.7646 0.7703 0.1588 -0.6088 -0.1041 0.6356 0.4417 -0.627 -0.0883 0.6328 -0.1813 -0.7101 0.2499 0.7803 0.1699 -0.5624 -0.2145 0.7782 0.0763 0.6229 -0.022 0.606 -0.0637 -0.7859 0.1046 0.684 -0.0865 -0.7111 0.1379 0.9056 -0.0016 0.4232 -0.0268
0.7474 -0.039 -0.6425 -0.1644 -0.114 -0.5594 0.299 -0.7646 0.7703 0.1588 -0.6088 -0.1041 0.6356 0.4417 -0.627 -0.0883 0.6328 -0.1813 -0.7101 0.2499 0.7803 0.1699 -0.5624 -0.2145 0.7782 0.0763 0.6229 -0.022 0.606 -0.0637 -0.7859 0.1046 0.684 -0.0865 -0.7111 0.1379 0.8613 -0.0289 0.5056 -0.0398
0.7474 -0.039 -0.6425 -0.1644 -0.114 -0.5594 0.299 -0.7646 0.7703 0.1588 -0.6088 -0.1041 0.6356 0.4417 -0.627 -0.0883 0.6328 -0.1813 -0.7101 0.2499 0.7803 0.1699 -0.5624 -0.2145 0.7782 0.0763 0.6229 -0.022 0.606 -0.0637 -0.7859 0.1046 0.684 -0.0865 -0.7111 0.1379 0.8613 -0.0289 0.5056 -0.0398
0.7474 -0.039 -0.6425 -0.1644 -0.114 -0.5594 0.299 -0.7646 0.7703 0.1588 -0.6088 -0.1041 0.6356 0.4417 -0.627 -0.0883 0.6328 -0.1813 -0.7101 0.2499 0.7803 0.1699 -0.5624 -0.2145 0.7782 0.0763 0.6229 -0.022 0.606 -0.0637 -0.7859 0.1046 0.684 -0.0865 -0.7111 0.1379 0.8613 -0.0289 0.5056 -0.0398
0.7399 -0.0386 -0.645 -0.1873 -0.114 -0.5594 0.299 -0.7646 0.7699 0.1738 -0.6001 -0.1299 0.6356 0.4417 -0.627 -0.0883 0.6108 -0.2112 -0.7424 0.1765 0.6616 -0.1633 -0.7308 0.0383 0.9636 0.2023 0.1454 0.0966 0.6086 -0.0464 -0.7713 0.1804 0.6799 -0.1794 -0.6691 0.2407 0.8613 -0.0289 0.5056 -0.0398
0.7399 -0.0386 -0.645 -0.1873 -0.114 -0.5594 0.299 -0.7646 0.7699 0.1738 -0.6001 -0.1299 0.6279 0.4258 -0.6423 -0.1091 0.6108 -0.2112 -0.7424 0.1765 0.6616 -0.1633 -0.7308 0.0383 0.9636 0.2023 0.1454 0.0966 0.6086 -0.0464 -0.7713 0.1804 0.6799 -0.1794 -0.6691 0.2407 0.8613 -0.0289 0.5056 -0.0398
0.7399 -0.0386 -0.645 -0.1873 -0.114 -0.5594 0.299 -0.7646 0.7699 0.1738 -0.6001 -0.1299 0.6279 0.4258 -0.6423 -0.1091 0.6108 -0.2112 -0.7424 0.1765 0.6616 -0.1633 -0.7308 0.0383 0.9636 0.2023 0.1454 0.0966 0.6086 -0.0464 -0.7713 0.1804 0.6799 -0.1794 -0.6691 0.2407 0.8613 -0.0289 0.5056 -0.0398
0.7399 -0.0386 -0.645 -0.1873 -0.114 -0.5594 0.299 -0.7646 0.7699 0.1738 -0.6001 -0.1299 0.6279 0.4258 -0.6423 -0.1091 0.6108 -0.2112 -0.7424 0.1765 0.6616 -0.1633 -0.7308 0.0383 0.9636 0.2023 0.1454 0.0966 0.6086 -0.0464 -0.7713 0.1804 0.6799 -0.1794 -0.6691 0.2407 0.8613 -0.0289 0.5056 -0.0398
0.7317 -0.0615 -0.6581 -0.1664 -0.1617 -0.5474 0.3157 -0.758 0.7699 0.1738 -0.6001 -0.1299 0.6279 0.4258 -0.6423 -0.1091 0.6108 -0.2112 -0.7424 0.1765 0.6616 -0.1633 -0.7308 0.0383 0.9636 0.2023 0.1454 0.0966 0.6086 -0.0464 -0.7713 0.1804 0.6799 -0.1794 -0.6691 0.2407 0.6429 -0.106 0.7509 -0.1074
0.7317 -0.0615 -0.6581 -0.1664 -0.1617 -0.5474 0.3157 -0.758 0.7699 0.1738 -0.6001 -0.1299 0.6279 0.4258 -0.6423 -0.1091 0.6108 -0.2112 -0.7424 0.1765 0.6616 -0.1633 -0.7308 0.0383 0.9636 0.2023 0.1454 0.0966 0.6086 -0.0464 -0.7713 0.1804 0.6799 -0.1794 -0.6691 0.2407 0.6429 -0.106 0.7509 -0.1074
0.7317 -0.0615 -0.6581 -0.1664 -0.1617 -0.5474 0.3157 -0.758 0.7699 0.1738 -0.6001 -0.1299 0.6279 0.4258 -0.6423 -0.1091 0.6108 -0.2112 -0.7424 0.1765 0.6616 -0.1633 -0.7308 0.0383 0.9636 0.2023 0.1454 0.0966 0.6086 -0.0464 -0.7713 0.1804 0.6799 -0.1794 -0.6691 0.2407 0.6429 -0.106 0.7509 -0.1074
0.7317 -0.0615 -0.6581 -0.1664 -0.1617 -0.5474 0.3157 -0.758 0.763 0.1478 -0.6282 -0.0378 0.6279 0.4258 -0.6423 -0.1091 0.6113 -0.103 -0.7366 0.2706 0.6616 -0.1633 -0.7308 0.0383 0.9636 0.2023 0.1454 0.0966 0.6686 -0.0065 -0.7321 0.1299 0.6799 -0.1794 -0.6691 0.2407 0.6429 -0.106 0.7509 -0.1074
0.7317 -0.0615 -0.6581 -0.1664 -0.1617 -0.5474 0.3157 -0.758 0.763 0.1478 -0.6282 -0.0378 0.6279 0.4258 -0.6423 -0.1091 0.6113 -0.103 -0.7366 0.2706 0.6616 -0.1633 -0.7308 0.0383 0.9636 0.2023 0.1454 0.0966 0.6686 -0.0065 -0.7321 0.1299 0.6494 -0.2728 -0.5983 0.3819 0.6429 -0.106 0.7509 -0.1074
0.7317 -0.0615 -0.6581 -0.1664 -0.1617 -0.5474 0.3157 -0.758 0.763 0.1478 -0.6282 -0.0378 0.6642 0.3678 -0.6508 -0.0017 0.6113 -0.103 -0.7366 0.2706 0.6616 -0.1633 -0.7308 0.0383 0.9636 0.2023 0.1454 0.0966 0.6686 -0.0065 -0.7321 0.1299 0.6494 -0.2728 -0.5983 0.3819 0.6429 -0.106 0.7509 -0.1074
0.7317 -0.0615 -0.6581 -0.1664 -0.0826 -0.6353 0.3014 -0.7062 0.763 0.1478 -0.6282 -0.0378 0.6642 0.3678 -0.6508 -0.0017 0.6113 -0.103 -0.7366 0.2706 0.6616 -0.1633 -0.7308 0.0383 0.9636 0.2023 0.1454 0.0966 0.6686 -0.0065 -0.7321 0.1299 0.6494 -0.2728 -0.5983 0.3819 0.6429 -0.106 0.7509 -0.1074
0.7317 -0.0615 -0.6581 -0.1664 -0.0826 -0.6353 0.3014 -0.7062 0.763 0.1478 -0.6282 -0.0378 0.6642 0.3678 -0.6508 -0.0017 0.6113 -0.103 -0.7366 0.2706 0.6616 -0.1633 -0.7308 0.0383 0.9636 0.2023 0.1454 0.0966 0.6686 -0.0065 -0.7321 0.1299 0.6494 -0.2728 -0.5983 0.3819 0.4707 -0.1452 0.8678 -0.0654
0.7317 -0.0615 -0.6581 -0.1664 -0.0826 -0.6353 0.3014 -0.7062 0.763 0.1478 -0.6282 -0.0378 0.6642 0.3678 -0.6508 -0.0017 0.6113 -0.103 -0.7366 0.2706 0.6616 -0.1633 -0.7308 0.0383 0.9636 0.2023 0.1454 0.0966 0.6686 -0.0065 -0.7321 0.1299 0.6494 -0.2728 -0.5983 0.3819 0.4707 -0.1452 0.8678 -0.0654
0.7459 -0.0099 -0.6657 -0.0184 -0.0826 -0.6353 0.3014 -0.7062 0.7384 0.1729 -0.6484 0.0663 0.6642 0.3678 -0.6508 -0.0017 0.6113 -0.103 -0.7366 0.2706 0.7334 0.0896 -0.6736 0.018 0.9636 0.2023 0.1454 0.0966 0.6686 -0.0065 -0.7321 0.1299 0.6494 -0.2728 -0.5983 0.3819 0.4707 -0.1452 0.8678 -0.0654
0.7459 -0.0099 -0.6657 -0.0184 -0.0826 -0.6353 0.3014 -0.7062 0.7384 0.1729 -0.6484 0.0663 0.6642 0.3678 -0.6508 -0.0017 0.6113 -0.103 -0.7366 0.2706 0.7334 0.0896 -0.6736 0.018 0.9636 0.2023 0.1454 0.0966 0.6686 -0.0065 -0.7321 0.1299 0.6494 -0.2728 -0.5983 0.3819 0.4707 -0.1452 0.8678 -0.0654
0.7459 -0.0099 -0.6657 -0.0184 -0.0826 -0.6353 0.3014 -0.7062 0.7384 0.1729 -0.6484 0.0663 0.6958 0.3543 -0.5877 0.212 0.6165 -0.0366 -0.7703 0.1589 0.7334 0.0896 -0.6736 0.018 0.9636 0.2023 0.1454 0.0966 0.7202 0.1182 -0.6836 -0.0011 0.6688 -0.2431 -0.5865 0.3868 0.4707 -0.1452 0.8678 -0.0654
0.7459 -0.0099 -0.6657 -0.0184 -0.0826 -0.6353 0.3014 -0.7062 0.7384 0.1729 -0.6484 0.0663 0.6958 0.3543 -0.5877 0.212 0.6165 -0.0366 -0.7703 0.1589 0.7334 0.0896 -0.6736 0.018 0.9636 0.2023 0.1454 0.0966 0.7202 0.1182 -0.6836 -0.0011 0.6688 -0.2431 -0.5865 0.3868 0.4707 -0.1452 0.8678 -0.0654
0.7459 -0.0099 -0.6657 -0.0184 -0.0826 -0.6353 0.3014 -0.7062 0.7384 0.1729 -0.6484 0.0663 0.6958 0.3543 -0.5877 0.212 0.6165 -0.0366 -0.7703 0.1589 0.7334 0.0896 -0.6736 0.018 0.9636 0.2023 0.1454 0.0966 0.7202 0.1182 -0.6836 -0.0011 0.6688 -0.2431 -0.5865 0.3868 0.4707 -0.1452 0.8678 -0.0654
0.7823 0.0365 -0.6019 0.1565 0.1582 -0.7371 0.2086 -0.623 0.7384 0.1729 -0.6484 0.0663 0.6958 0.3543 -0.5877 0.212 0.6165 -0.0366 -0.7703 0.1589 0.7334 0.0896 -0.6736 0.018 0.9636 0.2023 0.1454 0.0966 0.7202 0.1182 -0.6836 -0.0011 0.6688 -0.2431 -0.5865 0.3868 0.7507 -0.0786 0.6559 -0.0076
0.7823 0.0365 -0.6019 0.1565 0.1582 -0.7371 0.2086 -0.623 0.7384 0.1729 -0.6484 0.0663 0.6958 0.3543 -0.5877 0.212 0.6165 -0.0366 -0.7703 0.1589 0.7334 0.0896 -0.6736 0.018 0.9636 0.2023 0.1454 0.0966 0.7202 0.1182 -0.6836 -0.0011 0.6688 -0.2431 -0.5865 0.3868 0.7507 -0.0786 0.6559 -0.0076
0.7823 0.0365 -0.6019 0.1565 0.1582 -0.7371 0.2086 -0.623 0.739 0.1743 -0.6285 0.1691 0.6958 0.3543 -0.5877 0.212 0.6165 -0.0366 -0.7703 0.1589 0.738 0.1208 -0.6638 -0.0123 0.9325 0.0628 0.3536 0.0381 0.7202 0.1182 -0.6836 -0.0011 0.6688 -0.2431 -0.5865 0.3868 0.7507 -0.0786 0.6559 -0.0076
0.7823 0.0365 -0.6019 0.1565 0.1582 -0.7371 0.2086 -0.623 0.739 0.1743 -0.6285 0.1691 0.6958 0.3543 -0.5877 0.212 0.6138 0.0426 -0.784 0.0826 0.738 0.1208 -0.6638 -0.0123 0.9325 0.0628 0.3536 0.0381 0.7295 0.1678 -0.6471 -0.1447 0.6688 -0.2431 -0.5865 0.3868 0.7507 -0.0786 0.6559 -0.0076
0.7823 0.0365 -0.6019 0.1565 0.1582 -0.7371 0.2086 -0.623 0.739 0.1743 -0.6285 0.1691 0.6958 0.3543 -0.5877 0.212 0.6138 0.0426 -0.784 0.0826 0.738 0.1208 -0.6638 -0.0123 0.9325 0.0628 0.3536 0.0381 0.7295 0.1678 -0.6471 -0.1447 0.7088 -0.0328 -0.6863 0.1597 0.7507 -0.0786 0.6559 -0.0076
0.7823 0.0365 -0.6019 0.1565 0.1582 -0.7371 0.2086 -0.623 0.739 0.1743 -0.6285 0.1691 0.7372 0.3207 -0.5032 0.317 0.6138 0.0426 -0.784 0.0826 0.738 0.1208 -0.6638 -0.0123 0.9325 0.0628 0.3536 0.0381 0.7295 0.1678 -0.6471 -0.1447 0.7088 -0.0328 -0.6863 0.1597 0.7507 -0.0786 0.6559 -0.0076
0.7823 0.0365 -0.6019 0.1565 0.2786 -0.7923 0.2552 -0.4791 0.739 0.1743 -0.6285 0.1691 0.7372 0.3207 -0.5032 0.317 0.6138 0.0426 -0.784 0.0826 0.738 0.1208 -0.6638 -0.0123 0.9325 0.0628 0.3536 0.0381 0.7295 0.1678 -0.6471 -0.1447 0.7088 -0.0328 -0.6863 0.1597 0.7507 -0.0786 0.6559 -0.0076
0.7823 0.0365 -0.6019 0.1565 0.2786 -0.7923 0.2552 -0.4791 0.739 0.1743 -0.6285 0.1691 0.7372 0.3207 -0.5032 0.317 0.6138 0.0426 -0.784 0.0826 0.738 0.1208 -0.6638 -0.0123 0.9325 0.0628 0.3536 0.0381 0.7295 0.1678 -0.6471 -0.1447 0.7088 -0.0328 -0.6863 0.1597 0.9454 -0.0074 0.3256 -0.0082
0.8018 -0.0369 -0.569 0.1786 0.2786 -0.7923 0.2552 -0.4791 0.739 0.1743 -0.6285 0.1691 0.7372 0.3207 -0.5032 0.317 0.6138 0.0426 -0.784 0.0826 0.738 0.1208 -0.6638 -0.0123 0.9325 0.0628 0.3536 0.0381 0.7295 0.1678 -0.6471 -0.1447 0.7088 -0.0328 -0.6863 0.1597 0.9454 -0.0074 0.3256 -0.0082
0.8018 -0.0369 -0.569 0.1786 0.2786 -0.7923 0.2552 -0.4791 0.739 0.1743 -0.6285 0.1691 0.7372 0.3207 -0.5032 0.317 0.6138 0.0426 -0.784 0.0826 0.7499 0.1473 -0.6395 -0.0837 0.9325 0.0628 0.3536 0.0381 0.7295 0.1678 -0.6471 -0.1447 0.7088 -0.0328 -0.6863 0.1597 0.9454 -0.0074 0.3256 -0.0082
0.8018 -0.0369 -0.569 0.1786 0.2786 -0.7923 0.2552 -0.4791 0.7543 0.149 -0.5936 0.2377 0.7372 0.3207 -0.5032 0.317 0.6229 0.0649 -0.7791 -0.0303 0.7499 0.1473 -0.6395 -0.0837 0.9325 0.0628 0.3536 0.0381 0.7202 0.0929 -0.6666 -0.1681 0.6833 0.1512 -0.7051 -0.1143 0.9454 -0.0074 0.3256 -0.0082
0.8018 -0.0369 -0.569 0.1786 0.2786 -0.7923 0.2552 -0.4791 0.7543 0.149 -0.5936 0.2377 0.7606 0.2766 -0.4622 0.3625 0.6229 0.0649 -0.7791 -0.0303 0.7499 0.1473 -0.6395 -0.0837 0.9325 0.0628 0.3536 0.0381 0.7202 0.0929 -0.6666 -0.1681 0.6833 0.1512 -0.7051 -0.1143 0.9454 -0.0074 0.3256 -0.0082
0.8018 -0.0369 -0.569 0.1786 0.2786 -0.7923 0.2552 -0.4791 0.7543 0.149 -0.5936 0.2377 0.7606 0.2766 -0.4622 0.3625 0.6229 0.0649 -0.7791 -0.0303 0.7499 0.1473 -0.6395 -0.0837 0.9325 0.0628 0.3536 0.0381 0.7202 0.0929 -0.6666 -0.1681 0.6833 0.1512 -0.7051 -0.1143 0.9454 -0.0074 0.3256 -0.0082
0.8018 -0.0369 -0.569 0.1786 0.309 -0.8107 0.2909 -0.4032 0.7543 0.149 -0.5936 0.2377 0.7606 0.2766 -0.4622 0.3625 0.6229 0.0649 -0.7791 -0.0303 0.7499 0.1473 -0.6395 -0.0837 0.9325 0.0628 0.3536 0.0381 0.7202 0.0929 -0.6666 -0.1681 0.6833 0.1512 -0.7051 -0.1143 0.9454 -0.0074 0.3256 -0.0082
0.7982 -0.0566 -0.5684 0.1912 0.309 -0.8107 0.2909 -0.4032 0.7543 0.149 -0.5936 0.2377 0.7606 0.2766 -0.4622 0.3625 0.6229 0.0649 -0.7791 -0.0303 0.7499 0.1473 -0.6395 -0.0837 0.9325 0.0628 0.3536 0.0381 0.7202 0.0929 -0.6666 -0.1681 0.6833 0.1512 -0.7051 -0.1143 0.9813 0.0089 0.1923 -0.011
0.7982 -0.0566 -0.5684 0.1912 0.309 -0.8107 0.2909 -0.4032 0.7543 0.149 -0.5936 0.2377 0.7606 0.2766 -0.4622 0.3625 0.6229 0.0649 -0.7791 -0.0303 0.7499 0.1473 -0.6395 -0.0837 0.9325 0.0628 0.3536 0.0381 0.7202 0.0929 -0.6666 -0.1681 0.6833 0.1512 -0.7051 -0.1143 0.9813 0.0089 0.1923 -0.011
0.7982 -0.0566 -0.5684 0.1912 0.309 -0.8107 0.2909 -0.4032 0.7452 0.1517 -0.6003 0.2476 0.7606 0.2766 -0.4622 0.3625 0.6229 0.0649 -0.7791 -0.0303 0.773 0.2105 -0.5665 -0.1931 0.828 0.0505 0.5583 0.0067 0.7202 0.0929 -0.6666 -0.1681 0.6833 0.1512 -0.7051 -0.1143 0.9813 0.0089 0.1923 -0.011
0.7982 -0.0566 -0.5684 0.1912 0.309 -0.8107 0.2909 -0.4032 0.7452 0.1517 -0.6003 0.2476 0.7606 0.2766 -0.4622 0.3625 0.6474 0.048 -0.7574 -0.0695 0.773 0.2105 -0.5665 -0.1931 0.828 0.0505 0.5583 0.0067 0.6912 0.0729 -0.6983 -0.1716 0.6833 0.1512 -0.7051 -0.1143 0.9813 0.0089 0.1923 -0.011
0.7982 -0.0566 -0.5684 0.1912 0.309 -0.8107 0.2909 -0.4032 0.7452 0.1517 -0.6003 0.2476 0.7606 0.2766 -0.4622 0.3625 0.6474 0.048 -0.7574 -0.0695 0.773 0.2105 -0.5665 -0.1931 0.828 0.0505 0.5583 0.0067 0.6912 0.0729 -0.6983 -0.1716 0.6974 0.0195 -0.7114 -0.0844 0.9813 0.0089 0.1923 -0.011
0.7982 -0.0566 -0.5684 0.1912 0.309 -0.8107 0.2909 -0.4032 0.7452 0.1517 -0.6003 0.2476 0.7418 0.2761 -0.4762 0.383 0.6474 0.048 -0.7574 -0.0695 0.773 0.2105 -0.5665 -0.1931 0.828 0.0505 0.5583 0.0067 0.6912 0.0729 -0.6983 -0.1716 0.6974 0.0195 -0.7114 -0.0844 0.9813 0.0089 0.1923 -0.011
0.7982 -0.0566 -0.5684 0.1912 0.2652 -0.8057 0.2604 -0.4612 0.7452 0.1517 -0.6003 0.2476 0.7418 0.2761 -0.4762 0.383 0.6474 0.048 -0.7574 -0.0695 0.773 0.2105 -0.5665 -0.1931 0.828 0.0505 0.5583 0.0067 0.6912 0.0729 -0.6983 -0.1716 0.6974 0.0195 -0.7114 -0.0844 0.9813 0.0089 0.1923 -0.011
0.7883 -0.069 -0.6038 0.0956 0.2652 -0.8057 0.2604 -0.4612 0.7452 0.1517 -0.6003 0.2476 0.7418 0.2761 -0.4762 0.383 0.6474 0.048 -0.7574 -0.0695 0.773 0.2105 -0.5665 -0.1931 0.828 0.0505 0.5583 0.0067 0.6912 0.0729 -0.6983 -0.1716 0.6974 0.0195 -0.7114 -0.0844 0.9178 0.0125 0.3959 -0.0275
0.7883 -0.069 -0.6038 0.0956 0.2652 -0.8057 0.2604 -0.4612 0.7452 0.1517 -0.6003 0.2476 0.7418 0.2761 -0.4762 0.383 0.6474 0.048 -0.7574 -0.0695 0.7785 0.2622 -0.4604 -0.3365 0.5129 0.0611 0.8527 -0.0788 0.6912 0.0729 -0.6983 -0.1716 0.6974 0.0195 -0.7114 -0.0844 0.9178 0.0125 0.3959 -0.0275
0.7883 -0.069 -0.6038 0.0956 0.2652 -0.8057 0.2604 -0.4612 0.7452 0.1517 -0.6003 0.2476 0.7418 0.2761 -0.4762 0.383 0.6474 0.048 -0.7574 -0.0695 0.7785 0.2622 -0.4604 -0.3365 0.5129 0.0611 0.8527 -0.0788 0.6912 0.0729 -0.6983 -0.1716 0.6974 0.0195 -0.7114 -0.0844 0.9178 0.0125 0.3959 -0.0275
0.7883 -0.069 -0.6038 0.0956 0.2652 -0.8057 0.2604 -0.4612 0.735 0.1223 -0.6536 0.1332 0.7418 0.2761 -0.4762 0.383 0.6895 -0.0862 -0.7191 -0.0106 0.7785 0.2622 -0.4604 -0.3365 0.5129 0.0611 0.8527 -0.0788 0.6813 0.0134 -0.7048 -0.1973 0.6974 0.0195 -0.7114 -0.0844 0.9178 0.0125 0.3959 -0.0275
0.7883 -0.069 -0.6038 0.0956 0.2652 -0.8057 0.2604 -0.4612 0.735 0.1223 -0.6536 0.1332 0.7418 0.2761 -0.4762 0.383 0.6895 -0.0862 -0.7191 -0.0106 0.7785 0.2622 -0.4604 -0.3365 0.5129 0.0611 0.8527 -0.0788 0.6813 0.0134 -0.7048 -0.1973 0.6989 -0.0841 -0.7103 -0.0029 0.9178 0.0125 0.3959 -0.0275
0.7883 -0.069 -0.6038 0.0956 0.2652 -0.8057 0.2604 -0.4612 0.735 0.1223 -0.6536 0.1332 0.7302 0.2751 -0.5687 0.2603 0.6895 -0.0862 -0.7191 -0.0106 0.7785 0.2622 -0.4604 -0.3365 0.5129 0.0611 0.8527 -0.0788 0.6813 0.0134 -0.7048 -0.1973 0.6989 -0.0841 -0.7103 -0.0029 0.9178 0.0125 0.3959 -0.0275
0.7883 -0.069 -0.6038 0.0956 0.1603 -0.7544 0.2399 -0.5896 0.735 0.1223 -0.6536 0.1332 0.7302 0.2751 -0.5687 0.2603 0.6895 -0.0862 -0.7191 -0.0106 0.7785 0.2622 -0.4604 -0.3365 0.5129 0.0611 0.8527 -0.0788 0.6813 0.0134 -0.7048 -0.1973 0.6989 -0.0841 -0.7103 -0.0029 0.9178 0.0125 0.3959 -0.0275
0.7883 -0.069 -0.6038 0.0956 0.1603 -0.7544 0.2399 -0.5896 0.735 0.1223 -0.6536 0.1332 0.7302 0.2751 -0.5687 0.2603 0.6895 -0.0862 -0.7191 -0.0106 0.7785 0.2622 -0.4604 -0.3365 0.5129 0.0611 0.8527 -0.0788 0.6813 0.0134 -0.7048 -0.1973 0.6989 -0.0841 -0.7103 -0.0029 0.9128 0.013 0.4075 -0.0219
0.7751 -0.0736 -0.6263 0.0372 0.1603 -0.7544 0.2399 -0.5896 0.735 0.1223 -0.6536 0.1332 0.7302 0.2751 -0.5687 0.2603 0.6895 -0.0862 -0.7191 -0.0106 0.7785 0.2622 -0.4604 -0.3365 0.5129 0.0611 0.8527 -0.0788 0.6813 0.0134 -0.7048 -0.1973 0.6989 -0.0841 -0.7103 -0.0029 0.9128 0.013 0.4075 -0.0219
0.7751 -0.0736 -0.6263 0.0372 0.1603 -0.7544 0.2399 -0.5896 0.745 0.0298 -0.6638 -0.0588 0.7302 0.2751 -0.5687 0.2603 0.6895 -0.0862 -0.7191 -0.0106 0.7785 0.2622 -0.4604 -0.3365 0.5129 0.0611 0.8527 -0.0788 0.6813 0.0134 -0.7048 -0.1973 0.6989 -0.0841 -0.7103 -0.0029 0.9128 0.013 0.4075 -0.0219
0.7751 -0.0736 -0.6263 0.0372 0.1603 -0.7544 0.2399 -0.5896 0.745 0.0298 -0.6638 -0.0588 0.7302 0.2751 -0.5687 0.2603 0.6733 -0.2359 -0.6927 0.1052 0.7785 0.2622 -0.4604 -0.3365 0.5129 0.0611 0.8527 -0.0788 0.6554 -0.0302 -0.7493 -0.0894 0.6901 -0.1241 -0.7126 0.0229 0.9128 0.013 0.4075 -0.0219
0.7751 -0.0736 -0.6263 0.0372 0.1603 -0.7544 0.2399 -0.5896 0.745 0.0298 -0.6638 -0.0588 0.7009 0.3037 -0.6451 0.0184 0.6733 -0.2359 -0.6927 0.1052 0.7785 0.2622 -0.4604 -0.3365 0.5129 0.0611 0.8527 -0.0788 0.6554 -0.0302 -0.7493 -0.0894 0.6901 -0.1241 -0.7126 0.0229 0.9128 0.013 0.4075 -0.0219
0.7751 -0.0736 -0.6263 0.0372 0.1603 -0.7544 0.2399 -0.5896 0.745 0.0298 -0.6638 -0.0588 0.7009 0.3037 -0.6451 0.0184 0.6733 -0.2359 -0.6927 0.1052 0.7785 0.2622 -0.4604 -0.3365 0.5129 0.0611 0.8527 -0.0788 0.6554 -0.0302 -0.7493 -0.0894 0.6901 -0.1241 -0.7126 0.0229 0.9128 0.013 0.4075 -0.0219
0.7751 -0.0736 -0.6263 0.0372 -0.0086 -0.669 0.3146 -0.6733 0.745 0.0298 -0.6638 -0.0588 0.7009 0.3037 -0.6451 0.0184 0.6733 -0.2359 -0.6927 0.1052 0.7785 0.2622 -0.4604 -0.3365 0.5129 0.0611 0.8527 -0.0788 0.6554 -0.0302 -0.7493 -0.0894 0.6901 -0.1241 -0.7126 0.0229 0.9072 0.0168 0.4197 -0.0212
0.7587 -0.0848 -0.6397 -0.0894 -0.0086 -0.669 0.3146 -0.6733 0.745 0.0298 -0.6638 -0.0588 0.7009 0.3037 -0.6451 0.0184 0.6733 -0.2359 -0.6927 0.1052 0.7785 0.2622 -0.4604 -0.3365 0.5129 0.0611 0.8527 -0.0788 0.6554 -0.0302 -0.7493 -0.0894 0.6901 -0.1241 -0.7126 0.0229 0.9072 0.0168 0.4197 -0.0212
0.7587 -0.0848 -0.6397 -0.0894 -0.0086 -0.669 0.3146 -0.6733 0.745 0.0298 -0.6638 -0.0588 0.7009 0.3037 -0.6451 0.0184 0.6733 -0.2359 -0.6927 0.1052 0.7785 0.2622 -0.4604 -0.3365 0.5129 0.0611 0.8527 -0.0788 0.6554 -0.0302 -0.7493 -0.0894 0.6901 -0.1241 -0.7126 0.0229 0.9072 0.0168 0.4197 -0.0212
0.7587 -0.0848 -0.6397 -0.0894 -0.0086 -0.669 0.3146 -0.6733 0.745 0.0298 -0.6638 -0.0588 0.7009 0.3037 -0.6451 0.0184 0.6733 -0.2359 -0.6927 0.1052 0.7785 0.2622 -0.4604 -0.3365 0.5129 0.0611 0.8527 -0.0788 0.6554 -0.0302 -0.7493 -0.0894 0.6901 -0.1241 -0.7126 0.0229 0.9072 0.0168 0.4197 -0.0212
0.7587 -0.0848 -0.6397 -0.0894 -0.0086 -0.669 0.3146 -0.6733 0.7657 0.0725 -0.6243 -0.1367 0.7009 0.3037 -0.6451 0.0184 0.6501 -0.2603 -0.6834 0.2062 0.7706 0.0413 -0.6049 -0.1962 0.8767 0.1547 0.4542 -0.0354 0.6314 -0.0655 -0.7725 0.019 0.6901 -0.1241 -0.7126 0.0229 0.9072 0.0168 0.4197 -0.0212
0.7587 -0.0848 -0.6397 -0.0894 -0.0086 -0.669 0.3146 -0.6733 0.7657 0.0725 -0.6243 -0.1367 0.7009 0.3037 -0.6451 0.0184 0.6501 -0.2603 -0.6834 0.2062 0.7706 0.0413 -0.6049 -0.1962 0.8767 0.1547 0.4542 -0.0354 0.6314 -0.0655 -0.7725 0.019 0.684 -0.1501 -0.7114 0.0593 0.9072 0.0168 0.4197 -0.0212
0.7587 -0.0848 -0.6397 -0.0894 -0.0086 -0.669 0.3146 -0.6733 0.7657 0.0725 -0.6243 -0.1367 0.6262 0.4039 -0.6564 -0.1175 0.6501 -0.2603 -0.6834 0.2062 0.7706 0.0413 -0.6049 -0.1962 0.8767 0.1547 0.4542 -0.0354 0.6314 -0.0655 -0.7725 0.019 0.684 -0.1501 -0.7114 0.0593 0.9072 0.0168 0.4197 -0.0212
0.7587 -0.0848 -0.6397 -0.0894 -0.0747 -0.6049 0.3326 -0.7197 0.7657 0.0725 -0.6243 -0.1367 0.6262 0.4039 -0.6564 -0.1175 0.6501 -0.2603 -0.6834 0.2062 0.7706 0.0413 -0.6049 -0.1962 0.8767 0.1547 0.4542 -0.0354 0.6314 -0.0655 -0.7725 0.019 0.684 -0.1501 -0.7114 0.0593 0.9072 0.0168 0.4197 -0.0212
0.7587 -0.0848 -0.6397 -0.0894 -0.0747 -0.6049 0.3326 -0.7197 0.7657 0.0725 -0.6243 -0.1367 0.6262 0.4039 -0.6564 -0.1175 0.6501 -0.2603 -0.6834 0.2062 0.7706 0.0413 -0.6049 -0.1962 0.8767 0.1547 0.4542 -0.0354 0.6314 -0.0655 -0.7725 0.019 0.684 -0.1501 -0.7114 0.0593 0.9072 0.0168 0.4197 -0.0212
0.7491 -0.0663 -0.6362 -0.1724 -0.0747 -0.6049 0.3326 -0.7197 0.7657 0.0725 -0.6243 -0.1367 0.6262 0.4039 -0.6564 -0.1175 0.6501 -0.2603 -0.6834 0.2062 0.7706 0.0413 -0.6049 -0.1962 0.8767 0.1547 0.4542 -0.0354 0.6314 -0.0655 -0.7725 0.019 0.684 -0.1501 -0.7114 0.0593 0.9072 0.0168 0.4197 -0.0212
0.7491 -0.0663 -0.6362 -0.1724 -0.0747 -0.6049 0.3326 -0.7197 0.7657 0.0725 -0.6243 -0.1367 0.6262 0.4039 -0.6564 -0.1175 0.6501 -0.2603 -0.6834 0.2062 0.7706 0.0413 -0.6049 -0.1962 0.8767 0.1547 0.4542 -0.0354 0.6314 -0.0655 -0.7725 0.019 0.684 -0.1501 -0.7114 0.0593 0.9072 0.0168 0.4197 -0.0212
0.7491 -0.0663 -0.6362 -0.1724 -0.0747 -0.6049 0.3326 -0.7197 0.7686 0.1613 -0.6024 -0.1426 0.6262 0.4039 -0.6564 -0.1175 0.6473 -0.1895 -0.7204 0.1614 0.6812 -0.1998 -0.7031 0.0414 0.8767 0.1547 0.4542 -0.0354 0.6257 -0.0615 -0.7696 0.1118 0.684 -0.1501 -0.7114 0.0593 0.9072 0.0168 0.4197 -0.0212
0.7491 -0.0663 -0.6362 -0.1724 -0.0747 -0.6049 0.3326 -0.7197 0.7686 0.1613 -0.6024 -0.1426 0.6262 0.4039 -0.6564 -0.1175 0.6473 -0.1895 -0.7204 0.1614 0.6812 -0.1998 -0.7031 0.0414 0.8767 0.1547 0.4542 -0.0354 0.6257 -0.0615 -0.7696 0.1118 0.684 -0.1501 -0.7114 0.0593 0.9072 0.0168 0.4197 -0.0212
0.7491 -0.0663 -0.6362 -0.1724 -0.0747 -0.6049 0.3326 -0.7197 0.7686 0.1613 -0.6024 -0.1426 0.5821 0.4511 -0.6506 -0.1853 0.6473 -0.1895 -0.7204 0.1614 0.6812 -0.1998 -0.7031 0.0414 0.8767 0.1547 0.4542 -0.0354 0.6257 -0.0615 -0.7696 0.1118 0.6861 -0.2061 -0.6804 0.1545 0.9072 0.0168 0.4197 -0.0212
0.7491 -0.0663 -0.6362 -0.1724 -0.1266 -0.5568 0.3165 -0.7574 0.7686 0.1613 -0.6024 -0.1426 0.5821 0.4511 -0.6506 -0.1853 0.6473 -0.1895 -0.7204 0.1614 0.6812 -0.1998 -0.7031 0.0414 0.8767 0.1547 0.4542 -0.0354 0.6257 -0.0615 -0.7696 0.1118 0.6861 -0.2061 -0.6804 0.1545 0.9072 0.0168 0.4197 -0.0212
0.7491 -0.0663 -0.6362 -0.1724 -0.1266 -0.5568 0.3165 -0.7574 0.7686 0.1613 -0.6024 -0.1426 0.5821 0.4511 -0.6506 -0.1853 0.6473 -0.1895 -0.7204 0.1614 0.6812 -0.1998 -0.7031 0.0414 0.8767 0.1547 0.4542 -0.0354 0.6257 -0.0615 -0.7696 0.1118 0.6861 -0.2061 -0.6804 0.1545 0.8105 -0.0123 0.5836 -0.0495
0.7401 -0.0762 -0.6431 -0.1813 -0.1266 -0.5568 0.3165 -0.7574 0.7686 0.1613 -0.6024 -0.1426 0.5821 0.4511 -0.6506 -0.1853 0.6473 -0.1895 -0.7204 0.1614 0.6812 -0.1998 -0.7031 0.0414 0.9482 0.1159 0.2891 0.0625 0.6257 -0.0615 -0.7696 0.1118 0.6861 -0.2061 -0.6804 0.1545 0.8105 -0.0123 0.5836 -0.0495
0.7401 -0.0762 -0.6431 -0.1813 -0.1266 -0.5568 0.3165 -0.7574 0.7686 0.1613 -0.6024 -0.1426 0.5821 0.4511 -0.6506 -0.1853 0.6473 -0.1895 -0.7204 0.1614 0.6812 -0.1998 -0.7031 0.0414 0.9482 0.1159 0.2891 0.0625 0.6257 -0.0615 -0.7696 0.1118 0.6861 -0.2061 -0.6804 0.1545 0.8105 -0.0123 0.5836 -0.0495
0.7401 -0.0762 -0.6431 -0.1813 -0.1266 -0.5568 0.3165 -0.7574 0.7693 0.167 -0.6036 -0.1261 0.5821 0.4511 -0.6506 -0.1853 0.6325 -0.1652 -0.7292 0.2021 0.7068 -0.0993 -0.6975 0.063 0.9482 0.1159 0.2891 0.0625 0.6728 -0.0253 -0.728 0.129 0.6861 -0.2061 -0.6804 0.1545 0.8105 -0.0123 0.5836 -0.0495
0.7401 -0.0762 -0.6431 -0.1813 -0.1266 -0.5568 0.3165 -0.7574 0.7693 0.167 -0.6036 -0.1261 0.6302 0.3961 -0.6588 -0.1098 0.6325 -0.1652 -0.7292 0.2021 0.7068 -0.0993 -0.6975 0.063 0.9482 0.1159 0.2891 0.0625 0.6728 -0.0253 -0.728 0.129 0.6834 -0.2535 -0.588 0.3508 0.8105 -0.0123 0.5836 -0.0495
0.7401 -0.0762 -0.6431 -0.1813 -0.1266 -0.5568 0.3165 -0.7574 0.7693 0.167 -0.6036 -0.1261 0.6302 0.3961 -0.6588 -0.1098 0.6325 -0.1652 -0.7292 0.2021 0.7068 -0.0993 -0.6975 0.063 0.9482 0.1159 0.2891 0.0625 0.6728 -0.0253 -0.728 0.129 0.6834 -0.2535 -0.588 0.3508 0.8105 -0.0123 0.5836 -0.0495
0.7401 -0.0762 -0.6431 -0.1813 -0.1266 -0.5568 0.3165 -0.7574 0.7693 0.167 -0.6036 -0.1261 0.6302 0.3961 -0.6588 -0.1098 0.6325 -0.1652 -0.7292 0.2021 0.7068 -0.0993 -0.6975 0.063 0.9482 0.1159 0.2891 0.0625 0.6728 -0.0253 -0.728 0.129 0.6834 -0.2535 -0.588 0.3508 0.8105 -0.0123 0.5836 -0.0495
0.7401 -0.0762 -0.6431 -0.1813 -0.1412 -0.5809 0.3568 -0.7178 0.7693 0.167 -0.6036 -0.1261 0.6302 0.3961 -0.6588 -0.1098 0.6325 -0.1652 -0.7292 0.2021 0.7068 -0.0993 -0.6975 0.063 0.9482 0.1159 0.2891 0.0625 0.6728 -0.0253 -0.728 0.129 0.6834 -0.2535 -0.588 0.3508 0.5024 -0.1116 0.8549 -0.0646
0.752 -0.0616 -0.6517 -0.0782 -0.1412 -0.5809 0.3568 -0.7178 0.7693 0.167 -0.6036 -0.1261 0.6302 0.3961 -0.6588 -0.1098 0.6325 -0.1652 -0.7292 0.2021 0.7068 -0.0993 -0.6975 0.063 0.9375 0.0724 0.3396 0.0229 0.6728 -0.0253 -0.728 0.129 0.6834 -0.2535 -0.588 0.3508 0.5024 -0.1116 0.8549 -0.0646
0.752 -0.0616 -0.6517 -0.0782 -0.1412 -0.5809 0.3568 -0.7178 0.7693 0.167 -0.6036 -0.1261 0.6302 0.3961 -0.6588 -0.1098 0.6325 -0.1652 -0.7292 0.2021 0.7068 -0.0993 -0.6975 0.063 0.9375 0.0724 0.3396 0.0229 0.6728 -0.0253 -0.728 0.129 0.6834 -0.2535 -0.588 0.3508 0.5024 -0.1116 0.8549 -0.0646
0.752 -0.0616 -0.6517 -0.0782 -0.1412 -0.5809 0.3568 -0.7178 0.7564 0.1418 -0.6338 -0.0778 0.6302 0.3961 -0.6588 -0.1098 0.6273 -0.1137 -0.7455 0.1945 0.7068 -0.0993 -0.6975 0.063 0.9375 0.0724 0.3396 0.0229 0.7189 0.1126 -0.6852 0.0311 0.6834 -0.2535 -0.588 0.3508 0.5024 -0.1116 0.8549 -0.0646
0.752 -0.0616 -0.6517 -0.0782 -0.1412 -0.5809 0.3568 -0.7178 0.7564 0.1418 -0.6338 -0.0778 0.6302 0.3961 -0.6588 -0.1098 0.6273 -0.1137 -0.7455 0.1945 0.7068 -0.0993 -0.6975 0.063 0.9375 0.0724 0.3396 0.0229 0.7189 0.1126 -0.6852 0.0311 0.6655 -0.3003 -0.5513 0.4037 0.5024 -0.1116 0.8549 -0.0646
0.752 -0.0616 -0.6517 -0.0782 -0.1412 -0.5809 0.3568 -0.7178 0.7564 0.1418 -0.6338 -0.0778 0.7029 0.3184 -0.6342 0.0496 0.6273 -0.1137 -0.7455 0.1945 0.7068 -0.0993 -0.6975 0.063 0.9375 0.0724 0.3396 0.0229 0.7189 0.1126 -0.6852 0.0311 0.6655 -0.3003 -0.5513 0.4037 0.5024 -0.1116 0.8549 -0.0646
0.752 -0.0616 -0.6517 -0.0782 0.077 -0.7053 0.2636 -0.6536 0.7564 0.1418 -0.6338 -0.0778 0.7029 0.3184 -0.6342 0.0496 0.6273 -0.1137 -0.7455 0.1945 0.7068 -0.0993 -0.6975 0.063 0.9375 0.0724 0.3396 0.0229 0.7189 0.1126 -0.6852 0.0311 0.6655 -0.3003 -0.5513 0.4037 0.5024 -0.1116 0.8549 -0.0646
0.752 -0.0616 -0.6517 -0.0782 0.077 -0.7053 0.2636 -0.6536 0.7564 0.1418 -0.6338 -0.0778 0.7029 0.3184 -0.6342 0.0496 0.6273 -0.1137 -0.7455 0.1945 0.7068 -0.0993 -0.6975 0.063 0.9375 0.0724 0.3396 0.0229 0.7189 0.1126 -0.6852 0.0311 0.6655 -0.3003 -0.5513 0.4037 0.6199 -0.0738 0.7811 -0.0125
0.752 -0.0616 -0.6517 -0.0782 0.077 -0.7053 0.2636 -0.6536 0.7564 0.1418 -0.6338 -0.0778 0.7029 0.3184 -0.6342 0.0496 0.6273 -0.1137 -0.7455 0.1945 0.7068 -0.0993 -0.6975 0.063 0.9375 0.0724 0.3396 0.0229 0.7189 0.1126 -0.6852 0.0311 0.6655 -0.3003 -0.5513 0.4037 0.6199 -0.0738 0.7811 -0.0125
0.7841 0.0214 -0.6184 0.0473 0.077 -0.7053 0.2636 -0.6536 0.7391 0.1898 -0.6445 0.0484 0.7029 0.3184 -0.6342 0.0496 0.6273 -0.1137 -0.7455 0.1945 0.7404 0.0635 -0.6691 -2.0E-4 0.9362 0.066 0.345 0.0162 0.7193 0.1923 -0.6622 -0.0842 0.6655 -0.3003 -0.5513 0.4037 0.6199 -0.0738 0.7811 -0.0125
0.7841 0.0214 -0.6184 0.0473 0.077 -0.7053 0.2636 -0.6536 0.7391 0.1898 -0.6445 0.0484 0.7029 0.3184 -0.6342 0.0496 0.6273 -0.1137 -0.7455 0.1945 0.7404 0.0635 -0.6691 -2.0E-4 0.9362 0.066 0.345 0.0162 0.7193 0.1923 -0.6622 -0.0842 0.6655 -0.3003 -0.5513 0.4037 0.6199 -0.0738 0.7811 -0.0125
0.7841 0.0214 -0.6184 0.0473 0.077 -0.7053 0.2636 -0.6536 0.7391 0.1898 -0.6445 0.0484 0.7029 0.3184 -0.6342 0.0496 0.6273 -0.1137 -0.7455 0.1945 0.7404 0.0635 -0.6691 -2.0E-4 0.9362 0.066 0.345 0.0162 0.7193 0.1923 -0.6622 -0.0842 0.7092 -0.1279 -0.6315 0.2862 0.6199 -0.0738 0.7811 -0.0125
0.7841 0.0214 -0.6184 0.0473 0.077 -0.7053 0.2636 -0.6536 0.7391 0.1898 -0.6445 0.0484 0.7195 0.3175 -0.5806 0.2107 0.6273 -0.1137 -0.7455 0.1945 0.7404 0.0635 -0.6691 -2.0E-4 0.9362 0.066 0.345 0.0162 0.7193 0.1923 -0.6622 -0.0842 0.7092 -0.1279 -0.6315 0.2862 0.6199 -0.0738 0.7811 -0.0125
0.7841 0.0214 -0.6184 0.0473 0.2534 -0.7718 0.2538 -0.5251 0.7391 0.1898 -0.6445 0.0484 0.7195 0.3175 -0.5806 0.2107 0.6273 -0.1137 -0.7455 0.1945 0.7404 0.0635 -0.6691 -2.0E-4 0.9362 0.066 0.345 0.0162 0.7193 0.1923 -0.6622 -0.0842 0.7092 -0.1279 -0.6315 0.2862 0.6199 -0.0738 0.7811 -0.0125
0.7841 0.0214 -0.6184 0.0473 0.2534 -0.7718 0.2538 -0.5251 0.7391 0.1898 -0.6445 0.0484 0.7195 0.3175 -0.5806 0.2107 0.6273 -0.1137 -0.7455 0.1945 0.7404 0.0635 -0.6691 -2.0E-4 0.9362 0.066 0.345 0.0162 0.7193 0.1923 -0.6622 -0.0842 0.7092 -0.1279 -0.6315 0.2862 0.8611 -0.0561 0.5054 0.0056
0.7841 0.0214 -0.6184 0.0473 0.2534 -0.7718 0.2538 -0.5251 0.7391 0.1898 -0.6445 0.0484 0.7195 0.3175 -0.5806 0.2107 0.6273 -0.1137 -0.7455 0.1945 0.7404 0.0635 -0.6691 -2.0E-4 0.9362 0.066 0.345 0.0162 0.7193 0.1923 -0.6622 -0.0842 0.7092 -0.1279 -0.6315 0.2862 0.8611 -0.0561 0.5054 0.0056
0.8176 0.001 -0.5638 0.1171 0.2534 -0.7718 0.2538 -0.5251 0.7425 0.1597 -0.6329 0.1507 0.7195 0.3175 -0.5806 0.2107 0.6273 -0.1137 -0.7455 0.1945 0.7466 0.0874 -0.6589 -0.0305 0.9328 0.059 0.3555 0.0022 0.7217 0.1236 -0.6625 -0.1582 0.7092 -0.1279 -0.6315 0.2862 0.8611 -0.0561 0.5054 0.0056
0.8176 0.001 -0.5638 0.1171 0.2534 -0.7718 0.2538 -0.5251 0.7425 0.1597 -0.6329 0.1507 0.7195 0.3175 -0.5806 0.2107 0.6273 -0.1137 -0.7455 0.1945 0.7466 0.0874 -0.6589 -0.0305 0.9328 0.059 0.3555 0.0022 0.7217 0.1236 -0.6625 -0.1582 0.7092 -0.1279 -0.6315 0.2862 0.8611 -0.0561 0.5054 0.0056
0.8176 0.001 -0.5638 0.1171 0.2534 -0.7718 0.2538 -0.5251 0.7425 0.1597 -0.6329 0.1507 0.7195 0.3175 -0.5806 0.2107 0.6273 -0.1137 -0.7455 0.1945 0.7466 0.0874 -0.6589 -0.0305 0.9328 0.059 0.3555 0.0022 0.7217 0.1236 -0.6625 -0.1582 0.7092 -0.1279 -0.6315 0.2862 0.8611 -0.0561 0.5054 0.0056
0.8176 0.001 -0.5638 0.1171 0.2534 -0.7718 0.2538 -0.5251 0.7425 0.1597 -0.6329 0.1507 0.7392 0.2793 -0.5458 0.2786 0.6273 -0.1137 -0.7455 0.1945 0.7466 0.0874 -0.6589 -0.0305 0.9328 0.059 0.3555 0.0022 0.7217 0.1236 -0.6625 -0.1582 0.6963 0.0764 -0.7131 0.0294 0.8611 -0.0561 0.5054 0.0056
0.8176 0.001 -0.5638 0.1171 0.3222 -0.7986 0.2764 -0.4266 0.7425 0.1597 -0.6329 0.1507 0.7392 0.2793 -0.5458 0.2786 0.6273 -0.1137 -0.7455 0.1945 0.7466 0.0874 -0.6589 -0.0305 0.9328 0.059 0.3555 0.0022 0.7217 0.1236 -0.6625 -0.1582 0.6963 0.0764 -0.7131 0.0294 0.8611 -0.0561 0.5054 0.0056
0.8176 0.001 -0.5638 0.1171 0.3222 -0.7986 0.2764 -0.4266 0.7425 0.1597 -0.6329 0.1507 0.7392 0.2793 -0.5458 0.2786 0.6273 -0.1137 -0.7455 0.1945 0.7466 0.0874 -0.6589 -0.0305 0.9328 0.059 0.3555 0.0022 0.7217 0.1236 -0.6625 -0.1582 0.6963 0.0764 -0.7131 0.0294 0.9561 -0.0156 0.2916 -0.0229
