rt-uaw rt-uax rt-uay rt-uaz rt-faw rt-fax rt-fay rt-faz rt-thw rt-thx rt-thy rt-thz rt-llw rt-llx rt-lly rt-llz rt-ftw rt-ftx rt-fty rt-ftz lt-uaw lt-uax lt-uay lt-uaz lt-faw lt-fax lt-fay lt-faz lt-thw lt-thx lt-thy lt-thz lt-llw lt-llx lt-lly lt-llz lt-ftw lt-ftx lt-fty lt-ftz 
0.7587 -0.0479 -0.6496 0.0085 0.023 -0.7023 0.3182 -0.6364 0.7337 0.0387 -0.6775 -0.0341 0.7139 0.2172 -0.6657 0.0032 0.6765 -0.0355 -0.7355 -0.0128 0.7465 0.1521 -0.6331 0.1375 0.929 0.0682 0.3619 0.0375 0.6118 0.1627 -0.7352 0.2422 0.698 -0.183 -0.6843 -0.105 0.928 -0.001 0.3724 0.0105
0.7587 -0.0479 -0.6496 0.0085 0.0222 -0.7025 0.3192 -0.6358 0.7337 0.0387 -0.6775 -0.0341 0.7138 0.2161 -0.6662 0.0052 0.6765 -0.0355 -0.7355 -0.0128 0.7465 0.1521 -0.6331 0.1375 0.929 0.0682 0.3619 0.0375 0.6118 0.1627 -0.7352 0.2422 0.6985 -0.1851 -0.6829 -0.1069 0.928 -0.001 0.3724 0.0105
0.7587 -0.0479 -0.6496 0.0085 0.0222 -0.7025 0.3192 -0.6358 0.7337 0.0387 -0.6775 -0.0341 0.7138 0.2161 -0.6662 0.0052 0.6765 -0.0355 -0.7355 -0.0128 0.7465 0.1521 -0.6331 0.1375 0.928 0.0687 0.3641 0.0376 0.6118 0.1627 -0.7352 0.2422 0.6985 -0.1851 -0.6829 -0.1069 0.928 -0.001 0.3724 0.0105
0.7587 -0.0479 -0.6496 0.0085 0.0222 -0.7025 0.3192 -0.6358 0.7337 0.0387 -0.6775 -0.0341 0.7138 0.2161 -0.6662 0.0052 0.6765 -0.0355 -0.7355 -0.0128 0.7465 0.1521 -0.6331 0.1375 0.928 0.0687 0.3641 0.0376 0.6118 0.1627 -0.7352 0.2422 0.6985 -0.1851 -0.6829 -0.1069 0.928 -0.001 0.3724 0.0105
0.7603 -0.0474 -0.6477 0.0113 0.0222 -0.7025 0.3192 -0.6358 0.7337 0.0387 -0.6775 -0.0341 0.7138 0.2161 -0.6662 0.0052 0.6765 -0.0355 -0.7355 -0.0128 0.7465 0.1521 -0.6331 0.1375 0.928 0.0687 0.3641 0.0376 0.6118 0.1627 -0.7352 0.2422 0.6985 -0.1851 -0.6829 -0.1069 0.928 -0.001 0.3724 0.0105
0.7603 -0.0474 -0.6477 0.0113 0.0222 -0.7025 0.3192 -0.6358 0.7337 0.0387 -0.6775 -0.0341 0.7138 0.2161 -0.6662 0.0052 0.6765 -0.0355 -0.7355 -0.0128 0.7465 0.1521 -0.6331 0.1375 0.928 0.0687 0.3641 0.0376 0.6151 0.172 -0.733 0.2341 0.6985 -0.1851 -0.6829 -0.1069 0.928 -0.001 0.3724 0.0105
0.7603 -0.0474 -0.6477 0.0113 0.0222 -0.7025 0.3192 -0.6358 0.7337 0.0387 -0.6775 -0.0341 0.7138 0.2161 -0.6662 0.0052 0.6765 -0.0355 -0.7355 -0.0128 0.7465 0.1521 -0.6331 0.1375 0.928 0.0687 0.3641 0.0376 0.6151 0.172 -0.733 0.2341 0.6985 -0.1851 -0.6829 -0.1069 0.928 -0.001 0.3724 0.0105
0.7603 -0.0474 -0.6477 0.0113 0.0222 -0.7025 0.3192 -0.6358 0.7336 0.0364 -0.6777 -0.0333 0.713 0.2238 -0.6644 0.0145 0.6765 -0.0355 -0.7355 -0.0128 0.7481 0.1805 -0.6199 0.1531 0.928 0.0687 0.3641 0.0376 0.6151 0.172 -0.733 0.2341 0.6985 -0.1851 -0.6829 -0.1069 0.9272 -1.0E-4 0.3743 0.0071
0.7603 -0.0474 -0.6477 0.0113 0.0222 -0.7025 0.3192 -0.6358 0.7336 0.0364 -0.6777 -0.0333 0.713 0.2238 -0.6644 0.0145 0.6765 -0.0355 -0.7355 -0.0128 0.7481 0.1805 -0.6199 0.1531 0.928 0.0687 0.3641 0.0376 0.6151 0.172 -0.733 0.2341 0.7065 -0.2122 -0.6674 -0.1026 0.9272 -1.0E-4 0.3743 0.0071
0.7603 -0.0474 -0.6477 0.0113 0.0197 -0.7061 0.3316 -0.6254 0.7336 0.0364 -0.6777 -0.0333 0.713 0.2238 -0.6644 0.0145 0.6765 -0.0355 -0.7355 -0.0128 0.7481 0.1805 -0.6199 0.1531 0.928 0.0687 0.3641 0.0376 0.6151 0.172 -0.733 0.2341 0.7065 -0.2122 -0.6674 -0.1026 0.9272 -1.0E-4 0.3743 0.0071
0.7603 -0.0474 -0.6477 0.0113 0.0197 -0.7061 0.3316 -0.6254 0.7336 0.0364 -0.6777 -0.0333 0.713 0.2238 -0.6644 0.0145 0.6765 -0.0355 -0.7355 -0.0128 0.7481 0.1805 -0.6199 0.1531 0.9293 0.0718 0.3602 0.0384 0.6151 0.172 -0.733 0.2341 0.7065 -0.2122 -0.6674 -0.1026 0.9272 -1.0E-4 0.3743 0.0071
0.7603 -0.0474 -0.6477 0.0113 0.0197 -0.7061 0.3316 -0.6254 0.7336 0.0364 -0.6777 -0.0333 0.713 0.2238 -0.6644 0.0145 0.6721 -0.0204 -0.7397 0.0258 0.7481 0.1805 -0.6199 0.1531 0.9293 0.0718 0.3602 0.0384 0.6151 0.172 -0.733 0.2341 0.7065 -0.2122 -0.6674 -0.1026 0.9272 -1.0E-4 0.3743 0.0071
0.7642 -0.0465 -0.6431 0.0154 0.0197 -0.7061 0.3316 -0.6254 0.737 0.0488 -0.6741 -0.005 0.713 0.2238 -0.6644 0.0145 0.6721 -0.0204 -0.7397 0.0258 0.7481 0.1805 -0.6199 0.1531 0.9293 0.0718 0.3602 0.0384 0.6259 0.1782 -0.7322 0.2011 0.7065 -0.2122 -0.6674 -0.1026 0.9272 -1.0E-4 0.3743 0.0071
0.7642 -0.0465 -0.6431 0.0154 0.0197 -0.7061 0.3316 -0.6254 0.737 0.0488 -0.6741 -0.005 0.713 0.2238 -0.6644 0.0145 0.6721 -0.0204 -0.7397 0.0258 0.7531 0.2 -0.6061 0.16 0.9293 0.0718 0.3602 0.0384 0.6259 0.1782 -0.7322 0.2011 0.7065 -0.2122 -0.6674 -0.1026 0.9284 0.0015 0.3715 0.0087
0.7642 -0.0465 -0.6431 0.0154 0.0197 -0.7061 0.3316 -0.6254 0.737 0.0488 -0.6741 -0.005 0.713 0.2238 -0.6644 0.0145 0.6721 -0.0204 -0.7397 0.0258 0.7531 0.2 -0.6061 0.16 0.9293 0.0718 0.3602 0.0384 0.6259 0.1782 -0.7322 0.2011 0.7065 -0.2122 -0.6674 -0.1026 0.9284 0.0015 0.3715 0.0087
0.7642 -0.0465 -0.6431 0.0154 0.0349 -0.7168 0.3395 -0.608 0.737 0.0488 -0.6741 -0.005 0.7051 0.2667 -0.6547 0.0559 0.6721 -0.0204 -0.7397 0.0258 0.7531 0.2 -0.6061 0.16 0.9293 0.0718 0.3602 0.0384 0.6259 0.1782 -0.7322 0.2011 0.7125 -0.2383 -0.6537 -0.0906 0.9284 0.0015 0.3715 0.0087
0.7642 -0.0465 -0.6431 0.0154 0.0349 -0.7168 0.3395 -0.608 0.737 0.0488 -0.6741 -0.005 0.7051 0.2667 -0.6547 0.0559 0.6721 -0.0204 -0.7397 0.0258 0.7531 0.2 -0.6061 0.16 0.9321 0.0775 0.3515 0.0409 0.6259 0.1782 -0.7322 0.2011 0.7125 -0.2383 -0.6537 -0.0906 0.9284 0.0015 0.3715 0.0087
0.7642 -0.0465 -0.6431 0.0154 0.0349 -0.7168 0.3395 -0.608 0.737 0.0488 -0.6741 -0.005 0.7051 0.2667 -0.6547 0.0559 0.6762 -0.0139 -0.7366 0.0077 0.7531 0.2 -0.6061 0.16 0.9321 0.0775 0.3515 0.0409 0.6259 0.1782 -0.7322 0.2011 0.7125 -0.2383 -0.6537 -0.0906 0.9284 0.0015 0.3715 0.0087
0.764 -0.0607 -0.6422 0.0119 0.0349 -0.7168 0.3395 -0.608 0.737 0.0488 -0.6741 -0.005 0.7051 0.2667 -0.6547 0.0559 0.6762 -0.0139 -0.7366 0.0077 0.7531 0.2 -0.6061 0.16 0.9321 0.0775 0.3515 0.0409 0.6259 0.1782 -0.7322 0.2011 0.7125 -0.2383 -0.6537 -0.0906 0.9284 0.0015 0.3715 0.0087
0.764 -0.0607 -0.6422 0.0119 0.0349 -0.7168 0.3395 -0.608 0.737 0.0488 -0.6741 -0.005 0.7051 0.2667 -0.6547 0.0559 0.6762 -0.0139 -0.7366 0.0077 0.7531 0.2 -0.6061 0.16 0.9321 0.0775 0.3515 0.0409 0.6259 0.1782 -0.7322 0.2011 0.7125 -0.2383 -0.6537 -0.0906 0.9284 0.0015 0.3715 0.0087
0.764 -0.0607 -0.6422 0.0119 0.0349 -0.7168 0.3395 -0.608 0.737 0.0488 -0.6741 -0.005 0.7051 0.2667 -0.6547 0.0559 0.6762 -0.0139 -0.7366 0.0077 0.7531 0.2 -0.6061 0.16 0.9321 0.0775 0.3515 0.0409 0.6259 0.1782 -0.7322 0.2011 0.7125 -0.2383 -0.6537 -0.0906 0.9284 0.0015 0.3715 0.0087
0.764 -0.0607 -0.6422 0.0119 0.0349 -0.7168 0.3395 -0.608 0.7415 0.0709 -0.6664 0.0311 0.7189 0.2656 -0.6362 0.0893 0.6762 -0.0139 -0.7366 0.0077 0.7701 0.2026 -0.5876 0.1433 0.9321 0.0775 0.3515 0.0409 0.6167 0.1642 -0.7438 0.1989 0.7125 -0.2383 -0.6537 -0.0906 0.9334 -0.0023 0.3588 0.0024
0.764 -0.0607 -0.6422 0.0119 0.0349 -0.7168 0.3395 -0.608 0.7415 0.0709 -0.6664 0.0311 0.7189 0.2656 -0.6362 0.0893 0.6762 -0.0139 -0.7366 0.0077 0.7701 0.2026 -0.5876 0.1433 0.9321 0.0775 0.3515 0.0409 0.6167 0.1642 -0.7438 0.1989 0.7125 -0.2383 -0.6537 -0.0906 0.9334 -0.0023 0.3588 0.0024
0.764 -0.0607 -0.6422 0.0119 0.0352 -0.7189 0.3425 -0.6039 0.7415 0.0709 -0.6664 0.0311 0.7189 0.2656 -0.6362 0.0893 0.6762 -0.0139 -0.7366 0.0077 0.7701 0.2026 -0.5876 0.1433 0.9321 0.0775 0.3515 0.0409 0.6167 0.1642 -0.7438 0.1989 0.7059 -0.257 -0.6543 -0.0872 0.9334 -0.0023 0.3588 0.0024
0.764 -0.0607 -0.6422 0.0119 0.0352 -0.7189 0.3425 -0.6039 0.7415 0.0709 -0.6664 0.0311 0.7189 0.2656 -0.6362 0.0893 0.6854 -0.067 -0.7249 0.0157 0.7701 0.2026 -0.5876 0.1433 0.9281 0.0672 0.3646 0.0341 0.6167 0.1642 -0.7438 0.1989 0.7059 -0.257 -0.6543 -0.0872 0.9334 -0.0023 0.3588 0.0024
0.764 -0.0607 -0.6422 0.0119 0.0352 -0.7189 0.3425 -0.6039 0.7415 0.0709 -0.6664 0.0311 0.7189 0.2656 -0.6362 0.0893 0.6854 -0.067 -0.7249 0.0157 0.7701 0.2026 -0.5876 0.1433 0.9281 0.0672 0.3646 0.0341 0.6167 0.1642 -0.7438 0.1989 0.7059 -0.257 -0.6543 -0.0872 0.9334 -0.0023 0.3588 0.0024
0.7627 -0.0411 -0.6454 0.0121 0.0352 -0.7189 0.3425 -0.6039 0.7509 0.0447 -0.6578 0.0375 0.7189 0.2656 -0.6362 0.0893 0.6854 -0.067 -0.7249 0.0157 0.7701 0.2026 -0.5876 0.1433 0.9281 0.0672 0.3646 0.0341 0.6025 0.1552 -0.7552 0.2064 0.7059 -0.257 -0.6543 -0.0872 0.9334 -0.0023 0.3588 0.0024
0.7627 -0.0411 -0.6454 0.0121 0.0352 -0.7189 0.3425 -0.6039 0.7509 0.0447 -0.6578 0.0375 0.7189 0.2656 -0.6362 0.0893 0.6854 -0.067 -0.7249 0.0157 0.8232 0.2394 -0.5122 0.0515 0.9281 0.0672 0.3646 0.0341 0.6025 0.1552 -0.7552 0.2064 0.7059 -0.257 -0.6543 -0.0872 0.9329 -0.0037 0.3601 -0.0016
0.7627 -0.0411 -0.6454 0.0121 0.0352 -0.7189 0.3425 -0.6039 0.7509 0.0447 -0.6578 0.0375 0.7325 0.2412 -0.6296 0.094 0.6854 -0.067 -0.7249 0.0157 0.8232 0.2394 -0.5122 0.0515 0.9281 0.0672 0.3646 0.0341 0.6025 0.1552 -0.7552 0.2064 0.7059 -0.257 -0.6543 -0.0872 0.9329 -0.0037 0.3601 -0.0016
0.7627 -0.0411 -0.6454 0.0121 0.0424 -0.7233 0.3306 -0.6049 0.7509 0.0447 -0.6578 0.0375 0.7325 0.2412 -0.6296 0.094 0.6854 -0.067 -0.7249 0.0157 0.8232 0.2394 -0.5122 0.0515 0.9281 0.0672 0.3646 0.0341 0.6025 0.1552 -0.7552 0.2064 0.6899 -0.2859 -0.6583 -0.0944 0.9329 -0.0037 0.3601 -0.0016
0.7627 -0.0411 -0.6454 0.0121 0.0424 -0.7233 0.3306 -0.6049 0.7509 0.0447 -0.6578 0.0375 0.7325 0.2412 -0.6296 0.094 0.6854 -0.067 -0.7249 0.0157 0.8232 0.2394 -0.5122 0.0515 0.8644 0.0291 0.5015 -0.0184 0.6025 0.1552 -0.7552 0.2064 0.6899 -0.2859 -0.6583 -0.0944 0.9329 -0.0037 0.3601 -0.0016
0.7627 -0.0411 -0.6454 0.0121 0.0424 -0.7233 0.3306 -0.6049 0.7509 0.0447 -0.6578 0.0375 0.7325 0.2412 -0.6296 0.094 0.6854 -0.067 -0.7249 0.0157 0.8232 0.2394 -0.5122 0.0515 0.8644 0.0291 0.5015 -0.0184 0.6025 0.1552 -0.7552 0.2064 0.6899 -0.2859 -0.6583 -0.0944 0.9329 -0.0037 0.3601 -0.0016
0.754 -0.0115 -0.6563 -0.0239 0.0424 -0.7233 0.3306 -0.6049 0.7509 0.0447 -0.6578 0.0375 0.7325 0.2412 -0.6296 0.094 0.6854 -0.067 -0.7249 0.0157 0.8232 0.2394 -0.5122 0.0515 0.8644 0.0291 0.5015 -0.0184 0.6025 0.1552 -0.7552 0.2064 0.6899 -0.2859 -0.6583 -0.0944 0.9329 -0.0037 0.3601 -0.0016
0.754 -0.0115 -0.6563 -0.0239 0.0424 -0.7233 0.3306 -0.6049 0.7509 0.0447 -0.6578 0.0375 0.7325 0.2412 -0.6296 0.094 0.6854 -0.067 -0.7249 0.0157 0.8232 0.2394 -0.5122 0.0515 0.8644 0.0291 0.5015 -0.0184 0.6025 0.1552 -0.7552 0.2064 0.6899 -0.2859 -0.6583 -0.0944 0.9329 -0.0037 0.3601 -0.0016
0.754 -0.0115 -0.6563 -0.0239 0.0424 -0.7233 0.3306 -0.6049 0.7527 -0.0029 -0.6581 0.0176 0.7325 0.2412 -0.6296 0.094 0.6854 -0.067 -0.7249 0.0157 0.8232 0.2394 -0.5122 0.0515 0.8644 0.0291 0.5015 -0.0184 0.5883 0.1558 -0.7589 0.2319 0.6899 -0.2859 -0.6583 -0.0944 0.9303 -0.006 0.3668 -9.0E-4
0.754 -0.0115 -0.6563 -0.0239 0.0424 -0.7233 0.3306 -0.6049 0.7527 -0.0029 -0.6581 0.0176 0.7286 0.2199 -0.6434 0.0821 0.6854 -0.067 -0.7249 0.0157 0.8338 0.2723 -0.4797 -0.023 0.8644 0.0291 0.5015 -0.0184 0.5883 0.1558 -0.7589 0.2319 0.6899 -0.2859 -0.6583 -0.0944 0.9303 -0.006 0.3668 -9.0E-4
0.754 -0.0115 -0.6563 -0.0239 0.0115 -0.7159 0.2993 -0.6308 0.7527 -0.0029 -0.6581 0.0176 0.7286 0.2199 -0.6434 0.0821 0.6854 -0.067 -0.7249 0.0157 0.8338 0.2723 -0.4797 -0.023 0.8644 0.0291 0.5015 -0.0184 0.5883 0.1558 -0.7589 0.2319 0.6907 -0.2855 -0.6613 -0.0636 0.9303 -0.006 0.3668 -9.0E-4
0.754 -0.0115 -0.6563 -0.0239 0.0115 -0.7159 0.2993 -0.6308 0.7527 -0.0029 -0.6581 0.0176 0.7286 0.2199 -0.6434 0.0821 0.6854 -0.067 -0.7249 0.0157 0.8338 0.2723 -0.4797 -0.023 0.8644 0.0291 0.5015 -0.0184 0.5883 0.1558 -0.7589 0.2319 0.6907 -0.2855 -0.6613 -0.0636 0.9303 -0.006 0.3668 -9.0E-4
0.754 -0.0115 -0.6563 -0.0239 0.0115 -0.7159 0.2993 -0.6308 0.7527 -0.0029 -0.6581 0.0176 0.7286 0.2199 -0.6434 0.0821 0.68 -0.238 -0.6644 0.1987 0.8338 0.2723 -0.4797 -0.023 0.8546 0.0565 0.5148 -0.0382 0.5883 0.1558 -0.7589 0.2319 0.6907 -0.2855 -0.6613 -0.0636 0.9303 -0.006 0.3668 -9.0E-4
0.7322 0.0045 -0.6743 -0.0956 0.0115 -0.7159 0.2993 -0.6308 0.7527 -0.0029 -0.6581 0.0176 0.7286 0.2199 -0.6434 0.0821 0.68 -0.238 -0.6644 0.1987 0.8338 0.2723 -0.4797 -0.023 0.8546 0.0565 0.5148 -0.0382 0.5883 0.1558 -0.7589 0.2319 0.6907 -0.2855 -0.6613 -0.0636 0.9303 -0.006 0.3668 -9.0E-4
0.7322 0.0045 -0.6743 -0.0956 0.0115 -0.7159 0.2993 -0.6308 0.7527 -0.0029 -0.6581 0.0176 0.7286 0.2199 -0.6434 0.0821 0.68 -0.238 -0.6644 0.1987 0.8338 0.2723 -0.4797 -0.023 0.8546 0.0565 0.5148 -0.0382 0.5883 0.1558 -0.7589 0.2319 0.6907 -0.2855 -0.6613 -0.0636 0.9303 -0.006 0.3668 -9.0E-4
0.7322 0.0045 -0.6743 -0.0956 0.0115 -0.7159 0.2993 -0.6308 0.7374 -0.0574 -0.6729 -0.0111 0.7286 0.2199 -0.6434 0.0821 0.68 -0.238 -0.6644 0.1987 0.7668 0.1647 -0.6124 0.0991 0.8546 0.0565 0.5148 -0.0382 0.5883 0.1558 -0.7589 0.2319 0.6907 -0.2855 -0.6613 -0.0636 0.9234 -0.0045 0.3837 -6.0E-4
0.7322 0.0045 -0.6743 -0.0956 0.0115 -0.7159 0.2993 -0.6308 0.7374 -0.0574 -0.6729 -0.0111 0.7286 0.2199 -0.6434 0.0821 0.68 -0.238 -0.6644 0.1987 0.7668 0.1647 -0.6124 0.0991 0.8546 0.0565 0.5148 -0.0382 0.5883 0.1558 -0.7589 0.2319 0.6907 -0.2855 -0.6613 -0.0636 0.9234 -0.0045 0.3837 -6.0E-4
0.7322 0.0045 -0.6743 -0.0956 -0.0884 -0.6776 0.3505 -0.6405 0.7374 -0.0574 -0.6729 -0.0111 0.7286 0.2199 -0.6434 0.0821 0.68 -0.238 -0.6644 0.1987 0.7668 0.1647 -0.6124 0.0991 0.8546 0.0565 0.5148 -0.0382 0.5883 0.1558 -0.7589 0.2319 0.6916 -0.3163 -0.6483 -0.0368 0.9234 -0.0045 0.3837 -6.0E-4
0.7322 0.0045 -0.6743 -0.0956 -0.0884 -0.6776 0.3505 -0.6405 0.7374 -0.0574 -0.6729 -0.0111 0.7286 0.2199 -0.6434 0.0821 0.68 -0.238 -0.6644 0.1987 0.7668 0.1647 -0.6124 0.0991 0.8546 0.0565 0.5148 -0.0382 0.5883 0.1558 -0.7589 0.2319 0.6916 -0.3163 -0.6483 -0.0368 0.9234 -0.0045 0.3837 -6.0E-4
0.7322 0.0045 -0.6743 -0.0956 -0.0884 -0.6776 0.3505 -0.6405 0.7374 -0.0574 -0.6729 -0.0111 0.7286 0.2199 -0.6434 0.0821 0.6676 -0.2656 -0.6619 0.2138 0.7668 0.1647 -0.6124 0.0991 0.8546 0.0565 0.5148 -0.0382 0.5883 0.1558 -0.7589 0.2319 0.6916 -0.3163 -0.6483 -0.0368 0.9234 -0.0045 0.3837 -6.0E-4
0.7322 0.0045 -0.6743 -0.0956 -0.0884 -0.6776 0.3505 -0.6405 0.7374 -0.0574 -0.6729 -0.0111 0.7286 0.2199 -0.6434 0.0821 0.6676 -0.2656 -0.6619 0.2138 0.7668 0.1647 -0.6124 0.0991 0.8546 0.0565 0.5148 -0.0382 0.5883 0.1558 -0.7589 0.2319 0.6916 -0.3163 -0.6483 -0.0368 0.9234 -0.0045 0.3837 -6.0E-4
0.7322 0.0045 -0.6743 -0.0956 -0.0884 -0.6776 0.3505 -0.6405 0.7374 -0.0574 -0.6729 -0.0111 0.7286 0.2199 -0.6434 0.0821 0.6676 -0.2656 -0.6619 0.2138 0.7668 0.1647 -0.6124 0.0991 0.8546 0.0565 0.5148 -0.0382 0.5883 0.1558 -0.7589 0.2319 0.6916 -0.3163 -0.6483 -0.0368 0.9234 -0.0045 0.3837 -6.0E-4
0.7322 0.0045 -0.6743 -0.0956 -0.0884 -0.6776 0.3505 -0.6405 0.724 -0.1071 -0.6785 -0.0626 0.7286 0.2199 -0.6434 0.0821 0.6676 -0.2656 -0.6619 0.2138 0.7668 0.1647 -0.6124 0.0991 0.8546 0.0565 0.5148 -0.0382 0.5447 0.1206 -0.7715 0.3059 0.6916 -0.3163 -0.6483 -0.0368 0.9077 -0.0023 0.4197 -0.0015
0.7322 0.0045 -0.6743 -0.0956 -0.0884 -0.6776 0.3505 -0.6405 0.724 -0.1071 -0.6785 -0.0626 0.6747 0.2254 -0.7028 0.0068 0.6676 -0.2656 -0.6619 0.2138 0.6863 0.0107 -0.7056 0.1759 0.8546 0.0565 0.5148 -0.0382 0.5447 0.1206 -0.7715 0.3059 0.6916 -0.3163 -0.6483 -0.0368 0.9077 -0.0023 0.4197 -0.0015
0.7322 0.0045 -0.6743 -0.0956 -0.0884 -0.6776 0.3505 -0.6405 0.724 -0.1071 -0.6785 -0.0626 0.6747 0.2254 -0.7028 0.0068 0.6676 -0.2656 -0.6619 0.2138 0.6863 0.0107 -0.7056 0.1759 0.8546 0.0565 0.5148 -0.0382 0.5447 0.1206 -0.7715 0.3059 0.6916 -0.3163 -0.6483 -0.0368 0.9077 -0.0023 0.4197 -0.0015
0.7322 0.0045 -0.6743 -0.0956 -0.0997 -0.6497 0.2986 -0.692 0.724 -0.1071 -0.6785 -0.0626 0.6747 0.2254 -0.7028 0.0068 0.6676 -0.2656 -0.6619 0.2138 0.6863 0.0107 -0.7056 0.1759 0.8546 0.0565 0.5148 -0.0382 0.5447 0.1206 -0.7715 0.3059 0.7028 -0.3417 -0.6237 0.0195 0.9077 -0.0023 0.4197 -0.0015
0.7322 0.0045 -0.6743 -0.0956 -0.0997 -0.6497 0.2986 -0.692 0.724 -0.1071 -0.6785 -0.0626 0.6747 0.2254 -0.7028 0.0068 0.6676 -0.2656 -0.6619 0.2138 0.6863 0.0107 -0.7056 0.1759 0.9615 0.1438 0.2328 0.027 0.5447 0.1206 -0.7715 0.3059 0.7028 -0.3417 -0.6237 0.0195 0.9077 -0.0023 0.4197 -0.0015
0.7322 0.0045 -0.6743 -0.0956 -0.0997 -0.6497 0.2986 -0.692 0.724 -0.1071 -0.6785 -0.0626 0.6747 0.2254 -0.7028 0.0068 0.6321 -0.3124 -0.6896 0.1652 0.6863 0.0107 -0.7056 0.1759 0.9615 0.1438 0.2328 0.027 0.5447 0.1206 -0.7715 0.3059 0.7028 -0.3417 -0.6237 0.0195 0.9077 -0.0023 0.4197 -0.0015
0.7161 0.0114 -0.6752 -0.1764 -0.0997 -0.6497 0.2986 -0.692 0.7283 -0.1113 -0.6707 -0.0868 0.6747 0.2254 -0.7028 0.0068 0.6321 -0.3124 -0.6896 0.1652 0.6863 0.0107 -0.7056 0.1759 0.9615 0.1438 0.2328 0.027 0.5418 0.1199 -0.7574 0.344 0.7028 -0.3417 -0.6237 0.0195 0.9077 -0.0023 0.4197 -0.0015
0.7161 0.0114 -0.6752 -0.1764 -0.0997 -0.6497 0.2986 -0.692 0.7283 -0.1113 -0.6707 -0.0868 0.6747 0.2254 -0.7028 0.0068 0.6321 -0.3124 -0.6896 0.1652 0.7134 0.1057 -0.6725 0.1661 0.9615 0.1438 0.2328 0.027 0.5418 0.1199 -0.7574 0.344 0.7028 -0.3417 -0.6237 0.0195 0.7903 -0.0097 0.6124 -0.0179
0.7161 0.0114 -0.6752 -0.1764 -0.0997 -0.6497 0.2986 -0.692 0.7283 -0.1113 -0.6707 -0.0868 0.6913 0.2072 -0.6922 0.0063 0.6321 -0.3124 -0.6896 0.1652 0.7134 0.1057 -0.6725 0.1661 0.9615 0.1438 0.2328 0.027 0.5418 0.1199 -0.7574 0.344 0.7028 -0.3417 -0.6237 0.0195 0.7903 -0.0097 0.6124 -0.0179
0.7161 0.0114 -0.6752 -0.1764 -0.0997 -0.6497 0.2986 -0.692 0.7283 -0.1113 -0.6707 -0.0868 0.6913 0.2072 -0.6922 0.0063 0.6321 -0.3124 -0.6896 0.1652 0.7134 0.1057 -0.6725 0.1661 0.9615 0.1438 0.2328 0.027 0.5418 0.1199 -0.7574 0.344 0.7028 -0.3417 -0.6237 0.0195 0.7903 -0.0097 0.6124 -0.0179
0.7161 0.0114 -0.6752 -0.1764 -0.1474 -0.6257 0.3006 -0.7045 0.7283 -0.1113 -0.6707 -0.0868 0.6913 0.2072 -0.6922 0.0063 0.6321 -0.3124 -0.6896 0.1652 0.7134 0.1057 -0.6725 0.1661 0.9364 0.0995 0.3365 0.0012 0.5418 0.1199 -0.7574 0.344 0.7166 -0.3979 -0.5544 0.144 0.7903 -0.0097 0.6124 -0.0179
0.7161 0.0114 -0.6752 -0.1764 -0.1474 -0.6257 0.3006 -0.7045 0.7283 -0.1113 -0.6707 -0.0868 0.6913 0.2072 -0.6922 0.0063 0.6321 -0.3124 -0.6896 0.1652 0.7134 0.1057 -0.6725 0.1661 0.9364 0.0995 0.3365 0.0012 0.5418 0.1199 -0.7574 0.344 0.7166 -0.3979 -0.5544 0.144 0.7903 -0.0097 0.6124 -0.0179
0.7161 0.0114 -0.6752 -0.1764 -0.1474 -0.6257 0.3006 -0.7045 0.7283 -0.1113 -0.6707 -0.0868 0.6913 0.2072 -0.6922 0.0063 0.6518 -0.2123 -0.7074 0.1725 0.7134 0.1057 -0.6725 0.1661 0.9364 0.0995 0.3365 0.0012 0.5418 0.1199 -0.7574 0.344 0.7166 -0.3979 -0.5544 0.144 0.7903 -0.0097 0.6124 -0.0179
0.7147 0.0055 -0.6863 -0.1351 -0.1474 -0.6257 0.3006 -0.7045 0.7411 -0.0671 -0.6671 -0.0348 0.6913 0.2072 -0.6922 0.0063 0.6518 -0.2123 -0.7074 0.1725 0.7134 0.1057 -0.6725 0.1661 0.9364 0.0995 0.3365 0.0012 0.6362 0.1912 -0.6931 0.2802 0.7166 -0.3979 -0.5544 0.144 0.7903 -0.0097 0.6124 -0.0179
0.7147 0.0055 -0.6863 -0.1351 -0.1474 -0.6257 0.3006 -0.7045 0.7411 -0.0671 -0.6671 -0.0348 0.6913 0.2072 -0.6922 0.0063 0.6518 -0.2123 -0.7074 0.1725 0.7415 0.167 -0.6393 0.1172 0.9364 0.0995 0.3365 0.0012 0.6362 0.1912 -0.6931 0.2802 0.7166 -0.3979 -0.5544 0.144 0.463 -0.0356 0.8834 -0.0621
0.7147 0.0055 -0.6863 -0.1351 -0.1474 -0.6257 0.3006 -0.7045 0.7411 -0.0671 -0.6671 -0.0348 0.7267 0.2094 -0.6511 0.0641 0.6518 -0.2123 -0.7074 0.1725 0.7415 0.167 -0.6393 0.1172 0.9364 0.0995 0.3365 0.0012 0.6362 0.1912 -0.6931 0.2802 0.7166 -0.3979 -0.5544 0.144 0.463 -0.0356 0.8834 -0.0621
0.7147 0.0055 -0.6863 -0.1351 -0.1474 -0.6257 0.3006 -0.7045 0.7411 -0.0671 -0.6671 -0.0348 0.7267 0.2094 -0.6511 0.0641 0.6518 -0.2123 -0.7074 0.1725 0.7415 0.167 -0.6393 0.1172 0.9364 0.0995 0.3365 0.0012 0.6362 0.1912 -0.6931 0.2802 0.7166 -0.3979 -0.5544 0.144 0.463 -0.0356 0.8834 -0.0621
0.7147 0.0055 -0.6863 -0.1351 -0.0646 -0.6722 0.2721 -0.6854 0.7411 -0.0671 -0.6671 -0.0348 0.7267 0.2094 -0.6511 0.0641 0.6518 -0.2123 -0.7074 0.1725 0.7415 0.167 -0.6393 0.1172 0.9364 0.0995 0.3365 0.0012 0.6362 0.1912 -0.6931 0.2802 0.7009 -0.4708 -0.4891 0.219 0.463 -0.0356 0.8834 -0.0621
0.7147 0.0055 -0.6863 -0.1351 -0.0646 -0.6722 0.2721 -0.6854 0.7411 -0.0671 -0.6671 -0.0348 0.7267 0.2094 -0.6511 0.0641 0.6477 -0.1271 -0.7467 0.0817 0.7415 0.167 -0.6393 0.1172 0.9336 0.0876 0.3474 -0.0081 0.6362 0.1912 -0.6931 0.2802 0.7009 -0.4708 -0.4891 0.219 0.463 -0.0356 0.8834 -0.0621
0.7147 0.0055 -0.6863 -0.1351 -0.0646 -0.6722 0.2721 -0.6854 0.7411 -0.0671 -0.6671 -0.0348 0.7267 0.2094 -0.6511 0.0641 0.6477 -0.1271 -0.7467 0.0817 0.7415 0.167 -0.6393 0.1172 0.9336 0.0876 0.3474 -0.0081 0.6362 0.1912 -0.6931 0.2802 0.7009 -0.4708 -0.4891 0.219 0.463 -0.0356 0.8834 -0.0621
0.7147 0.0055 -0.6863 -0.1351 -0.0646 -0.6722 0.2721 -0.6854 0.7411 -0.0671 -0.6671 -0.0348 0.7267 0.2094 -0.6511 0.0641 0.6477 -0.1271 -0.7467 0.0817 0.7415 0.167 -0.6393 0.1172 0.9336 0.0876 0.3474 -0.0081 0.7083 0.2933 -0.6268 0.1393 0.7009 -0.4708 -0.4891 0.219 0.463 -0.0356 0.8834 -0.0621
0.7147 0.0055 -0.6863 -0.1351 -0.0646 -0.6722 0.2721 -0.6854 0.7539 -1.0E-4 -0.6541 0.0617 0.7267 0.2094 -0.6511 0.0641 0.6477 -0.1271 -0.7467 0.0817 0.7444 0.2089 -0.6264 0.0989 0.9336 0.0876 0.3474 -0.0081 0.7083 0.2933 -0.6268 0.1393 0.7009 -0.4708 -0.4891 0.219 0.6752 -0.0585 0.7338 -0.0469
0.7147 0.0055 -0.6863 -0.1351 -0.0646 -0.6722 0.2721 -0.6854 0.7539 -1.0E-4 -0.6541 0.0617 0.7363 0.2598 -0.6052 0.1555 0.6477 -0.1271 -0.7467 0.0817 0.7444 0.2089 -0.6264 0.0989 0.9336 0.0876 0.3474 -0.0081 0.7083 0.2933 -0.6268 0.1393 0.7009 -0.4708 -0.4891 0.219 0.6752 -0.0585 0.7338 -0.0469
0.7147 0.0055 -0.6863 -0.1351 -0.0646 -0.6722 0.2721 -0.6854 0.7539 -1.0E-4 -0.6541 0.0617 0.7363 0.2598 -0.6052 0.1555 0.6477 -0.1271 -0.7467 0.0817 0.7444 0.2089 -0.6264 0.0989 0.9336 0.0876 0.3474 -0.0081 0.7083 0.2933 -0.6268 0.1393 0.7009 -0.4708 -0.4891 0.219 0.6752 -0.0585 0.7338 -0.0469
0.7147 0.0055 -0.6863 -0.1351 0.0252 -0.7106 0.2994 -0.6362 0.7539 -1.0E-4 -0.6541 0.0617 0.7363 0.2598 -0.6052 0.1555 0.6477 -0.1271 -0.7467 0.0817 0.7444 0.2089 -0.6264 0.0989 0.9336 0.0876 0.3474 -0.0081 0.7083 0.2933 -0.6268 0.1393 0.7223 -0.337 -0.5972 0.09 0.6752 -0.0585 0.7338 -0.0469
0.7147 0.0055 -0.6863 -0.1351 0.0252 -0.7106 0.2994 -0.6362 0.7539 -1.0E-4 -0.6541 0.0617 0.7363 0.2598 -0.6052 0.1555 0.6362 -0.0312 -0.7708 0.0096 0.7444 0.2089 -0.6264 0.0989 0.9299 0.0818 0.3582 -0.0186 0.7083 0.2933 -0.6268 0.1393 0.7223 -0.337 -0.5972 0.09 0.6752 -0.0585 0.7338 -0.0469
0.7147 0.0055 -0.6863 -0.1351 0.0252 -0.7106 0.2994 -0.6362 0.7539 -1.0E-4 -0.6541 0.0617 0.7363 0.2598 -0.6052 0.1555 0.6362 -0.0312 -0.7708 0.0096 0.7444 0.2089 -0.6264 0.0989 0.9299 0.0818 0.3582 -0.0186 0.7083 0.2933 -0.6268 0.1393 0.7223 -0.337 -0.5972 0.09 0.6752 -0.0585 0.7338 -0.0469
0.7634 0.0196 -0.6442 0.0435 0.0252 -0.7106 0.2994 -0.6362 0.7623 0.0241 -0.6309 0.1423 0.7363 0.2598 -0.6052 0.1555 0.6362 -0.0312 -0.7708 0.0096 0.7444 0.2089 -0.6264 0.0989 0.9299 0.0818 0.3582 -0.0186 0.7268 0.3602 -0.5828 0.0487 0.7223 -0.337 -0.5972 0.09 0.6752 -0.0585 0.7338 -0.0469
0.7634 0.0196 -0.6442 0.0435 0.0252 -0.7106 0.2994 -0.6362 0.7623 0.0241 -0.6309 0.1423 0.7363 0.2598 -0.6052 0.1555 0.6362 -0.0312 -0.7708 0.0096 0.7444 0.2089 -0.6264 0.0989 0.9299 0.0818 0.3582 -0.0186 0.7268 0.3602 -0.5828 0.0487 0.7223 -0.337 -0.5972 0.09 0.6752 -0.0585 0.7338 -0.0469
0.7634 0.0196 -0.6442 0.0435 0.0252 -0.7106 0.2994 -0.6362 0.7623 0.0241 -0.6309 0.1423 0.7548 0.2542 -0.5709 0.1995 0.6362 -0.0312 -0.7708 0.0096 0.7582 0.2294 -0.6091 0.0392 0.9299 0.0818 0.3582 -0.0186 0.7268 0.3602 -0.5828 0.0487 0.7223 -0.337 -0.5972 0.09 0.924 -0.0237 0.3792 -0.0437
0.7634 0.0196 -0.6442 0.0435 0.0252 -0.7106 0.2994 -0.6362 0.7623 0.0241 -0.6309 0.1423 0.7548 0.2542 -0.5709 0.1995 0.6362 -0.0312 -0.7708 0.0096 0.7582 0.2294 -0.6091 0.0392 0.9299 0.0818 0.3582 -0.0186 0.7268 0.3602 -0.5828 0.0487 0.7223 -0.337 -0.5972 0.09 0.924 -0.0237 0.3792 -0.0437
0.7634 0.0196 -0.6442 0.0435 0.1252 -0.7492 0.3051 -0.5745 0.7623 0.0241 -0.6309 0.1423 0.7548 0.2542 -0.5709 0.1995 0.6362 -0.0312 -0.7708 0.0096 0.7582 0.2294 -0.6091 0.0392 0.9299 0.0818 0.3582 -0.0186 0.7268 0.3602 -0.5828 0.0487 0.6533 -0.092 -0.7242 -0.2005 0.924 -0.0237 0.3792 -0.0437
0.7634 0.0196 -0.6442 0.0435 0.1252 -0.7492 0.3051 -0.5745 0.7623 0.0241 -0.6309 0.1423 0.7548 0.2542 -0.5709 0.1995 0.6362 -0.0312 -0.7708 0.0096 0.7582 0.2294 -0.6091 0.0392 0.8967 0.0743 0.4343 -0.0416 0.7268 0.3602 -0.5828 0.0487 0.6533 -0.092 -0.7242 -0.2005 0.924 -0.0237 0.3792 -0.0437
0.7634 0.0196 -0.6442 0.0435 0.1252 -0.7492 0.3051 -0.5745 0.7623 0.0241 -0.6309 0.1423 0.7548 0.2542 -0.5709 0.1995 0.6315 0.0145 -0.7725 -0.0656 0.7582 0.2294 -0.6091 0.0392 0.8967 0.0743 0.4343 -0.0416 0.7268 0.3602 -0.5828 0.0487 0.6533 -0.092 -0.7242 -0.2005 0.924 -0.0237 0.3792 -0.0437
0.7844 0.0342 -0.6117 0.0971 0.1252 -0.7492 0.3051 -0.5745 0.7552 0.06 -0.6285 0.1761 0.7548 0.2542 -0.5709 0.1995 0.6315 0.0145 -0.7725 -0.0656 0.7582 0.2294 -0.6091 0.0392 0.8967 0.0743 0.4343 -0.0416 0.7067 0.3157 -0.6315 0.0451 0.6533 -0.092 -0.7242 -0.2005 0.924 -0.0237 0.3792 -0.0437
0.7844 0.0342 -0.6117 0.0971 0.1252 -0.7492 0.3051 -0.5745 0.7552 0.06 -0.6285 0.1761 0.7548 0.2542 -0.5709 0.1995 0.6315 0.0145 -0.7725 -0.0656 0.7976 0.2915 -0.5223 -0.0779 0.8967 0.0743 0.4343 -0.0416 0.7067 0.3157 -0.6315 0.0451 0.6533 -0.092 -0.7242 -0.2005 0.9694 -0.0105 0.2441 -0.0228
0.7844 0.0342 -0.6117 0.0971 0.1252 -0.7492 0.3051 -0.5745 0.7552 0.06 -0.6285 0.1761 0.7493 0.2529 -0.5538 0.2606 0.6315 0.0145 -0.7725 -0.0656 0.7976 0.2915 -0.5223 -0.0779 0.8967 0.0743 0.4343 -0.0416 0.7067 0.3157 -0.6315 0.0451 0.6533 -0.092 -0.7242 -0.2005 0.9694 -0.0105 0.2441 -0.0228
0.7844 0.0342 -0.6117 0.0971 0.1252 -0.7492 0.3051 -0.5745 0.7552 0.06 -0.6285 0.1761 0.7493 0.2529 -0.5538 0.2606 0.6315 0.0145 -0.7725 -0.0656 0.7976 0.2915 -0.5223 -0.0779 0.8967 0.0743 0.4343 -0.0416 0.7067 0.3157 -0.6315 0.0451 0.6533 -0.092 -0.7242 -0.2005 0.9694 -0.0105 0.2441 -0.0228
0.7844 0.0342 -0.6117 0.0971 0.1252 -0.7492 0.3051 -0.5745 0.7552 0.06 -0.6285 0.1761 0.7493 0.2529 -0.5538 0.2606 0.6315 0.0145 -0.7725 -0.0656 0.7976 0.2915 -0.5223 -0.0779 0.8967 0.0743 0.4343 -0.0416 0.7067 0.3157 -0.6315 0.0451 0.6533 -0.092 -0.7242 -0.2005 0.9694 -0.0105 0.2441 -0.0228
0.7844 0.0342 -0.6117 0.0971 0.1715 -0.754 0.3093 -0.5535 0.7552 0.06 -0.6285 0.1761 0.7493 0.2529 -0.5538 0.2606 0.6315 0.0145 -0.7725 -0.0656 0.7976 0.2915 -0.5223 -0.0779 0.6837 0.08 0.7213 -0.0778 0.7067 0.3157 -0.6315 0.0451 0.6533 -0.092 -0.7242 -0.2005 0.9694 -0.0105 0.2441 -0.0228
0.7844 0.0342 -0.6117 0.0971 0.1715 -0.754 0.3093 -0.5535 0.7552 0.06 -0.6285 0.1761 0.7493 0.2529 -0.5538 0.2606 0.6863 -0.0974 -0.7203 -0.0258 0.7976 0.2915 -0.5223 -0.0779 0.6837 0.08 0.7213 -0.0778 0.7067 0.3157 -0.6315 0.0451 0.6533 -0.092 -0.7242 -0.2005 0.9694 -0.0105 0.2441 -0.0228
0.783 -0.0129 -0.6205 0.0415 0.1715 -0.754 0.3093 -0.5535 0.7382 0.0165 -0.6677 0.0948 0.7493 0.2529 -0.5538 0.2606 0.6863 -0.0974 -0.7203 -0.0258 0.7976 0.2915 -0.5223 -0.0779 0.6837 0.08 0.7213 -0.0778 0.7049 0.2676 -0.6568 0.0093 0.6533 -0.092 -0.7242 -0.2005 0.9694 -0.0105 0.2441 -0.0228
0.783 -0.0129 -0.6205 0.0415 0.1715 -0.754 0.3093 -0.5535 0.7382 0.0165 -0.6677 0.0948 0.7493 0.2529 -0.5538 0.2606 0.6863 -0.0974 -0.7203 -0.0258 0.8062 0.3472 -0.4315 -0.2084 0.6837 0.08 0.7213 -0.0778 0.7049 0.2676 -0.6568 0.0093 0.6533 -0.092 -0.7242 -0.2005 0.9335 0.0081 0.3584 -0.0125
0.783 -0.0129 -0.6205 0.0415 0.1715 -0.754 0.3093 -0.5535 0.7382 0.0165 -0.6677 0.0948 0.7598 0.1979 -0.5895 0.1898 0.6863 -0.0974 -0.7203 -0.0258 0.8062 0.3472 -0.4315 -0.2084 0.6837 0.08 0.7213 -0.0778 0.7049 0.2676 -0.6568 0.0093 0.6533 -0.092 -0.7242 -0.2005 0.9335 0.0081 0.3584 -0.0125
0.783 -0.0129 -0.6205 0.0415 0.1715 -0.754 0.3093 -0.5535 0.7382 0.0165 -0.6677 0.0948 0.7598 0.1979 -0.5895 0.1898 0.6863 -0.0974 -0.7203 -0.0258 0.8062 0.3472 -0.4315 -0.2084 0.6837 0.08 0.7213 -0.0778 0.7049 0.2676 -0.6568 0.0093 0.6625 -0.2298 -0.6979 -0.1456 0.9335 0.0081 0.3584 -0.0125
0.783 -0.0129 -0.6205 0.0415 0.0829 -0.7385 0.3342 -0.5797 0.7382 0.0165 -0.6677 0.0948 0.7598 0.1979 -0.5895 0.1898 0.6863 -0.0974 -0.7203 -0.0258 0.8062 0.3472 -0.4315 -0.2084 0.6837 0.08 0.7213 -0.0778 0.7049 0.2676 -0.6568 0.0093 0.6625 -0.2298 -0.6979 -0.1456 0.9335 0.0081 0.3584 -0.0125
0.783 -0.0129 -0.6205 0.0415 0.0829 -0.7385 0.3342 -0.5797 0.7382 0.0165 -0.6677 0.0948 0.7598 0.1979 -0.5895 0.1898 0.6863 -0.0974 -0.7203 -0.0258 0.8062 0.3472 -0.4315 -0.2084 0.6455 0.0331 0.7482 -0.1498 0.7049 0.2676 -0.6568 0.0093 0.6625 -0.2298 -0.6979 -0.1456 0.9335 0.0081 0.3584 -0.0125
0.783 -0.0129 -0.6205 0.0415 0.0829 -0.7385 0.3342 -0.5797 0.7382 0.0165 -0.6677 0.0948 0.7598 0.1979 -0.5895 0.1898 0.6771 -0.2585 -0.6869 0.0543 0.8062 0.3472 -0.4315 -0.2084 0.6455 0.0331 0.7482 -0.1498 0.7049 0.2676 -0.6568 0.0093 0.6625 -0.2298 -0.6979 -0.1456 0.9335 0.0081 0.3584 -0.0125
0.764 -0.0436 -0.642 -0.0469 0.0829 -0.7385 0.3342 -0.5797 0.7471 -0.0182 -0.664 -0.0263 0.7598 0.1979 -0.5895 0.1898 0.6771 -0.2585 -0.6869 0.0543 0.8062 0.3472 -0.4315 -0.2084 0.6455 0.0331 0.7482 -0.1498 0.6385 0.2086 -0.7286 0.1337 0.6625 -0.2298 -0.6979 -0.1456 0.9335 0.0081 0.3584 -0.0125
0.764 -0.0436 -0.642 -0.0469 0.0829 -0.7385 0.3342 -0.5797 0.7471 -0.0182 -0.664 -0.0263 0.7598 0.1979 -0.5895 0.1898 0.6771 -0.2585 -0.6869 0.0543 0.8062 0.3472 -0.4315 -0.2084 0.6455 0.0331 0.7482 -0.1498 0.6385 0.2086 -0.7286 0.1337 0.6625 -0.2298 -0.6979 -0.1456 0.9268 0.0094 0.3754 -0.0135
0.764 -0.0436 -0.642 -0.0469 0.0829 -0.7385 0.3342 -0.5797 0.7471 -0.0182 -0.664 -0.0263 0.7354 0.2428 -0.6299 0.0582 0.6771 -0.2585 -0.6869 0.0543 0.8062 0.3472 -0.4315 -0.2084 0.6455 0.0331 0.7482 -0.1498 0.6385 0.2086 -0.7286 0.1337 0.6625 -0.2298 -0.6979 -0.1456 0.9268 0.0094 0.3754 -0.0135
0.764 -0.0436 -0.642 -0.0469 0.0829 -0.7385 0.3342 -0.5797 0.7471 -0.0182 -0.664 -0.0263 0.7354 0.2428 -0.6299 0.0582 0.6771 -0.2585 -0.6869 0.0543 0.8062 0.3472 -0.4315 -0.2084 0.6455 0.0331 0.7482 -0.1498 0.6385 0.2086 -0.7286 0.1337 0.6625 -0.2298 -0.6979 -0.1456 0.9268 0.0094 0.3754 -0.0135
0.764 -0.0436 -0.642 -0.0469 -0.0162 -0.6904 0.3265 -0.6453 0.7471 -0.0182 -0.664 -0.0263 0.7354 0.2428 -0.6299 0.0582 0.6771 -0.2585 -0.6869 0.0543 0.8062 0.3472 -0.4315 -0.2084 0.8802 0.121 0.4588 -0.0109 0.6385 0.2086 -0.7286 0.1337 0.6659 -0.2528 -0.6923 -0.1156 0.9268 0.0094 0.3754 -0.0135
0.764 -0.0436 -0.642 -0.0469 -0.0162 -0.6904 0.3265 -0.6453 0.7471 -0.0182 -0.664 -0.0263 0.7354 0.2428 -0.6299 0.0582 0.6771 -0.2585 -0.6869 0.0543 0.8062 0.3472 -0.4315 -0.2084 0.8802 0.121 0.4588 -0.0109 0.6385 0.2086 -0.7286 0.1337 0.6659 -0.2528 -0.6923 -0.1156 0.9268 0.0094 0.3754 -0.0135
0.764 -0.0436 -0.642 -0.0469 -0.0162 -0.6904 0.3265 -0.6453 0.7471 -0.0182 -0.664 -0.0263 0.7354 0.2428 -0.6299 0.0582 0.6613 -0.2689 -0.6771 0.1787 0.8062 0.3472 -0.4315 -0.2084 0.8802 0.121 0.4588 -0.0109 0.6385 0.2086 -0.7286 0.1337 0.6659 -0.2528 -0.6923 -0.1156 0.9268 0.0094 0.3754 -0.0135
0.764 -0.0436 -0.642 -0.0469 -0.0162 -0.6904 0.3265 -0.6453 0.7654 -0.0204 -0.6384 -0.0788 0.7354 0.2428 -0.6299 0.0582 0.6613 -0.2689 -0.6771 0.1787 0.8062 0.3472 -0.4315 -0.2084 0.8802 0.121 0.4588 -0.0109 0.5751 0.165 -0.7667 0.2325 0.6659 -0.2528 -0.6923 -0.1156 0.9078 0.015 0.419 0.004
0.764 -0.0436 -0.642 -0.0469 -0.0162 -0.6904 0.3265 -0.6453 0.7654 -0.0204 -0.6384 -0.0788 0.7354 0.2428 -0.6299 0.0582 0.6613 -0.2689 -0.6771 0.1787 0.8062 0.3472 -0.4315 -0.2084 0.8802 0.121 0.4588 -0.0109 0.5751 0.165 -0.7667 0.2325 0.6659 -0.2528 -0.6923 -0.1156 0.9078 0.015 0.419 0.004
0.764 -0.0436 -0.642 -0.0469 -0.0162 -0.6904 0.3265 -0.6453 0.7654 -0.0204 -0.6384 -0.0788 0.6648 0.3477 -0.6558 -0.0842 0.6613 -0.2689 -0.6771 0.1787 0.6851 0.0132 -0.72 0.1097 0.8802 0.121 0.4588 -0.0109 0.5751 0.165 -0.7667 0.2325 0.6659 -0.2528 -0.6923 -0.1156 0.9078 0.015 0.419 0.004
0.764 -0.0436 -0.642 -0.0469 -0.0162 -0.6904 0.3265 -0.6453 0.7654 -0.0204 -0.6384 -0.0788 0.6648 0.3477 -0.6558 -0.0842 0.6613 -0.2689 -0.6771 0.1787 0.6851 0.0132 -0.72 0.1097 0.8802 0.121 0.4588 -0.0109 0.5751 0.165 -0.7667 0.2325 0.6659 -0.2528 -0.6923 -0.1156 0.9078 0.015 0.419 0.004
0.764 -0.0436 -0.642 -0.0469 -0.1036 -0.6365 0.3444 -0.6823 0.7654 -0.0204 -0.6384 -0.0788 0.6648 0.3477 -0.6558 -0.0842 0.6613 -0.2689 -0.6771 0.1787 0.6851 0.0132 -0.72 0.1097 0.9395 0.2261 0.2547 0.0385 0.5751 0.165 -0.7667 0.2325 0.6823 -0.2921 -0.669 -0.0405 0.9078 0.015 0.419 0.004
0.764 -0.0436 -0.642 -0.0469 -0.1036 -0.6365 0.3444 -0.6823 0.7654 -0.0204 -0.6384 -0.0788 0.6648 0.3477 -0.6558 -0.0842 0.6613 -0.2689 -0.6771 0.1787 0.6851 0.0132 -0.72 0.1097 0.9395 0.2261 0.2547 0.0385 0.5751 0.165 -0.7667 0.2325 0.6823 -0.2921 -0.669 -0.0405 0.9078 0.015 0.419 0.004
0.764 -0.0436 -0.642 -0.0469 -0.1036 -0.6365 0.3444 -0.6823 0.7654 -0.0204 -0.6384 -0.0788 0.6648 0.3477 -0.6558 -0.0842 0.6337 -0.2876 -0.707 0.1259 0.6851 0.0132 -0.72 0.1097 0.9395 0.2261 0.2547 0.0385 0.5751 0.165 -0.7667 0.2325 0.6823 -0.2921 -0.669 -0.0405 0.9078 0.015 0.419 0.004
0.7227 -0.0617 -0.6613 -0.1912 -0.1036 -0.6365 0.3444 -0.6823 0.7817 0.0349 -0.6183 -0.0731 0.6648 0.3477 -0.6558 -0.0842 0.6337 -0.2876 -0.707 0.1259 0.6851 0.0132 -0.72 0.1097 0.9395 0.2261 0.2547 0.0385 0.557 0.1718 -0.7525 0.3065 0.6823 -0.2921 -0.669 -0.0405 0.843 -9.0E-4 0.5374 -0.0256
0.7227 -0.0617 -0.6613 -0.1912 -0.1036 -0.6365 0.3444 -0.6823 0.7817 0.0349 -0.6183 -0.0731 0.6648 0.3477 -0.6558 -0.0842 0.6337 -0.2876 -0.707 0.1259 0.6851 0.0132 -0.72 0.1097 0.9395 0.2261 0.2547 0.0385 0.557 0.1718 -0.7525 0.3065 0.6823 -0.2921 -0.669 -0.0405 0.843 -9.0E-4 0.5374 -0.0256
0.7227 -0.0617 -0.6613 -0.1912 -0.1036 -0.6365 0.3444 -0.6823 0.7817 0.0349 -0.6183 -0.0731 0.6288 0.3894 -0.657 -0.1462 0.6337 -0.2876 -0.707 0.1259 0.6833 0.0561 -0.7208 0.1022 0.9395 0.2261 0.2547 0.0385 0.557 0.1718 -0.7525 0.3065 0.6823 -0.2921 -0.669 -0.0405 0.843 -9.0E-4 0.5374 -0.0256
0.7227 -0.0617 -0.6613 -0.1912 -0.1036 -0.6365 0.3444 -0.6823 0.7817 0.0349 -0.6183 -0.0731 0.6288 0.3894 -0.657 -0.1462 0.6337 -0.2876 -0.707 0.1259 0.6833 0.0561 -0.7208 0.1022 0.9395 0.2261 0.2547 0.0385 0.557 0.1718 -0.7525 0.3065 0.6823 -0.2921 -0.669 -0.0405 0.843 -9.0E-4 0.5374 -0.0256
0.7227 -0.0617 -0.6613 -0.1912 -0.1036 -0.6365 0.3444 -0.6823 0.7817 0.0349 -0.6183 -0.0731 0.6288 0.3894 -0.657 -0.1462 0.6337 -0.2876 -0.707 0.1259 0.6833 0.0561 -0.7208 0.1022 0.928 0.109 0.3563 -0.0057 0.557 0.1718 -0.7525 0.3065 0.6823 -0.2921 -0.669 -0.0405 0.843 -9.0E-4 0.5374 -0.0256
0.7227 -0.0617 -0.6613 -0.1912 -0.1036 -0.6365 0.3444 -0.6823 0.7817 0.0349 -0.6183 -0.0731 0.6288 0.3894 -0.657 -0.1462 0.6329 -0.2181 -0.723 0.1708 0.6833 0.0561 -0.7208 0.1022 0.928 0.109 0.3563 -0.0057 0.557 0.1718 -0.7525 0.3065 0.6823 -0.2921 -0.669 -0.0405 0.843 -9.0E-4 0.5374 -0.0256
0.7256 -0.0508 -0.6733 -0.1324 -0.1036 -0.6365 0.3444 -0.6823 0.7817 0.0349 -0.6183 -0.0731 0.6288 0.3894 -0.657 -0.1462 0.6329 -0.2181 -0.723 0.1708 0.6833 0.0561 -0.7208 0.1022 0.928 0.109 0.3563 -0.0057 0.557 0.1718 -0.7525 0.3065 0.6823 -0.2921 -0.669 -0.0405 0.843 -9.0E-4 0.5374 -0.0256
0.7256 -0.0508 -0.6733 -0.1324 -0.1036 -0.6365 0.3444 -0.6823 0.7719 0.0562 -0.6331 -0.0164 0.6288 0.3894 -0.657 -0.1462 0.6329 -0.2181 -0.723 0.1708 0.6833 0.0561 -0.7208 0.1022 0.928 0.109 0.3563 -0.0057 0.6409 0.2059 -0.6819 0.286 0.6823 -0.2921 -0.669 -0.0405 0.843 -9.0E-4 0.5374 -0.0256
0.7256 -0.0508 -0.6733 -0.1324 -0.1036 -0.6365 0.3444 -0.6823 0.7719 0.0562 -0.6331 -0.0164 0.6288 0.3894 -0.657 -0.1462 0.6329 -0.2181 -0.723 0.1708 0.7161 0.1769 -0.668 0.098 0.928 0.109 0.3563 -0.0057 0.6409 0.2059 -0.6819 0.286 0.6823 -0.2921 -0.669 -0.0405 0.5981 -0.1271 0.7892 -0.0576
0.7256 -0.0508 -0.6733 -0.1324 -0.1036 -0.6365 0.3444 -0.6823 0.7719 0.0562 -0.6331 -0.0164 0.6699 0.3667 -0.6442 -0.043 0.6329 -0.2181 -0.723 0.1708 0.7161 0.1769 -0.668 0.098 0.928 0.109 0.3563 -0.0057 0.6409 0.2059 -0.6819 0.286 0.6823 -0.2921 -0.669 -0.0405 0.5981 -0.1271 0.7892 -0.0576
0.7256 -0.0508 -0.6733 -0.1324 -0.1036 -0.6365 0.3444 -0.6823 0.7719 0.0562 -0.6331 -0.0164 0.6699 0.3667 -0.6442 -0.043 0.6329 -0.2181 -0.723 0.1708 0.7161 0.1769 -0.668 0.098 0.928 0.109 0.3563 -0.0057 0.6409 0.2059 -0.6819 0.286 0.6823 -0.2921 -0.669 -0.0405 0.5981 -0.1271 0.7892 -0.0576
0.7256 -0.0508 -0.6733 -0.1324 -0.1036 -0.6365 0.3444 -0.6823 0.7719 0.0562 -0.6331 -0.0164 0.6699 0.3667 -0.6442 -0.043 0.6329 -0.2181 -0.723 0.1708 0.7161 0.1769 -0.668 0.098 0.9229 0.0934 0.3729 -0.0255 0.6409 0.2059 -0.6819 0.286 0.6823 -0.2921 -0.669 -0.0405 0.5981 -0.1271 0.7892 -0.0576
0.7256 -0.0508 -0.6733 -0.1324 -0.1036 -0.6365 0.3444 -0.6823 0.7719 0.0562 -0.6331 -0.0164 0.6699 0.3667 -0.6442 -0.043 0.6345 -0.1412 -0.7532 0.1005 0.7161 0.1769 -0.668 0.098 0.9229 0.0934 0.3729 -0.0255 0.6409 0.2059 -0.6819 0.286 0.6823 -0.2921 -0.669 -0.0405 0.5981 -0.1271 0.7892 -0.0576
0.7549 0.0331 -0.6548 -0.0122 -0.1036 -0.6365 0.3444 -0.6823 0.7719 0.0562 -0.6331 -0.0164 0.6699 0.3667 -0.6442 -0.043 0.6345 -0.1412 -0.7532 0.1005 0.7161 0.1769 -0.668 0.098 0.9229 0.0934 0.3729 -0.0255 0.6409 0.2059 -0.6819 0.286 0.6823 -0.2921 -0.669 -0.0405 0.5981 -0.1271 0.7892 -0.0576
0.7549 0.0331 -0.6548 -0.0122 -0.1036 -0.6365 0.3444 -0.6823 0.7647 0.0923 -0.6337 0.0716 0.6699 0.3667 -0.6442 -0.043 0.6345 -0.1412 -0.7532 0.1005 0.7161 0.1769 -0.668 0.098 0.9229 0.0934 0.3729 -0.0255 0.7407 0.321 -0.5751 0.1329 0.6823 -0.2921 -0.669 -0.0405 0.6352 -0.0258 0.7717 0.0211
0.7549 0.0331 -0.6548 -0.0122 -0.1036 -0.6365 0.3444 -0.6823 0.7647 0.0923 -0.6337 0.0716 0.6699 0.3667 -0.6442 -0.043 0.6345 -0.1412 -0.7532 0.1005 0.7295 0.2111 -0.6464 0.0739 0.9229 0.0934 0.3729 -0.0255 0.7407 0.321 -0.5751 0.1329 0.6823 -0.2921 -0.669 -0.0405 0.6352 -0.0258 0.7717 0.0211
0.7549 0.0331 -0.6548 -0.0122 -0.1036 -0.6365 0.3444 -0.6823 0.7647 0.0923 -0.6337 0.0716 0.7202 0.3456 -0.5861 0.1354 0.6345 -0.1412 -0.7532 0.1005 0.7295 0.2111 -0.6464 0.0739 0.9229 0.0934 0.3729 -0.0255 0.7407 0.321 -0.5751 0.1329 0.6823 -0.2921 -0.669 -0.0405 0.6352 -0.0258 0.7717 0.0211
0.7549 0.0331 -0.6548 -0.0122 -0.1036 -0.6365 0.3444 -0.6823 0.7647 0.0923 -0.6337 0.0716 0.7202 0.3456 -0.5861 0.1354 0.6345 -0.1412 -0.7532 0.1005 0.7295 0.2111 -0.6464 0.0739 0.9229 0.0934 0.3729 -0.0255 0.7407 0.321 -0.5751 0.1329 0.7557 -0.4005 -0.4594 0.2396 0.6352 -0.0258 0.7717 0.0211
0.7549 0.0331 -0.6548 -0.0122 -0.1036 -0.6365 0.3444 -0.6823 0.7647 0.0923 -0.6337 0.0716 0.7202 0.3456 -0.5861 0.1354 0.6345 -0.1412 -0.7532 0.1005 0.7295 0.2111 -0.6464 0.0739 0.8951 0.093 0.4351 -0.0285 0.7407 0.321 -0.5751 0.1329 0.7557 -0.4005 -0.4594 0.2396 0.6352 -0.0258 0.7717 0.0211
0.7549 0.0331 -0.6548 -0.0122 -0.1036 -0.6365 0.3444 -0.6823 0.7647 0.0923 -0.6337 0.0716 0.7202 0.3456 -0.5861 0.1354 0.6281 -0.0571 -0.7748 0.0425 0.7295 0.2111 -0.6464 0.0739 0.8951 0.093 0.4351 -0.0285 0.7407 0.321 -0.5751 0.1329 0.7557 -0.4005 -0.4594 0.2396 0.6352 -0.0258 0.7717 0.0211
0.7549 0.0331 -0.6548 -0.0122 -0.1036 -0.6365 0.3444 -0.6823 0.7647 0.0923 -0.6337 0.0716 0.7202 0.3456 -0.5861 0.1354 0.6281 -0.0571 -0.7748 0.0425 0.7295 0.2111 -0.6464 0.0739 0.8951 0.093 0.4351 -0.0285 0.7407 0.321 -0.5751 0.1329 0.7557 -0.4005 -0.4594 0.2396 0.6352 -0.0258 0.7717 0.0211
0.7801 0.0029 -0.6241 0.0436 -0.1036 -0.6365 0.3444 -0.6823 0.7647 0.0923 -0.6337 0.0716 0.7202 0.3456 -0.5861 0.1354 0.6281 -0.0571 -0.7748 0.0425 0.7295 0.2111 -0.6464 0.0739 0.8951 0.093 0.4351 -0.0285 0.7883 0.3972 -0.4681 -0.0414 0.7557 -0.4005 -0.4594 0.2396 0.6352 -0.0258 0.7717 0.0211
0.7801 0.0029 -0.6241 0.0436 -0.1036 -0.6365 0.3444 -0.6823 0.7647 0.0923 -0.6337 0.0716 0.7202 0.3456 -0.5861 0.1354 0.6281 -0.0571 -0.7748 0.0425 0.7409 0.2164 -0.634 0.0482 0.8951 0.093 0.4351 -0.0285 0.7883 0.3972 -0.4681 -0.0414 0.7557 -0.4005 -0.4594 0.2396 0.6352 -0.0258 0.7717 0.0211
0.7801 0.0029 -0.6241 0.0436 -0.1036 -0.6365 0.3444 -0.6823 0.7647 0.0923 -0.6337 0.0716 0.7473 0.3199 -0.5079 0.285 0.6281 -0.0571 -0.7748 0.0425 0.7409 0.2164 -0.634 0.0482 0.8951 0.093 0.4351 -0.0285 0.7883 0.3972 -0.4681 -0.0414 0.7557 -0.4005 -0.4594 0.2396 0.6352 -0.0258 0.7717 0.0211
0.7801 0.0029 -0.6241 0.0436 -0.1036 -0.6365 0.3444 -0.6823 0.7647 0.0923 -0.6337 0.0716 0.7473 0.3199 -0.5079 0.285 0.6281 -0.0571 -0.7748 0.0425 0.7409 0.2164 -0.634 0.0482 0.8951 0.093 0.4351 -0.0285 0.7883 0.3972 -0.4681 -0.0414 0.7557 -0.4005 -0.4594 0.2396 0.6352 -0.0258 0.7717 0.0211
0.7801 0.0029 -0.6241 0.0436 -0.1036 -0.6365 0.3444 -0.6823 0.7647 0.0923 -0.6337 0.0716 0.7473 0.3199 -0.5079 0.285 0.6281 -0.0571 -0.7748 0.0425 0.7409 0.2164 -0.634 0.0482 0.8652 0.0823 0.4933 -0.0353 0.7883 0.3972 -0.4681 -0.0414 0.7557 -0.4005 -0.4594 0.2396 0.6352 -0.0258 0.7717 0.0211
0.7801 0.0029 -0.6241 0.0436 -0.1036 -0.6365 0.3444 -0.6823 0.7647 0.0923 -0.6337 0.0716 0.7473 0.3199 -0.5079 0.285 0.6208 -0.0242 -0.7824 -0.0432 0.7409 0.2164 -0.634 0.0482 0.8652 0.0823 0.4933 -0.0353 0.7883 0.3972 -0.4681 -0.0414 0.7557 -0.4005 -0.4594 0.2396 0.6352 -0.0258 0.7717 0.0211
0.7801 0.0029 -0.6241 0.0436 -0.1036 -0.6365 0.3444 -0.6823 0.7647 0.0923 -0.6337 0.0716 0.7473 0.3199 -0.5079 0.285 0.6208 -0.0242 -0.7824 -0.0432 0.7409 0.2164 -0.634 0.0482 0.8652 0.0823 0.4933 -0.0353 0.7883 0.3972 -0.4681 -0.0414 0.7557 -0.4005 -0.4594 0.2396 0.6352 -0.0258 0.7717 0.0211
0.7801 0.0029 -0.6241 0.0436 -0.1036 -0.6365 0.3444 -0.6823 0.7647 0.0923 -0.6337 0.0716 0.7473 0.3199 -0.5079 0.285 0.6208 -0.0242 -0.7824 -0.0432 0.7409 0.2164 -0.634 0.0482 0.8652 0.0823 0.4933 -0.0353 0.7883 0.3972 -0.4681 -0.0414 0.7557 -0.4005 -0.4594 0.2396 0.6352 -0.0258 0.7717 0.0211
0.7801 0.0029 -0.6241 0.0436 -0.1036 -0.6365 0.3444 -0.6823 0.7684 0.0859 -0.5958 0.2172 0.7473 0.3199 -0.5079 0.285 0.6208 -0.0242 -0.7824 -0.0432 0.7578 0.2463 -0.6042 0.0076 0.8652 0.0823 0.4933 -0.0353 0.7883 0.3972 -0.4681 -0.0414 0.7557 -0.4005 -0.4594 0.2396 0.9697 0.069 0.233 -0.0229
0.7801 0.0029 -0.6241 0.0436 -0.1036 -0.6365 0.3444 -0.6823 0.7684 0.0859 -0.5958 0.2172 0.7753 0.2674 -0.4627 0.3367 0.6208 -0.0242 -0.7824 -0.0432 0.7578 0.2463 -0.6042 0.0076 0.8652 0.0823 0.4933 -0.0353 0.7883 0.3972 -0.4681 -0.0414 0.7557 -0.4005 -0.4594 0.2396 0.9697 0.069 0.233 -0.0229
0.7801 0.0029 -0.6241 0.0436 -0.1036 -0.6365 0.3444 -0.6823 0.7684 0.0859 -0.5958 0.2172 0.7753 0.2674 -0.4627 0.3367 0.6208 -0.0242 -0.7824 -0.0432 0.7578 0.2463 -0.6042 0.0076 0.8652 0.0823 0.4933 -0.0353 0.7883 0.3972 -0.4681 -0.0414 0.7557 -0.4005 -0.4594 0.2396 0.9697 0.069 0.233 -0.0229
0.7801 0.0029 -0.6241 0.0436 -0.1036 -0.6365 0.3444 -0.6823 0.7684 0.0859 -0.5958 0.2172 0.7753 0.2674 -0.4627 0.3367 0.6208 -0.0242 -0.7824 -0.0432 0.7578 0.2463 -0.6042 0.0076 0.8293 0.0638 0.5533 -0.0453 0.7883 0.3972 -0.4681 -0.0414 0.7557 -0.4005 -0.4594 0.2396 0.9697 0.069 0.233 -0.0229
0.7801 0.0029 -0.6241 0.0436 -0.1036 -0.6365 0.3444 -0.6823 0.7684 0.0859 -0.5958 0.2172 0.7753 0.2674 -0.4627 0.3367 0.6295 -0.0287 -0.7623 -0.1477 0.7578 0.2463 -0.6042 0.0076 0.8293 0.0638 0.5533 -0.0453 0.7883 0.3972 -0.4681 -0.0414 0.7557 -0.4005 -0.4594 0.2396 0.9697 0.069 0.233 -0.0229
0.7855 -0.0489 -0.606 0.1161 -0.1036 -0.6365 0.3444 -0.6823 0.7684 0.0859 -0.5958 0.2172 0.7753 0.2674 -0.4627 0.3367 0.6295 -0.0287 -0.7623 -0.1477 0.7578 0.2463 -0.6042 0.0076 0.8293 0.0638 0.5533 -0.0453 0.7883 0.3972 -0.4681 -0.0414 0.7557 -0.4005 -0.4594 0.2396 0.9697 0.069 0.233 -0.0229
0.7855 -0.0489 -0.606 0.1161 -0.1036 -0.6365 0.3444 -0.6823 0.7635 0.1048 -0.5653 0.2942 0.7753 0.2674 -0.4627 0.3367 0.6295 -0.0287 -0.7623 -0.1477 0.7578 0.2463 -0.6042 0.0076 0.8293 0.0638 0.5533 -0.0453 0.7247 0.3052 -0.6177 -0.0054 0.7557 -0.4005 -0.4594 0.2396 0.9951 0.0038 0.0944 -0.0303
0.7855 -0.0489 -0.606 0.1161 -0.1036 -0.6365 0.3444 -0.6823 0.7635 0.1048 -0.5653 0.2942 0.7753 0.2674 -0.4627 0.3367 0.6295 -0.0287 -0.7623 -0.1477 0.7578 0.2463 -0.6042 0.0076 0.8293 0.0638 0.5533 -0.0453 0.7247 0.3052 -0.6177 -0.0054 0.7557 -0.4005 -0.4594 0.2396 0.9951 0.0038 0.0944 -0.0303
0.7855 -0.0489 -0.606 0.1161 -0.1036 -0.6365 0.3444 -0.6823 0.7635 0.1048 -0.5653 0.2942 0.77 0.2729 -0.4437 0.3684 0.6295 -0.0287 -0.7623 -0.1477 0.7863 0.2607 -0.5553 -0.073 0.8293 0.0638 0.5533 -0.0453 0.7247 0.3052 -0.6177 -0.0054 0.7557 -0.4005 -0.4594 0.2396 0.9951 0.0038 0.0944 -0.0303
0.7855 -0.0489 -0.606 0.1161 -0.1036 -0.6365 0.3444 -0.6823 0.7635 0.1048 -0.5653 0.2942 0.77 0.2729 -0.4437 0.3684 0.6295 -0.0287 -0.7623 -0.1477 0.7863 0.2607 -0.5553 -0.073 0.8293 0.0638 0.5533 -0.0453 0.7247 0.3052 -0.6177 -0.0054 0.7557 -0.4005 -0.4594 0.2396 0.9951 0.0038 0.0944 -0.0303
0.7855 -0.0489 -0.606 0.1161 -0.1036 -0.6365 0.3444 -0.6823 0.7635 0.1048 -0.5653 0.2942 0.77 0.2729 -0.4437 0.3684 0.6295 -0.0287 -0.7623 -0.1477 0.7863 0.2607 -0.5553 -0.073 0.7131 0.0671 0.6937 -0.0764 0.7247 0.3052 -0.6177 -0.0054 0.7557 -0.4005 -0.4594 0.2396 0.9951 0.0038 0.0944 -0.0303
0.7855 -0.0489 -0.606 0.1161 -0.1036 -0.6365 0.3444 -0.6823 0.7635 0.1048 -0.5653 0.2942 0.77 0.2729 -0.4437 0.3684 0.6526 -0.0428 -0.7151 -0.2466 0.7863 0.2607 -0.5553 -0.073 0.7131 0.0671 0.6937 -0.0764 0.7247 0.3052 -0.6177 -0.0054 0.7557 -0.4005 -0.4594 0.2396 0.9951 0.0038 0.0944 -0.0303
0.7935 -0.0609 -0.6014 0.0705 -0.1036 -0.6365 0.3444 -0.6823 0.7635 0.1048 -0.5653 0.2942 0.77 0.2729 -0.4437 0.3684 0.6526 -0.0428 -0.7151 -0.2466 0.7863 0.2607 -0.5553 -0.073 0.7131 0.0671 0.6937 -0.0764 0.7247 0.3052 -0.6177 -0.0054 0.7557 -0.4005 -0.4594 0.2396 0.9951 0.0038 0.0944 -0.0303
0.7935 -0.0609 -0.6014 0.0705 -0.1036 -0.6365 0.3444 -0.6823 0.7652 0.0593 -0.5977 0.2319 0.77 0.2729 -0.4437 0.3684 0.6526 -0.0428 -0.7151 -0.2466 0.7863 0.2607 -0.5553 -0.073 0.7131 0.0671 0.6937 -0.0764 0.7271 0.2307 -0.6458 -0.0315 0.7557 -0.4005 -0.4594 0.2396 0.9951 0.0038 0.0944 -0.0303
0.7935 -0.0609 -0.6014 0.0705 -0.1036 -0.6365 0.3444 -0.6823 0.7652 0.0593 -0.5977 0.2319 0.77 0.2729 -0.4437 0.3684 0.6526 -0.0428 -0.7151 -0.2466 0.8265 0.2628 -0.4304 -0.2502 0.7131 0.0671 0.6937 -0.0764 0.7271 0.2307 -0.6458 -0.0315 0.7557 -0.4005 -0.4594 0.2396 0.9496 0.0131 0.3102 -0.0431
0.7935 -0.0609 -0.6014 0.0705 -0.1036 -0.6365 0.3444 -0.6823 0.7652 0.0593 -0.5977 0.2319 0.7819 0.2334 -0.4581 0.3525 0.6526 -0.0428 -0.7151 -0.2466 0.8265 0.2628 -0.4304 -0.2502 0.7131 0.0671 0.6937 -0.0764 0.7271 0.2307 -0.6458 -0.0315 0.7557 -0.4005 -0.4594 0.2396 0.9496 0.0131 0.3102 -0.0431
0.7935 -0.0609 -0.6014 0.0705 0.1337 -0.7365 0.3353 -0.5721 0.7652 0.0593 -0.5977 0.2319 0.7819 0.2334 -0.4581 0.3525 0.6526 -0.0428 -0.7151 -0.2466 0.8265 0.2628 -0.4304 -0.2502 0.7131 0.0671 0.6937 -0.0764 0.7271 0.2307 -0.6458 -0.0315 0.7557 -0.4005 -0.4594 0.2396 0.9496 0.0131 0.3102 -0.0431
0.7935 -0.0609 -0.6014 0.0705 0.1337 -0.7365 0.3353 -0.5721 0.7652 0.0593 -0.5977 0.2319 0.7819 0.2334 -0.4581 0.3525 0.6526 -0.0428 -0.7151 -0.2466 0.8265 0.2628 -0.4304 -0.2502 0.3573 0.1371 0.8849 -0.2653 0.7271 0.2307 -0.6458 -0.0315 0.6376 -0.2472 -0.694 -0.2251 0.9496 0.0131 0.3102 -0.0431
0.7935 -0.0609 -0.6014 0.0705 0.1337 -0.7365 0.3353 -0.5721 0.7652 0.0593 -0.5977 0.2319 0.7819 0.2334 -0.4581 0.3525 0.7047 -0.1509 -0.6847 -0.1088 0.8265 0.2628 -0.4304 -0.2502 0.3573 0.1371 0.8849 -0.2653 0.7271 0.2307 -0.6458 -0.0315 0.6376 -0.2472 -0.694 -0.2251 0.9496 0.0131 0.3102 -0.0431
0.7935 -0.0609 -0.6014 0.0705 0.1337 -0.7365 0.3353 -0.5721 0.7652 0.0593 -0.5977 0.2319 0.7819 0.2334 -0.4581 0.3525 0.7047 -0.1509 -0.6847 -0.1088 0.8265 0.2628 -0.4304 -0.2502 0.3573 0.1371 0.8849 -0.2653 0.7271 0.2307 -0.6458 -0.0315 0.6376 -0.2472 -0.694 -0.2251 0.9496 0.0131 0.3102 -0.0431
0.7927 -0.0537 -0.6069 -0.0205 0.1337 -0.7365 0.3353 -0.5721 0.7771 0.0521 -0.624 0.063 0.7819 0.2334 -0.4581 0.3525 0.7047 -0.1509 -0.6847 -0.1088 0.8265 0.2628 -0.4304 -0.2502 0.3573 0.1371 0.8849 -0.2653 0.6918 0.2427 -0.6794 0.03 0.6376 -0.2472 -0.694 -0.2251 0.9496 0.0131 0.3102 -0.0431
0.7927 -0.0537 -0.6069 -0.0205 0.1337 -0.7365 0.3353 -0.5721 0.7771 0.0521 -0.624 0.063 0.7819 0.2334 -0.4581 0.3525 0.7047 -0.1509 -0.6847 -0.1088 0.815 0.3858 -0.3116 -0.2997 0.3573 0.1371 0.8849 -0.2653 0.6918 0.2427 -0.6794 0.03 0.6376 -0.2472 -0.694 -0.2251 0.9363 0.0167 0.3484 -0.0411
0.7927 -0.0537 -0.6069 -0.0205 0.1337 -0.7365 0.3353 -0.5721 0.7771 0.0521 -0.624 0.063 0.7421 0.3348 -0.5676 0.1228 0.7047 -0.1509 -0.6847 -0.1088 0.815 0.3858 -0.3116 -0.2997 0.3573 0.1371 0.8849 -0.2653 0.6918 0.2427 -0.6794 0.03 0.6376 -0.2472 -0.694 -0.2251 0.9363 0.0167 0.3484 -0.0411
0.7927 -0.0537 -0.6069 -0.0205 0.1337 -0.7365 0.3353 -0.5721 0.7771 0.0521 -0.624 0.063 0.7421 0.3348 -0.5676 0.1228 0.7047 -0.1509 -0.6847 -0.1088 0.815 0.3858 -0.3116 -0.2997 0.3573 0.1371 0.8849 -0.2653 0.6918 0.2427 -0.6794 0.03 0.6376 -0.2472 -0.694 -0.2251 0.9363 0.0167 0.3484 -0.0411
0.7927 -0.0537 -0.6069 -0.0205 0.0289 -0.6829 0.3611 -0.6343 0.7771 0.0521 -0.624 0.063 0.7421 0.3348 -0.5676 0.1228 0.7047 -0.1509 -0.6847 -0.1088 0.815 0.3858 -0.3116 -0.2997 0.2505 0.0217 0.9572 -0.1436 0.6918 0.2427 -0.6794 0.03 0.6537 -0.272 -0.6866 -0.1653 0.9363 0.0167 0.3484 -0.0411
0.7927 -0.0537 -0.6069 -0.0205 0.0289 -0.6829 0.3611 -0.6343 0.7771 0.0521 -0.624 0.063 0.7421 0.3348 -0.5676 0.1228 0.7047 -0.1509 -0.6847 -0.1088 0.815 0.3858 -0.3116 -0.2997 0.2505 0.0217 0.9572 -0.1436 0.6918 0.2427 -0.6794 0.03 0.6537 -0.272 -0.6866 -0.1653 0.9363 0.0167 0.3484 -0.0411
0.7927 -0.0537 -0.6069 -0.0205 0.0289 -0.6829 0.3611 -0.6343 0.7771 0.0521 -0.624 0.063 0.7421 0.3348 -0.5676 0.1228 0.6774 -0.257 -0.6833 0.0898 0.815 0.3858 -0.3116 -0.2997 0.2505 0.0217 0.9572 -0.1436 0.6918 0.2427 -0.6794 0.03 0.6537 -0.272 -0.6866 -0.1653 0.9363 0.0167 0.3484 -0.0411
0.7653 -0.0731 -0.621 -0.1526 0.0289 -0.6829 0.3611 -0.6343 0.7814 0.0976 -0.6148 -0.0434 0.7421 0.3348 -0.5676 0.1228 0.6774 -0.257 -0.6833 0.0898 0.815 0.3858 -0.3116 -0.2997 0.2505 0.0217 0.9572 -0.1436 0.6393 0.1979 -0.7341 0.1154 0.6537 -0.272 -0.6866 -0.1653 0.9363 0.0167 0.3484 -0.0411
0.7653 -0.0731 -0.621 -0.1526 0.0289 -0.6829 0.3611 -0.6343 0.7814 0.0976 -0.6148 -0.0434 0.7421 0.3348 -0.5676 0.1228 0.6774 -0.257 -0.6833 0.0898 0.815 0.3858 -0.3116 -0.2997 0.2505 0.0217 0.9572 -0.1436 0.6393 0.1979 -0.7341 0.1154 0.6537 -0.272 -0.6866 -0.1653 0.9329 0.0182 0.3575 -0.0399
0.7653 -0.0731 -0.621 -0.1526 0.0289 -0.6829 0.3611 -0.6343 0.7814 0.0976 -0.6148 -0.0434 0.6029 0.4863 -0.6187 -0.1313 0.6774 -0.257 -0.6833 0.0898 0.7953 0.3923 -0.4321 -0.1637 0.2505 0.0217 0.9572 -0.1436 0.6393 0.1979 -0.7341 0.1154 0.6537 -0.272 -0.6866 -0.1653 0.9329 0.0182 0.3575 -0.0399
0.7653 -0.0731 -0.621 -0.1526 0.0289 -0.6829 0.3611 -0.6343 0.7814 0.0976 -0.6148 -0.0434 0.6029 0.4863 -0.6187 -0.1313 0.6774 -0.257 -0.6833 0.0898 0.7953 0.3923 -0.4321 -0.1637 0.2505 0.0217 0.9572 -0.1436 0.6393 0.1979 -0.7341 0.1154 0.6537 -0.272 -0.6866 -0.1653 0.9329 0.0182 0.3575 -0.0399
0.7653 -0.0731 -0.621 -0.1526 -0.0903 -0.6001 0.3842 -0.6958 0.7814 0.0976 -0.6148 -0.0434 0.6029 0.4863 -0.6187 -0.1313 0.6774 -0.257 -0.6833 0.0898 0.7953 0.3923 -0.4321 -0.1637 0.7319 0.0272 0.6725 -0.1068 0.6393 0.1979 -0.7341 0.1154 0.6546 -0.3067 -0.6738 -0.1533 0.9329 0.0182 0.3575 -0.0399
0.7653 -0.0731 -0.621 -0.1526 -0.0903 -0.6001 0.3842 -0.6958 0.7814 0.0976 -0.6148 -0.0434 0.6029 0.4863 -0.6187 -0.1313 0.6774 -0.257 -0.6833 0.0898 0.7953 0.3923 -0.4321 -0.1637 0.7319 0.0272 0.6725 -0.1068 0.6393 0.1979 -0.7341 0.1154 0.6546 -0.3067 -0.6738 -0.1533 0.9329 0.0182 0.3575 -0.0399
0.7653 -0.0731 -0.621 -0.1526 -0.0903 -0.6001 0.3842 -0.6958 0.7814 0.0976 -0.6148 -0.0434 0.6029 0.4863 -0.6187 -0.1313 0.6431 -0.3085 -0.6584 0.2403 0.7953 0.3923 -0.4321 -0.1637 0.7319 0.0272 0.6725 -0.1068 0.6393 0.1979 -0.7341 0.1154 0.6546 -0.3067 -0.6738 -0.1533 0.9329 0.0182 0.3575 -0.0399
0.7543 -0.0596 -0.6292 -0.1777 -0.0903 -0.6001 0.3842 -0.6958 0.7692 0.1357 -0.6171 -0.0958 0.6029 0.4863 -0.6187 -0.1313 0.6431 -0.3085 -0.6584 0.2403 0.7953 0.3923 -0.4321 -0.1637 0.7319 0.0272 0.6725 -0.1068 0.5959 0.1597 -0.7665 0.1785 0.6546 -0.3067 -0.6738 -0.1533 0.9329 0.0182 0.3575 -0.0399
0.7543 -0.0596 -0.6292 -0.1777 -0.0903 -0.6001 0.3842 -0.6958 0.7692 0.1357 -0.6171 -0.0958 0.6029 0.4863 -0.6187 -0.1313 0.6431 -0.3085 -0.6584 0.2403 0.7331 0.1249 -0.6604 0.1042 0.7319 0.0272 0.6725 -0.1068 0.5959 0.1597 -0.7665 0.1785 0.6546 -0.3067 -0.6738 -0.1533 0.9272 0.0262 0.3725 -0.0278
0.7543 -0.0596 -0.6292 -0.1777 -0.0903 -0.6001 0.3842 -0.6958 0.7692 0.1357 -0.6171 -0.0958 0.4941 0.5339 -0.6378 -0.2529 0.6431 -0.3085 -0.6584 0.2403 0.7331 0.1249 -0.6604 0.1042 0.7319 0.0272 0.6725 -0.1068 0.5959 0.1597 -0.7665 0.1785 0.6546 -0.3067 -0.6738 -0.1533 0.9272 0.0262 0.3725 -0.0278
0.7543 -0.0596 -0.6292 -0.1777 -0.0903 -0.6001 0.3842 -0.6958 0.7692 0.1357 -0.6171 -0.0958 0.4941 0.5339 -0.6378 -0.2529 0.6431 -0.3085 -0.6584 0.2403 0.7331 0.1249 -0.6604 0.1042 0.7319 0.0272 0.6725 -0.1068 0.5959 0.1597 -0.7665 0.1785 0.6546 -0.3067 -0.6738 -0.1533 0.9272 0.0262 0.3725 -0.0278
0.7543 -0.0596 -0.6292 -0.1777 -0.1794 -0.5343 0.3965 -0.7247 0.7692 0.1357 -0.6171 -0.0958 0.4941 0.5339 -0.6378 -0.2529 0.6431 -0.3085 -0.6584 0.2403 0.7331 0.1249 -0.6604 0.1042 0.9478 0.117 0.2922 0.052 0.5959 0.1597 -0.7665 0.1785 0.6525 -0.3484 -0.6631 -0.1144 0.9272 0.0262 0.3725 -0.0278
0.7543 -0.0596 -0.6292 -0.1777 -0.1794 -0.5343 0.3965 -0.7247 0.7692 0.1357 -0.6171 -0.0958 0.4941 0.5339 -0.6378 -0.2529 0.6431 -0.3085 -0.6584 0.2403 0.7331 0.1249 -0.6604 0.1042 0.9478 0.117 0.2922 0.052 0.5959 0.1597 -0.7665 0.1785 0.6525 -0.3484 -0.6631 -0.1144 0.9272 0.0262 0.3725 -0.0278
0.7543 -0.0596 -0.6292 -0.1777 -0.1794 -0.5343 0.3965 -0.7247 0.7692 0.1357 -0.6171 -0.0958 0.4941 0.5339 -0.6378 -0.2529 0.6407 -0.2463 -0.7003 0.196 0.7331 0.1249 -0.6604 0.1042 0.9478 0.117 0.2922 0.052 0.5959 0.1597 -0.7665 0.1785 0.6525 -0.3484 -0.6631 -0.1144 0.9272 0.0262 0.3725 -0.0278
0.7396 -0.0671 -0.6409 -0.1942 -0.1794 -0.5343 0.3965 -0.7247 0.7595 0.0742 -0.6319 -0.1352 0.4941 0.5339 -0.6378 -0.2529 0.6407 -0.2463 -0.7003 0.196 0.7331 0.1249 -0.6604 0.1042 0.9478 0.117 0.2922 0.052 0.5476 0.1604 -0.7704 0.2843 0.6525 -0.3484 -0.6631 -0.1144 0.9272 0.0262 0.3725 -0.0278
0.7396 -0.0671 -0.6409 -0.1942 -0.1794 -0.5343 0.3965 -0.7247 0.7595 0.0742 -0.6319 -0.1352 0.4941 0.5339 -0.6378 -0.2529 0.6407 -0.2463 -0.7003 0.196 0.7331 0.1249 -0.6604 0.1042 0.9478 0.117 0.2922 0.052 0.5476 0.1604 -0.7704 0.2843 0.6525 -0.3484 -0.6631 -0.1144 0.8953 0.0406 0.4432 -0.018
0.7396 -0.0671 -0.6409 -0.1942 -0.1794 -0.5343 0.3965 -0.7247 0.7595 0.0742 -0.6319 -0.1352 0.4974 0.4742 -0.6743 -0.2704 0.6407 -0.2463 -0.7003 0.196 0.6291 0.0079 -0.7407 0.2358 0.9478 0.117 0.2922 0.052 0.5476 0.1604 -0.7704 0.2843 0.6525 -0.3484 -0.6631 -0.1144 0.8953 0.0406 0.4432 -0.018
0.7396 -0.0671 -0.6409 -0.1942 -0.1794 -0.5343 0.3965 -0.7247 0.7595 0.0742 -0.6319 -0.1352 0.4974 0.4742 -0.6743 -0.2704 0.6407 -0.2463 -0.7003 0.196 0.6291 0.0079 -0.7407 0.2358 0.9478 0.117 0.2922 0.052 0.5476 0.1604 -0.7704 0.2843 0.6661 -0.4067 -0.6252 -0.0062 0.8953 0.0406 0.4432 -0.018
0.7396 -0.0671 -0.6409 -0.1942 -0.1794 -0.5343 0.3965 -0.7247 0.7595 0.0742 -0.6319 -0.1352 0.4974 0.4742 -0.6743 -0.2704 0.6407 -0.2463 -0.7003 0.196 0.6291 0.0079 -0.7407 0.2358 0.9583 0.1241 0.2493 0.0653 0.5476 0.1604 -0.7704 0.2843 0.6661 -0.4067 -0.6252 -0.0062 0.8953 0.0406 0.4432 -0.018
0.7396 -0.0671 -0.6409 -0.1942 -0.1794 -0.5343 0.3965 -0.7247 0.7595 0.0742 -0.6319 -0.1352 0.4974 0.4742 -0.6743 -0.2704 0.6407 -0.2463 -0.7003 0.196 0.6291 0.0079 -0.7407 0.2358 0.9583 0.1241 0.2493 0.0653 0.5476 0.1604 -0.7704 0.2843 0.6661 -0.4067 -0.6252 -0.0062 0.8953 0.0406 0.4432 -0.018
0.7396 -0.0671 -0.6409 -0.1942 -0.1794 -0.5343 0.3965 -0.7247 0.7595 0.0742 -0.6319 -0.1352 0.4974 0.4742 -0.6743 -0.2704 0.63 -0.2435 -0.721 0.1547 0.6291 0.0079 -0.7407 0.2358 0.9583 0.1241 0.2493 0.0653 0.5476 0.1604 -0.7704 0.2843 0.6661 -0.4067 -0.6252 -0.0062 0.8953 0.0406 0.4432 -0.018
0.7272 -0.1169 -0.6456 -0.2016 -0.1794 -0.5343 0.3965 -0.7247 0.7609 0.081 -0.6417 -0.0518 0.4974 0.4742 -0.6743 -0.2704 0.63 -0.2435 -0.721 0.1547 0.6291 0.0079 -0.7407 0.2358 0.9583 0.1241 0.2493 0.0653 0.5865 0.1552 -0.745 0.2773 0.6661 -0.4067 -0.6252 -0.0062 0.8953 0.0406 0.4432 -0.018
0.7272 -0.1169 -0.6456 -0.2016 -0.1794 -0.5343 0.3965 -0.7247 0.7609 0.081 -0.6417 -0.0518 0.4974 0.4742 -0.6743 -0.2704 0.63 -0.2435 -0.721 0.1547 0.6785 0.1466 -0.6879 0.212 0.9583 0.1241 0.2493 0.0653 0.5865 0.1552 -0.745 0.2773 0.6661 -0.4067 -0.6252 -0.0062 0.6841 -0.0347 0.7222 -0.096
0.7272 -0.1169 -0.6456 -0.2016 -0.1794 -0.5343 0.3965 -0.7247 0.7609 0.081 -0.6417 -0.0518 0.6346 0.3245 -0.692 -0.1149 0.63 -0.2435 -0.721 0.1547 0.6785 0.1466 -0.6879 0.212 0.9583 0.1241 0.2493 0.0653 0.5865 0.1552 -0.745 0.2773 0.6661 -0.4067 -0.6252 -0.0062 0.6841 -0.0347 0.7222 -0.096
0.7272 -0.1169 -0.6456 -0.2016 -0.1715 -0.6058 0.4214 -0.6527 0.7609 0.081 -0.6417 -0.0518 0.6346 0.3245 -0.692 -0.1149 0.63 -0.2435 -0.721 0.1547 0.6785 0.1466 -0.6879 0.212 0.9583 0.1241 0.2493 0.0653 0.5865 0.1552 -0.745 0.2773 0.6661 -0.4067 -0.6252 -0.0062 0.6841 -0.0347 0.7222 -0.096
0.7272 -0.1169 -0.6456 -0.2016 -0.1715 -0.6058 0.4214 -0.6527 0.7609 0.081 -0.6417 -0.0518 0.6346 0.3245 -0.692 -0.1149 0.63 -0.2435 -0.721 0.1547 0.6785 0.1466 -0.6879 0.212 0.9339 0.077 0.3484 0.0228 0.5865 0.1552 -0.745 0.2773 0.6661 -0.4067 -0.6252 -0.0062 0.6841 -0.0347 0.7222 -0.096
0.7272 -0.1169 -0.6456 -0.2016 -0.1715 -0.6058 0.4214 -0.6527 0.7609 0.081 -0.6417 -0.0518 0.6346 0.3245 -0.692 -0.1149 0.6313 -0.17 -0.7435 0.1407 0.6785 0.1466 -0.6879 0.212 0.9339 0.077 0.3484 0.0228 0.5865 0.1552 -0.745 0.2773 0.6661 -0.4067 -0.6252 -0.0062 0.6841 -0.0347 0.7222 -0.096
0.7374 -0.0647 -0.668 -0.0764 -0.1715 -0.6058 0.4214 -0.6527 0.7609 0.081 -0.6417 -0.0518 0.6346 0.3245 -0.692 -0.1149 0.6313 -0.17 -0.7435 0.1407 0.6785 0.1466 -0.6879 0.212 0.9339 0.077 0.3484 0.0228 0.5865 0.1552 -0.745 0.2773 0.6661 -0.4067 -0.6252 -0.0062 0.6841 -0.0347 0.7222 -0.096
0.7374 -0.0647 -0.668 -0.0764 -0.1715 -0.6058 0.4214 -0.6527 0.7594 0.027 -0.6481 -0.0516 0.6346 0.3245 -0.692 -0.1149 0.6313 -0.17 -0.7435 0.1407 0.6785 0.1466 -0.6879 0.212 0.9339 0.077 0.3484 0.0228 0.5865 0.1552 -0.745 0.2773 0.6661 -0.4067 -0.6252 -0.0062 0.6841 -0.0347 0.7222 -0.096
0.7374 -0.0647 -0.668 -0.0764 -0.1715 -0.6058 0.4214 -0.6527 0.7594 0.027 -0.6481 -0.0516 0.6346 0.3245 -0.692 -0.1149 0.6313 -0.17 -0.7435 0.1407 0.6785 0.1466 -0.6879 0.212 0.9339 0.077 0.3484 0.0228 0.5865 0.1552 -0.745 0.2773 0.6661 -0.4067 -0.6252 -0.0062 0.5321 -0.0839 0.8395 -0.0707
0.7374 -0.0647 -0.668 -0.0764 -0.1715 -0.6058 0.4214 -0.6527 0.7594 0.027 -0.6481 -0.0516 0.748 0.2674 -0.6008 0.09 0.6313 -0.17 -0.7435 0.1407 0.6785 0.1466 -0.6879 0.212 0.9339 0.077 0.3484 0.0228 0.5865 0.1552 -0.745 0.2773 0.6661 -0.4067 -0.6252 -0.0062 0.5321 -0.0839 0.8395 -0.0707
0.7374 -0.0647 -0.668 -0.0764 0.0139 -0.7023 0.3245 -0.6335 0.7594 0.027 -0.6481 -0.0516 0.748 0.2674 -0.6008 0.09 0.6313 -0.17 -0.7435 0.1407 0.6785 0.1466 -0.6879 0.212 0.9339 0.077 0.3484 0.0228 0.5865 0.1552 -0.745 0.2773 0.6661 -0.4067 -0.6252 -0.0062 0.5321 -0.0839 0.8395 -0.0707
0.7374 -0.0647 -0.668 -0.0764 0.0139 -0.7023 0.3245 -0.6335 0.7594 0.027 -0.6481 -0.0516 0.748 0.2674 -0.6008 0.09 0.6313 -0.17 -0.7435 0.1407 0.6785 0.1466 -0.6879 0.212 0.933 0.0701 0.3525 0.0145 0.5865 0.1552 -0.745 0.2773 0.6661 -0.4067 -0.6252 -0.0062 0.5321 -0.0839 0.8395 -0.0707
0.7374 -0.0647 -0.668 -0.0764 0.0139 -0.7023 0.3245 -0.6335 0.7594 0.027 -0.6481 -0.0516 0.748 0.2674 -0.6008 0.09 0.6313 -0.17 -0.7435 0.1407 0.6785 0.1466 -0.6879 0.212 0.933 0.0701 0.3525 0.0145 0.5865 0.1552 -0.745 0.2773 0.6661 -0.4067 -0.6252 -0.0062 0.5321 -0.0839 0.8395 -0.0707
0.7374 -0.0647 -0.668 -0.0764 0.0139 -0.7023 0.3245 -0.6335 0.7594 0.027 -0.6481 -0.0516 0.748 0.2674 -0.6008 0.09 0.6331 -0.0884 -0.7632 0.0942 0.6785 0.1466 -0.6879 0.212 0.933 0.0701 0.3525 0.0145 0.5865 0.1552 -0.745 0.2773 0.6661 -0.4067 -0.6252 -0.0062 0.5321 -0.0839 0.8395 -0.0707
0.7647 -0.0049 -0.6439 0.0247 0.0139 -0.7023 0.3245 -0.6335 0.7634 0.1115 -0.6235 0.1272 0.748 0.2674 -0.6008 0.09 0.6331 -0.0884 -0.7632 0.0942 0.6785 0.1466 -0.6879 0.212 0.933 0.0701 0.3525 0.0145 0.7787 0.3849 -0.4951 -0.0155 0.6661 -0.4067 -0.6252 -0.0062 0.5321 -0.0839 0.8395 -0.0707
0.7647 -0.0049 -0.6439 0.0247 0.0139 -0.7023 0.3245 -0.6335 0.7634 0.1115 -0.6235 0.1272 0.748 0.2674 -0.6008 0.09 0.6331 -0.0884 -0.7632 0.0942 0.6785 0.1466 -0.6879 0.212 0.933 0.0701 0.3525 0.0145 0.7787 0.3849 -0.4951 -0.0155 0.6661 -0.4067 -0.6252 -0.0062 0.7032 0.024 0.7102 0.0246
0.7647 -0.0049 -0.6439 0.0247 0.0139 -0.7023 0.3245 -0.6335 0.7634 0.1115 -0.6235 0.1272 0.7391 0.3525 -0.5281 0.2249 0.6331 -0.0884 -0.7632 0.0942 0.7156 0.2185 -0.6492 0.1368 0.933 0.0701 0.3525 0.0145 0.7787 0.3849 -0.4951 -0.0155 0.6661 -0.4067 -0.6252 -0.0062 0.7032 0.024 0.7102 0.0246
0.7647 -0.0049 -0.6439 0.0247 0.1166 -0.7435 0.321 -0.5749 0.7634 0.1115 -0.6235 0.1272 0.7391 0.3525 -0.5281 0.2249 0.6331 -0.0884 -0.7632 0.0942 0.7156 0.2185 -0.6492 0.1368 0.933 0.0701 0.3525 0.0145 0.7787 0.3849 -0.4951 -0.0155 0.6661 -0.4067 -0.6252 -0.0062 0.7032 0.024 0.7102 0.0246
0.7647 -0.0049 -0.6439 0.0247 0.1166 -0.7435 0.321 -0.5749 0.7634 0.1115 -0.6235 0.1272 0.7391 0.3525 -0.5281 0.2249 0.6331 -0.0884 -0.7632 0.0942 0.7156 0.2185 -0.6492 0.1368 0.924 0.0654 0.3766 -0.0034 0.7787 0.3849 -0.4951 -0.0155 0.6661 -0.4067 -0.6252 -0.0062 0.7032 0.024 0.7102 0.0246
0.7647 -0.0049 -0.6439 0.0247 0.1166 -0.7435 0.321 -0.5749 0.7634 0.1115 -0.6235 0.1272 0.7391 0.3525 -0.5281 0.2249 0.6331 -0.0884 -0.7632 0.0942 0.7156 0.2185 -0.6492 0.1368 0.924 0.0654 0.3766 -0.0034 0.7787 0.3849 -0.4951 -0.0155 0.6661 -0.4067 -0.6252 -0.0062 0.7032 0.024 0.7102 0.0246
0.7647 -0.0049 -0.6439 0.0247 0.1166 -0.7435 0.321 -0.5749 0.7634 0.1115 -0.6235 0.1272 0.7391 0.3525 -0.5281 0.2249 0.6242 -0.026 -0.7805 0.0231 0.7156 0.2185 -0.6492 0.1368 0.924 0.0654 0.3766 -0.0034 0.7787 0.3849 -0.4951 -0.0155 0.6661 -0.4067 -0.6252 -0.0062 0.7032 0.024 0.7102 0.0246
0.7647 -0.0049 -0.6439 0.0247 0.1166 -0.7435 0.321 -0.5749 0.7634 0.1115 -0.6235 0.1272 0.7391 0.3525 -0.5281 0.2249 0.6242 -0.026 -0.7805 0.0231 0.7156 0.2185 -0.6492 0.1368 0.924 0.0654 0.3766 -0.0034 0.7821 0.4388 -0.4281 -0.1119 0.6661 -0.4067 -0.6252 -0.0062 0.7032 0.024 0.7102 0.0246
0.7647 -0.0049 -0.6439 0.0247 0.1166 -0.7435 0.321 -0.5749 0.7634 0.1115 -0.6235 0.1272 0.7391 0.3525 -0.5281 0.2249 0.6242 -0.026 -0.7805 0.0231 0.7156 0.2185 -0.6492 0.1368 0.924 0.0654 0.3766 -0.0034 0.7821 0.4388 -0.4281 -0.1119 0.6661 -0.4067 -0.6252 -0.0062 0.7032 0.024 0.7102 0.0246
0.7647 -0.0049 -0.6439 0.0247 0.1166 -0.7435 0.321 -0.5749 0.7634 0.1115 -0.6235 0.1272 0.7675 0.3167 -0.492 0.2619 0.6242 -0.026 -0.7805 0.0231 0.7156 0.2185 -0.6492 0.1368 0.924 0.0654 0.3766 -0.0034 0.7821 0.4388 -0.4281 -0.1119 0.6661 -0.4067 -0.6252 -0.0062 0.7032 0.024 0.7102 0.0246
0.7647 -0.0049 -0.6439 0.0247 0.1166 -0.7435 0.321 -0.5749 0.7634 0.1115 -0.6235 0.1272 0.7675 0.3167 -0.492 0.2619 0.6242 -0.026 -0.7805 0.0231 0.7156 0.2185 -0.6492 0.1368 0.924 0.0654 0.3766 -0.0034 0.7821 0.4388 -0.4281 -0.1119 0.6661 -0.4067 -0.6252 -0.0062 0.7032 0.024 0.7102 0.0246
0.7647 -0.0049 -0.6439 0.0247 0.1166 -0.7435 0.321 -0.5749 0.7634 0.1115 -0.6235 0.1272 0.7675 0.3167 -0.492 0.2619 0.6242 -0.026 -0.7805 0.0231 0.7156 0.2185 -0.6492 0.1368 0.8983 0.0566 0.4355 -0.0108 0.7821 0.4388 -0.4281 -0.1119 0.7087 -0.1462 -0.6777 -0.131 0.7032 0.024 0.7102 0.0246
0.7647 -0.0049 -0.6439 0.0247 0.1166 -0.7435 0.321 -0.5749 0.7634 0.1115 -0.6235 0.1272 0.7675 0.3167 -0.492 0.2619 0.6235 0.0022 -0.7799 -0.0551 0.7156 0.2185 -0.6492 0.1368 0.8983 0.0566 0.4355 -0.0108 0.7821 0.4388 -0.4281 -0.1119 0.7087 -0.1462 -0.6777 -0.131 0.7032 0.024 0.7102 0.0246
0.7647 -0.0049 -0.6439 0.0247 0.1166 -0.7435 0.321 -0.5749 0.7634 0.1115 -0.6235 0.1272 0.7675 0.3167 -0.492 0.2619 0.6235 0.0022 -0.7799 -0.0551 0.7156 0.2185 -0.6492 0.1368 0.8983 0.0566 0.4355 -0.0108 0.7821 0.4388 -0.4281 -0.1119 0.7087 -0.1462 -0.6777 -0.131 0.7032 0.024 0.7102 0.0246
0.7778 -0.0422 -0.6195 0.0974 0.1166 -0.7435 0.321 -0.5749 0.7634 0.1115 -0.6235 0.1272 0.7675 0.3167 -0.492 0.2619 0.6235 0.0022 -0.7799 -0.0551 0.7156 0.2185 -0.6492 0.1368 0.8983 0.0566 0.4355 -0.0108 0.7758 0.3491 -0.5215 -0.0657 0.7087 -0.1462 -0.6777 -0.131 0.7032 0.024 0.7102 0.0246
0.7778 -0.0422 -0.6195 0.0974 0.1166 -0.7435 0.321 -0.5749 0.7634 0.1115 -0.6235 0.1272 0.7675 0.3167 -0.492 0.2619 0.6235 0.0022 -0.7799 -0.0551 0.7156 0.2185 -0.6492 0.1368 0.8983 0.0566 0.4355 -0.0108 0.7758 0.3491 -0.5215 -0.0657 0.7087 -0.1462 -0.6777 -0.131 0.7032 0.024 0.7102 0.0246
0.7778 -0.0422 -0.6195 0.0974 0.1166 -0.7435 0.321 -0.5749 0.7634 0.1115 -0.6235 0.1272 0.7669 0.3081 -0.4681 0.3129 0.6235 0.0022 -0.7799 -0.0551 0.7156 0.2185 -0.6492 0.1368 0.8983 0.0566 0.4355 -0.0108 0.7758 0.3491 -0.5215 -0.0657 0.7087 -0.1462 -0.6777 -0.131 0.7032 0.024 0.7102 0.0246
0.7778 -0.0422 -0.6195 0.0974 0.1166 -0.7435 0.321 -0.5749 0.7634 0.1115 -0.6235 0.1272 0.7669 0.3081 -0.4681 0.3129 0.6235 0.0022 -0.7799 -0.0551 0.7156 0.2185 -0.6492 0.1368 0.8248 0.0265 0.5635 -0.0375 0.7758 0.3491 -0.5215 -0.0657 0.7087 -0.1462 -0.6777 -0.131 0.7032 0.024 0.7102 0.0246
0.7778 -0.0422 -0.6195 0.0974 0.1166 -0.7435 0.321 -0.5749 0.7634 0.1115 -0.6235 0.1272 0.7669 0.3081 -0.4681 0.3129 0.6235 0.0022 -0.7799 -0.0551 0.7156 0.2185 -0.6492 0.1368 0.8248 0.0265 0.5635 -0.0375 0.7758 0.3491 -0.5215 -0.0657 0.7087 -0.1462 -0.6777 -0.131 0.7032 0.024 0.7102 0.0246
0.7778 -0.0422 -0.6195 0.0974 0.1166 -0.7435 0.321 -0.5749 0.7634 0.1115 -0.6235 0.1272 0.7669 0.3081 -0.4681 0.3129 0.6338 0.0011 -0.7578 -0.155 0.7156 0.2185 -0.6492 0.1368 0.8248 0.0265 0.5635 -0.0375 0.7758 0.3491 -0.5215 -0.0657 0.7087 -0.1462 -0.6777 -0.131 0.7032 0.024 0.7102 0.0246
0.7778 -0.0422 -0.6195 0.0974 0.1166 -0.7435 0.321 -0.5749 0.7634 0.1115 -0.6235 0.1272 0.7669 0.3081 -0.4681 0.3129 0.6338 0.0011 -0.7578 -0.155 0.7156 0.2185 -0.6492 0.1368 0.8248 0.0265 0.5635 -0.0375 0.7758 0.3491 -0.5215 -0.0657 0.7087 -0.1462 -0.6777 -0.131 0.7032 0.024 0.7102 0.0246
0.7778 -0.0422 -0.6195 0.0974 0.1166 -0.7435 0.321 -0.5749 0.7634 0.1115 -0.6235 0.1272 0.7669 0.3081 -0.4681 0.3129 0.6338 0.0011 -0.7578 -0.155 0.7156 0.2185 -0.6492 0.1368 0.8248 0.0265 0.5635 -0.0375 0.7758 0.3491 -0.5215 -0.0657 0.7087 -0.1462 -0.6777 -0.131 0.7032 0.024 0.7102 0.0246
0.7778 -0.0422 -0.6195 0.0974 0.1166 -0.7435 0.321 -0.5749 0.7634 0.1115 -0.6235 0.1272 0.7669 0.3081 -0.4681 0.3129 0.6338 0.0011 -0.7578 -0.155 0.7156 0.2185 -0.6492 0.1368 0.8248 0.0265 0.5635 -0.0375 0.7758 0.3491 -0.5215 -0.0657 0.7087 -0.1462 -0.6777 -0.131 0.7032 0.024 0.7102 0.0246
0.7778 -0.0422 -0.6195 0.0974 0.1166 -0.7435 0.321 -0.5749 0.7634 0.1115 -0.6235 0.1272 0.7525 0.3022 -0.4638 0.3568 0.6338 0.0011 -0.7578 -0.155 0.7156 0.2185 -0.6492 0.1368 0.8248 0.0265 0.5635 -0.0375 0.7758 0.3491 -0.5215 -0.0657 0.7087 -0.1462 -0.6777 -0.131 0.7032 0.024 0.7102 0.0246
0.7778 -0.0422 -0.6195 0.0974 0.1727 -0.7695 0.3375 -0.514 0.7634 0.1115 -0.6235 0.1272 0.7525 0.3022 -0.4638 0.3568 0.6338 0.0011 -0.7578 -0.155 0.7156 0.2185 -0.6492 0.1368 0.8248 0.0265 0.5635 -0.0375 0.7758 0.3491 -0.5215 -0.0657 0.7087 -0.1462 -0.6777 -0.131 0.7032 0.024 0.7102 0.0246
0.7778 -0.0422 -0.6195 0.0974 0.1727 -0.7695 0.3375 -0.514 0.7634 0.1115 -0.6235 0.1272 0.7525 0.3022 -0.4638 0.3568 0.6338 0.0011 -0.7578 -0.155 0.7156 0.2185 -0.6492 0.1368 0.5714 0.0834 0.8082 -0.1161 0.7758 0.3491 -0.5215 -0.0657 0.6463 -0.2004 -0.6987 -0.232 0.7032 0.024 0.7102 0.0246
0.7778 -0.0422 -0.6195 0.0974 0.1727 -0.7695 0.3375 -0.514 0.7634 0.1115 -0.6235 0.1272 0.7525 0.3022 -0.4638 0.3568 0.6774 -0.0632 -0.7236 -0.1164 0.7156 0.2185 -0.6492 0.1368 0.5714 0.0834 0.8082 -0.1161 0.7758 0.3491 -0.5215 -0.0657 0.6463 -0.2004 -0.6987 -0.232 0.7032 0.024 0.7102 0.0246
0.7778 -0.0422 -0.6195 0.0974 0.1727 -0.7695 0.3375 -0.514 0.7634 0.1115 -0.6235 0.1272 0.7525 0.3022 -0.4638 0.3568 0.6774 -0.0632 -0.7236 -0.1164 0.7156 0.2185 -0.6492 0.1368 0.5714 0.0834 0.8082 -0.1161 0.7758 0.3491 -0.5215 -0.0657 0.6463 -0.2004 -0.6987 -0.232 0.7032 0.024 0.7102 0.0246
0.7778 -0.0422 -0.6195 0.0974 0.1727 -0.7695 0.3375 -0.514 0.7625 0.0598 -0.6328 0.1207 0.7525 0.3022 -0.4638 0.3568 0.6774 -0.0632 -0.7236 -0.1164 0.7156 0.2185 -0.6492 0.1368 0.5714 0.0834 0.8082 -0.1161 0.7758 0.3491 -0.5215 -0.0657 0.6463 -0.2004 -0.6987 -0.232 0.7032 0.024 0.7102 0.0246
0.7778 -0.0422 -0.6195 0.0974 0.1727 -0.7695 0.3375 -0.514 0.7625 0.0598 -0.6328 0.1207 0.7525 0.3022 -0.4638 0.3568 0.6774 -0.0632 -0.7236 -0.1164 0.7156 0.2185 -0.6492 0.1368 0.5714 0.0834 0.8082 -0.1161 0.7758 0.3491 -0.5215 -0.0657 0.6463 -0.2004 -0.6987 -0.232 0.7032 0.024 0.7102 0.0246
0.7778 -0.0422 -0.6195 0.0974 0.1727 -0.7695 0.3375 -0.514 0.7625 0.0598 -0.6328 0.1207 0.7505 0.2976 -0.5475 0.22 0.6774 -0.0632 -0.7236 -0.1164 0.7156 0.2185 -0.6492 0.1368 0.5714 0.0834 0.8082 -0.1161 0.7758 0.3491 -0.5215 -0.0657 0.6463 -0.2004 -0.6987 -0.232 0.7032 0.024 0.7102 0.0246
0.7778 -0.0422 -0.6195 0.0974 0.1727 -0.7695 0.3375 -0.514 0.7625 0.0598 -0.6328 0.1207 0.7505 0.2976 -0.5475 0.22 0.6774 -0.0632 -0.7236 -0.1164 0.7156 0.2185 -0.6492 0.1368 0.5714 0.0834 0.8082 -0.1161 0.7758 0.3491 -0.5215 -0.0657 0.6463 -0.2004 -0.6987 -0.232 0.7032 0.024 0.7102 0.0246
0.7778 -0.0422 -0.6195 0.0974 0.1099 -0.7378 0.3291 -0.579 0.7625 0.0598 -0.6328 0.1207 0.7505 0.2976 -0.5475 0.22 0.6774 -0.0632 -0.7236 -0.1164 0.7156 0.2185 -0.6492 0.1368 0.4288 0.0568 0.8869 -0.1624 0.7758 0.3491 -0.5215 -0.0657 0.6613 -0.2454 -0.6933 -0.1479 0.7032 0.024 0.7102 0.0246
0.7778 -0.0422 -0.6195 0.0974 0.1099 -0.7378 0.3291 -0.579 0.7625 0.0598 -0.6328 0.1207 0.7505 0.2976 -0.5475 0.22 0.6758 -0.2244 -0.7009 0.0414 0.7156 0.2185 -0.6492 0.1368 0.4288 0.0568 0.8869 -0.1624 0.7758 0.3491 -0.5215 -0.0657 0.6613 -0.2454 -0.6933 -0.1479 0.7032 0.024 0.7102 0.0246
0.7769 -0.056 -0.6246 -0.0564 0.1099 -0.7378 0.3291 -0.579 0.7625 0.0598 -0.6328 0.1207 0.7505 0.2976 -0.5475 0.22 0.6758 -0.2244 -0.7009 0.0414 0.7156 0.2185 -0.6492 0.1368 0.4288 0.0568 0.8869 -0.1624 0.7758 0.3491 -0.5215 -0.0657 0.6613 -0.2454 -0.6933 -0.1479 0.7032 0.024 0.7102 0.0246
0.7769 -0.056 -0.6246 -0.0564 0.1099 -0.7378 0.3291 -0.579 0.7625 0.0598 -0.6328 0.1207 0.7505 0.2976 -0.5475 0.22 0.6758 -0.2244 -0.7009 0.0414 0.7156 0.2185 -0.6492 0.1368 0.4288 0.0568 0.8869 -0.1624 0.7758 0.3491 -0.5215 -0.0657 0.6613 -0.2454 -0.6933 -0.1479 0.7032 0.024 0.7102 0.0246
0.7769 -0.056 -0.6246 -0.0564 0.1099 -0.7378 0.3291 -0.579 0.7625 0.0598 -0.6328 0.1207 0.7505 0.2976 -0.5475 0.22 0.6758 -0.2244 -0.7009 0.0414 0.7156 0.2185 -0.6492 0.1368 0.4288 0.0568 0.8869 -0.1624 0.7758 0.3491 -0.5215 -0.0657 0.6613 -0.2454 -0.6933 -0.1479 0.7032 0.024 0.7102 0.0246
0.7769 -0.056 -0.6246 -0.0564 0.1099 -0.7378 0.3291 -0.579 0.7625 0.0598 -0.6328 0.1207 0.6727 0.3965 -0.6246 -0.0101 0.6758 -0.2244 -0.7009 0.0414 0.8051 0.4296 -0.3366 -0.2322 0.4288 0.0568 0.8869 -0.1624 0.7758 0.3491 -0.5215 -0.0657 0.6613 -0.2454 -0.6933 -0.1479 0.7032 0.024 0.7102 0.0246
0.7769 -0.056 -0.6246 -0.0564 0.1099 -0.7378 0.3291 -0.579 0.7625 0.0598 -0.6328 0.1207 0.6727 0.3965 -0.6246 -0.0101 0.6758 -0.2244 -0.7009 0.0414 0.8051 0.4296 -0.3366 -0.2322 0.4288 0.0568 0.8869 -0.1624 0.7758 0.3491 -0.5215 -0.0657 0.6613 -0.2454 -0.6933 -0.1479 0.7032 0.024 0.7102 0.0246
0.7769 -0.056 -0.6246 -0.0564 0.1099 -0.7378 0.3291 -0.579 0.7625 0.0598 -0.6328 0.1207 0.6727 0.3965 -0.6246 -0.0101 0.6758 -0.2244 -0.7009 0.0414 0.8051 0.4296 -0.3366 -0.2322 0.6048 0.0456 0.7852 -0.1252 0.7758 0.3491 -0.5215 -0.0657 0.6621 -0.2642 -0.6909 -0.1204 0.7032 0.024 0.7102 0.0246
0.7769 -0.056 -0.6246 -0.0564 0.1099 -0.7378 0.3291 -0.579 0.7625 0.0598 -0.6328 0.1207 0.6727 0.3965 -0.6246 -0.0101 0.6758 -0.2244 -0.7009 0.0414 0.8051 0.4296 -0.3366 -0.2322 0.6048 0.0456 0.7852 -0.1252 0.7758 0.3491 -0.5215 -0.0657 0.6621 -0.2642 -0.6909 -0.1204 0.7032 0.024 0.7102 0.0246
0.7769 -0.056 -0.6246 -0.0564 0.1099 -0.7378 0.3291 -0.579 0.7625 0.0598 -0.6328 0.1207 0.6727 0.3965 -0.6246 -0.0101 0.6758 -0.2244 -0.7009 0.0414 0.8051 0.4296 -0.3366 -0.2322 0.6048 0.0456 0.7852 -0.1252 0.7758 0.3491 -0.5215 -0.0657 0.6621 -0.2642 -0.6909 -0.1204 0.7032 0.024 0.7102 0.0246
0.7512 -0.0629 -0.6418 -0.1412 0.1099 -0.7378 0.3291 -0.579 0.7674 0.0904 -0.6305 -0.0734 0.6727 0.3965 -0.6246 -0.0101 0.6758 -0.2244 -0.7009 0.0414 0.8051 0.4296 -0.3366 -0.2322 0.6048 0.0456 0.7852 -0.1252 0.7758 0.3491 -0.5215 -0.0657 0.6621 -0.2642 -0.6909 -0.1204 0.7032 0.024 0.7102 0.0246
0.7512 -0.0629 -0.6418 -0.1412 0.1099 -0.7378 0.3291 -0.579 0.7674 0.0904 -0.6305 -0.0734 0.6727 0.3965 -0.6246 -0.0101 0.6758 -0.2244 -0.7009 0.0414 0.8051 0.4296 -0.3366 -0.2322 0.6048 0.0456 0.7852 -0.1252 0.7758 0.3491 -0.5215 -0.0657 0.6621 -0.2642 -0.6909 -0.1204 0.7032 0.024 0.7102 0.0246
0.7512 -0.0629 -0.6418 -0.1412 0.1099 -0.7378 0.3291 -0.579 0.7674 0.0904 -0.6305 -0.0734 0.6727 0.3965 -0.6246 -0.0101 0.6758 -0.2244 -0.7009 0.0414 0.8051 0.4296 -0.3366 -0.2322 0.6048 0.0456 0.7852 -0.1252 0.7758 0.3491 -0.5215 -0.0657 0.6621 -0.2642 -0.6909 -0.1204 0.7032 0.024 0.7102 0.0246
0.7512 -0.0629 -0.6418 -0.1412 0.1099 -0.7378 0.3291 -0.579 0.7674 0.0904 -0.6305 -0.0734 0.6727 0.3965 -0.6246 -0.0101 0.6758 -0.2244 -0.7009 0.0414 0.8051 0.4296 -0.3366 -0.2322 0.6048 0.0456 0.7852 -0.1252 0.7758 0.3491 -0.5215 -0.0657 0.6621 -0.2642 -0.6909 -0.1204 0.7032 0.024 0.7102 0.0246
0.7512 -0.0629 -0.6418 -0.1412 0.1099 -0.7378 0.3291 -0.579 0.7674 0.0904 -0.6305 -0.0734 0.6727 0.3965 -0.6246 -0.0101 0.6758 -0.2244 -0.7009 0.0414 0.8051 0.4296 -0.3366 -0.2322 0.6048 0.0456 0.7852 -0.1252 0.7758 0.3491 -0.5215 -0.0657 0.6631 -0.3004 -0.6804 -0.0842 0.7032 0.024 0.7102 0.0246
0.7512 -0.0629 -0.6418 -0.1412 0.1099 -0.7378 0.3291 -0.579 0.7674 0.0904 -0.6305 -0.0734 0.6727 0.3965 -0.6246 -0.0101 0.6314 -0.3197 -0.66 0.252 0.8051 0.4296 -0.3366 -0.2322 0.6048 0.0456 0.7852 -0.1252 0.7758 0.3491 -0.5215 -0.0657 0.6631 -0.3004 -0.6804 -0.0842 0.7032 0.024 0.7102 0.0246
0.7512 -0.0629 -0.6418 -0.1412 0.1099 -0.7378 0.3291 -0.579 0.7674 0.0904 -0.6305 -0.0734 0.6727 0.3965 -0.6246 -0.0101 0.6314 -0.3197 -0.66 0.252 0.8051 0.4296 -0.3366 -0.2322 0.6048 0.0456 0.7852 -0.1252 0.7758 0.3491 -0.5215 -0.0657 0.6631 -0.3004 -0.6804 -0.0842 0.7032 0.024 0.7102 0.0246
0.7512 -0.0629 -0.6418 -0.1412 0.1099 -0.7378 0.3291 -0.579 0.7674 0.0904 -0.6305 -0.0734 0.6727 0.3965 -0.6246 -0.0101 0.6314 -0.3197 -0.66 0.252 0.8051 0.4296 -0.3366 -0.2322 0.6048 0.0456 0.7852 -0.1252 0.7758 0.3491 -0.5215 -0.0657 0.6631 -0.3004 -0.6804 -0.0842 0.7032 0.024 0.7102 0.0246
0.7512 -0.0629 -0.6418 -0.1412 0.1099 -0.7378 0.3291 -0.579 0.7674 0.0904 -0.6305 -0.0734 0.6727 0.3965 -0.6246 -0.0101 0.6314 -0.3197 -0.66 0.252 0.8051 0.4296 -0.3366 -0.2322 0.6048 0.0456 0.7852 -0.1252 0.7758 0.3491 -0.5215 -0.0657 0.6631 -0.3004 -0.6804 -0.0842 0.7032 0.024 0.7102 0.0246
0.7512 -0.0629 -0.6418 -0.1412 -0.1993 -0.5423 0.3817 -0.7215 0.7674 0.0904 -0.6305 -0.0734 0.5135 0.4619 -0.6784 -0.2504 0.6314 -0.3197 -0.66 0.252 0.6178 -0.0214 -0.7625 0.191 0.6048 0.0456 0.7852 -0.1252 0.7758 0.3491 -0.5215 -0.0657 0.6631 -0.3004 -0.6804 -0.0842 0.7032 0.024 0.7102 0.0246
0.7512 -0.0629 -0.6418 -0.1412 -0.1993 -0.5423 0.3817 -0.7215 0.7674 0.0904 -0.6305 -0.0734 0.5135 0.4619 -0.6784 -0.2504 0.6314 -0.3197 -0.66 0.252 0.6178 -0.0214 -0.7625 0.191 0.6048 0.0456 0.7852 -0.1252 0.7758 0.3491 -0.5215 -0.0657 0.6783 -0.3409 -0.6509 0.0063 0.7032 0.024 0.7102 0.0246
0.7512 -0.0629 -0.6418 -0.1412 -0.1993 -0.5423 0.3817 -0.7215 0.7674 0.0904 -0.6305 -0.0734 0.5135 0.4619 -0.6784 -0.2504 0.6314 -0.3197 -0.66 0.252 0.6178 -0.0214 -0.7625 0.191 0.6048 0.0456 0.7852 -0.1252 0.7758 0.3491 -0.5215 -0.0657 0.6783 -0.3409 -0.6509 0.0063 0.7032 0.024 0.7102 0.0246
0.7512 -0.0629 -0.6418 -0.1412 -0.1993 -0.5423 0.3817 -0.7215 0.7674 0.0904 -0.6305 -0.0734 0.5135 0.4619 -0.6784 -0.2504 0.63 -0.2545 -0.7229 0.1257 0.6178 -0.0214 -0.7625 0.191 0.6048 0.0456 0.7852 -0.1252 0.7758 0.3491 -0.5215 -0.0657 0.6783 -0.3409 -0.6509 0.0063 0.7032 0.024 0.7102 0.0246
0.7512 -0.0629 -0.6418 -0.1412 -0.1993 -0.5423 0.3817 -0.7215 0.7674 0.0904 -0.6305 -0.0734 0.5135 0.4619 -0.6784 -0.2504 0.63 -0.2545 -0.7229 0.1257 0.6178 -0.0214 -0.7625 0.191 0.6048 0.0456 0.7852 -0.1252 0.7758 0.3491 -0.5215 -0.0657 0.6783 -0.3409 -0.6509 0.0063 0.7032 0.024 0.7102 0.0246
0.7181 -0.0718 -0.6585 -0.2134 -0.1993 -0.5423 0.3817 -0.7215 0.7559 0.0632 -0.64 -0.1221 0.5135 0.4619 -0.6784 -0.2504 0.63 -0.2545 -0.7229 0.1257 0.6178 -0.0214 -0.7625 0.191 0.6048 0.0456 0.7852 -0.1252 0.7758 0.3491 -0.5215 -0.0657 0.6783 -0.3409 -0.6509 0.0063 0.7032 0.024 0.7102 0.0246
0.7181 -0.0718 -0.6585 -0.2134 -0.1993 -0.5423 0.3817 -0.7215 0.7559 0.0632 -0.64 -0.1221 0.5135 0.4619 -0.6784 -0.2504 0.63 -0.2545 -0.7229 0.1257 0.6178 -0.0214 -0.7625 0.191 0.6048 0.0456 0.7852 -0.1252 0.7758 0.3491 -0.5215 -0.0657 0.6783 -0.3409 -0.6509 0.0063 0.7032 0.024 0.7102 0.0246
0.7181 -0.0718 -0.6585 -0.2134 -0.1993 -0.5423 0.3817 -0.7215 0.7559 0.0632 -0.64 -0.1221 0.5135 0.4619 -0.6784 -0.2504 0.63 -0.2545 -0.7229 0.1257 0.6159 0.0125 -0.759 0.2108 0.6048 0.0456 0.7852 -0.1252 0.7758 0.3491 -0.5215 -0.0657 0.6783 -0.3409 -0.6509 0.0063 0.7032 0.024 0.7102 0.0246
0.7181 -0.0718 -0.6585 -0.2134 -0.1993 -0.5423 0.3817 -0.7215 0.7559 0.0632 -0.64 -0.1221 0.5135 0.4619 -0.6784 -0.2504 0.63 -0.2545 -0.7229 0.1257 0.6159 0.0125 -0.759 0.2108 0.6048 0.0456 0.7852 -0.1252 0.7758 0.3491 -0.5215 -0.0657 0.6783 -0.3409 -0.6509 0.0063 0.7032 0.024 0.7102 0.0246
0.7181 -0.0718 -0.6585 -0.2134 -0.222 -0.5501 0.3816 -0.7089 0.7559 0.0632 -0.64 -0.1221 0.5135 0.4619 -0.6784 -0.2504 0.63 -0.2545 -0.7229 0.1257 0.6159 0.0125 -0.759 0.2108 0.6048 0.0456 0.7852 -0.1252 0.7758 0.3491 -0.5215 -0.0657 0.7073 -0.3803 -0.5717 0.168 0.7032 0.024 0.7102 0.0246
0.7181 -0.0718 -0.6585 -0.2134 -0.222 -0.5501 0.3816 -0.7089 0.7559 0.0632 -0.64 -0.1221 0.5135 0.4619 -0.6784 -0.2504 0.63 -0.2545 -0.7229 0.1257 0.6159 0.0125 -0.759 0.2108 0.6048 0.0456 0.7852 -0.1252 0.7758 0.3491 -0.5215 -0.0657 0.7073 -0.3803 -0.5717 0.168 0.7032 0.024 0.7102 0.0246
0.7181 -0.0718 -0.6585 -0.2134 -0.222 -0.5501 0.3816 -0.7089 0.7559 0.0632 -0.64 -0.1221 0.5135 0.4619 -0.6784 -0.2504 0.63 -0.2545 -0.7229 0.1257 0.6159 0.0125 -0.759 0.2108 0.6048 0.0456 0.7852 -0.1252 0.7758 0.3491 -0.5215 -0.0657 0.7073 -0.3803 -0.5717 0.168 0.7032 0.024 0.7102 0.0246
0.7181 -0.0718 -0.6585 -0.2134 -0.222 -0.5501 0.3816 -0.7089 0.7559 0.038 -0.6516 -0.0515 0.5135 0.4619 -0.6784 -0.2504 0.63 -0.2545 -0.7229 0.1257 0.6159 0.0125 -0.759 0.2108 0.6048 0.0456 0.7852 -0.1252 0.7758 0.3491 -0.5215 -0.0657 0.7073 -0.3803 -0.5717 0.168 0.7032 0.024 0.7102 0.0246
0.7181 -0.0718 -0.6585 -0.2134 -0.222 -0.5501 0.3816 -0.7089 0.7559 0.038 -0.6516 -0.0515 0.5135 0.4619 -0.6784 -0.2504 0.63 -0.2545 -0.7229 0.1257 0.6159 0.0125 -0.759 0.2108 0.6048 0.0456 0.7852 -0.1252 0.7758 0.3491 -0.5215 -0.0657 0.7073 -0.3803 -0.5717 0.168 0.4241 -0.1169 0.8935 -0.0902
0.7181 -0.0718 -0.6585 -0.2134 -0.222 -0.5501 0.3816 -0.7089 0.7559 0.038 -0.6516 -0.0515 0.7271 0.2147 -0.652 -0.0038 0.63 -0.2545 -0.7229 0.1257 0.6159 0.0125 -0.759 0.2108 0.6048 0.0456 0.7852 -0.1252 0.7758 0.3491 -0.5215 -0.0657 0.7073 -0.3803 -0.5717 0.168 0.4241 -0.1169 0.8935 -0.0902
0.7181 -0.0718 -0.6585 -0.2134 -0.1306 -0.6202 0.3783 -0.6746 0.7559 0.038 -0.6516 -0.0515 0.7271 0.2147 -0.652 -0.0038 0.63 -0.2545 -0.7229 0.1257 0.6159 0.0125 -0.759 0.2108 0.6048 0.0456 0.7852 -0.1252 0.7758 0.3491 -0.5215 -0.0657 0.6896 -0.4698 -0.5074 0.2153 0.4241 -0.1169 0.8935 -0.0902
0.7181 -0.0718 -0.6585 -0.2134 -0.1306 -0.6202 0.3783 -0.6746 0.7559 0.038 -0.6516 -0.0515 0.7271 0.2147 -0.652 -0.0038 0.63 -0.2545 -0.7229 0.1257 0.6159 0.0125 -0.759 0.2108 0.6048 0.0456 0.7852 -0.1252 0.7758 0.3491 -0.5215 -0.0657 0.6896 -0.4698 -0.5074 0.2153 0.4241 -0.1169 0.8935 -0.0902
0.7181 -0.0718 -0.6585 -0.2134 -0.1306 -0.6202 0.3783 -0.6746 0.7559 0.038 -0.6516 -0.0515 0.7271 0.2147 -0.652 -0.0038 0.6277 -0.1285 -0.7568 0.1296 0.6159 0.0125 -0.759 0.2108 0.6048 0.0456 0.7852 -0.1252 0.7758 0.3491 -0.5215 -0.0657 0.6896 -0.4698 -0.5074 0.2153 0.4241 -0.1169 0.8935 -0.0902
0.7568 -0.0198 -0.6534 -0.0018 -0.1306 -0.6202 0.3783 -0.6746 0.7559 0.038 -0.6516 -0.0515 0.7271 0.2147 -0.652 -0.0038 0.6277 -0.1285 -0.7568 0.1296 0.6159 0.0125 -0.759 0.2108 0.6048 0.0456 0.7852 -0.1252 0.7758 0.3491 -0.5215 -0.0657 0.6896 -0.4698 -0.5074 0.2153 0.4241 -0.1169 0.8935 -0.0902
0.7568 -0.0198 -0.6534 -0.0018 -0.1306 -0.6202 0.3783 -0.6746 0.7559 0.038 -0.6516 -0.0515 0.7271 0.2147 -0.652 -0.0038 0.6277 -0.1285 -0.7568 0.1296 0.6159 0.0125 -0.759 0.2108 0.6048 0.0456 0.7852 -0.1252 0.7758 0.3491 -0.5215 -0.0657 0.6896 -0.4698 -0.5074 0.2153 0.6088 -0.0531 0.7912 -0.0224
0.7568 -0.0198 -0.6534 -0.0018 -0.1306 -0.6202 0.3783 -0.6746 0.7559 0.038 -0.6516 -0.0515 0.7588 0.2561 -0.5757 0.165 0.6277 -0.1285 -0.7568 0.1296 0.6159 0.0125 -0.759 0.2108 0.6048 0.0456 0.7852 -0.1252 0.7758 0.3491 -0.5215 -0.0657 0.6896 -0.4698 -0.5074 0.2153 0.6088 -0.0531 0.7912 -0.0224
0.7568 -0.0198 -0.6534 -0.0018 -0.1306 -0.6202 0.3783 -0.6746 0.7559 0.038 -0.6516 -0.0515 0.7588 0.2561 -0.5757 0.165 0.6277 -0.1285 -0.7568 0.1296 0.6159 0.0125 -0.759 0.2108 0.6048 0.0456 0.7852 -0.1252 0.7758 0.3491 -0.5215 -0.0657 0.6896 -0.4698 -0.5074 0.2153 0.6088 -0.0531 0.7912 -0.0224
0.7568 -0.0198 -0.6534 -0.0018 -0.1306 -0.6202 0.3783 -0.6746 0.7559 0.038 -0.6516 -0.0515 0.7588 0.2561 -0.5757 0.165 0.6277 -0.1285 -0.7568 0.1296 0.6159 0.0125 -0.759 0.2108 0.6048 0.0456 0.7852 -0.1252 0.7758 0.3491 -0.5215 -0.0657 0.6896 -0.4698 -0.5074 0.2153 0.6088 -0.0531 0.7912 -0.0224
0.7568 -0.0198 -0.6534 -0.0018 0.0781 -0.7157 0.3538 -0.5971 0.7559 0.038 -0.6516 -0.0515 0.7588 0.2561 -0.5757 0.165 0.6277 -0.1285 -0.7568 0.1296 0.6159 0.0125 -0.759 0.2108 0.9316 0.0722 0.3562 -0.002 0.7758 0.3491 -0.5215 -0.0657 0.7398 -0.3137 -0.5809 0.1295 0.6088 -0.0531 0.7912 -0.0224
0.7568 -0.0198 -0.6534 -0.0018 0.0781 -0.7157 0.3538 -0.5971 0.7559 0.038 -0.6516 -0.0515 0.7588 0.2561 -0.5757 0.165 0.6234 -0.049 -0.7772 0.0697 0.6159 0.0125 -0.759 0.2108 0.9316 0.0722 0.3562 -0.002 0.7758 0.3491 -0.5215 -0.0657 0.7398 -0.3137 -0.5809 0.1295 0.6088 -0.0531 0.7912 -0.0224
0.7568 -0.0198 -0.6534 -0.0018 0.0781 -0.7157 0.3538 -0.5971 0.7559 0.038 -0.6516 -0.0515 0.7588 0.2561 -0.5757 0.165 0.6234 -0.049 -0.7772 0.0697 0.6159 0.0125 -0.759 0.2108 0.9316 0.0722 0.3562 -0.002 0.7758 0.3491 -0.5215 -0.0657 0.7398 -0.3137 -0.5809 0.1295 0.6088 -0.0531 0.7912 -0.0224
0.7568 -0.0198 -0.6534 -0.0018 0.0781 -0.7157 0.3538 -0.5971 0.7559 0.038 -0.6516 -0.0515 0.7588 0.2561 -0.5757 0.165 0.6234 -0.049 -0.7772 0.0697 0.6159 0.0125 -0.759 0.2108 0.9316 0.0722 0.3562 -0.002 0.7758 0.3491 -0.5215 -0.0657 0.7398 -0.3137 -0.5809 0.1295 0.6088 -0.0531 0.7912 -0.0224
0.7568 -0.0198 -0.6534 -0.0018 0.0781 -0.7157 0.3538 -0.5971 0.7559 0.038 -0.6516 -0.0515 0.7588 0.2561 -0.5757 0.165 0.6234 -0.049 -0.7772 0.0697 0.6159 0.0125 -0.759 0.2108 0.9316 0.0722 0.3562 -0.002 0.7758 0.3491 -0.5215 -0.0657 0.7398 -0.3137 -0.5809 0.1295 0.8572 -0.0391 0.5135 0.0041
0.7568 -0.0198 -0.6534 -0.0018 0.0781 -0.7157 0.3538 -0.5971 0.7559 0.038 -0.6516 -0.0515 0.7625 0.2896 -0.5359 0.2183 0.6234 -0.049 -0.7772 0.0697 0.7124 0.2224 -0.6544 0.1219 0.9316 0.0722 0.3562 -0.002 0.7758 0.3491 -0.5215 -0.0657 0.7398 -0.3137 -0.5809 0.1295 0.8572 -0.0391 0.5135 0.0041
0.7568 -0.0198 -0.6534 -0.0018 0.1682 -0.7472 0.4023 -0.5016 0.7559 0.038 -0.6516 -0.0515 0.7625 0.2896 -0.5359 0.2183 0.6234 -0.049 -0.7772 0.0697 0.7124 0.2224 -0.6544 0.1219 0.9316 0.0722 0.3562 -0.002 0.7758 0.3491 -0.5215 -0.0657 0.7398 -0.3137 -0.5809 0.1295 0.8572 -0.0391 0.5135 0.0041
0.7568 -0.0198 -0.6534 -0.0018 0.1682 -0.7472 0.4023 -0.5016 0.7559 0.038 -0.6516 -0.0515 0.7625 0.2896 -0.5359 0.2183 0.6234 -0.049 -0.7772 0.0697 0.7124 0.2224 -0.6544 0.1219 0.9199 0.0631 0.3863 -0.0224 0.7758 0.3491 -0.5215 -0.0657 0.7398 -0.3137 -0.5809 0.1295 0.8572 -0.0391 0.5135 0.0041
0.7568 -0.0198 -0.6534 -0.0018 0.1682 -0.7472 0.4023 -0.5016 0.7559 0.038 -0.6516 -0.0515 0.7625 0.2896 -0.5359 0.2183 0.6181 0.001 -0.7855 -0.0302 0.7124 0.2224 -0.6544 0.1219 0.9199 0.0631 0.3863 -0.0224 0.7758 0.3491 -0.5215 -0.0657 0.7398 -0.3137 -0.5809 0.1295 0.8572 -0.0391 0.5135 0.0041
0.7568 -0.0198 -0.6534 -0.0018 0.1682 -0.7472 0.4023 -0.5016 0.7559 0.038 -0.6516 -0.0515 0.7625 0.2896 -0.5359 0.2183 0.6181 0.001 -0.7855 -0.0302 0.7124 0.2224 -0.6544 0.1219 0.9199 0.0631 0.3863 -0.0224 0.7758 0.3491 -0.5215 -0.0657 0.7398 -0.3137 -0.5809 0.1295 0.8572 -0.0391 0.5135 0.0041
0.7568 -0.0198 -0.6534 -0.0018 0.1682 -0.7472 0.4023 -0.5016 0.7701 0.0721 -0.5901 0.231 0.7625 0.2896 -0.5359 0.2183 0.6181 0.001 -0.7855 -0.0302 0.7124 0.2224 -0.6544 0.1219 0.9199 0.0631 0.3863 -0.0224 0.7758 0.3491 -0.5215 -0.0657 0.7398 -0.3137 -0.5809 0.1295 0.8572 -0.0391 0.5135 0.0041
0.7568 -0.0198 -0.6534 -0.0018 0.1682 -0.7472 0.4023 -0.5016 0.7701 0.0721 -0.5901 0.231 0.7625 0.2896 -0.5359 0.2183 0.6181 0.001 -0.7855 -0.0302 0.7124 0.2224 -0.6544 0.1219 0.9199 0.0631 0.3863 -0.0224 0.7758 0.3491 -0.5215 -0.0657 0.7398 -0.3137 -0.5809 0.1295 0.8572 -0.0391 0.5135 0.0041
0.7568 -0.0198 -0.6534 -0.0018 0.1682 -0.7472 0.4023 -0.5016 0.7701 0.0721 -0.5901 0.231 0.7644 0.2842 -0.5056 0.2817 0.6181 0.001 -0.7855 -0.0302 0.751 0.2564 -0.6068 0.0452 0.9199 0.0631 0.3863 -0.0224 0.7758 0.3491 -0.5215 -0.0657 0.7398 -0.3137 -0.5809 0.1295 0.8572 -0.0391 0.5135 0.0041
0.7568 -0.0198 -0.6534 -0.0018 0.1682 -0.7472 0.4023 -0.5016 0.7701 0.0721 -0.5901 0.231 0.7644 0.2842 -0.5056 0.2817 0.6181 0.001 -0.7855 -0.0302 0.751 0.2564 -0.6068 0.0452 0.9199 0.0631 0.3863 -0.0224 0.7758 0.3491 -0.5215 -0.0657 0.7398 -0.3137 -0.5809 0.1295 0.8572 -0.0391 0.5135 0.0041
0.7568 -0.0198 -0.6534 -0.0018 0.1992 -0.7527 0.407 -0.4775 0.7701 0.0721 -0.5901 0.231 0.7644 0.2842 -0.5056 0.2817 0.6181 0.001 -0.7855 -0.0302 0.751 0.2564 -0.6068 0.0452 0.9199 0.0631 0.3863 -0.0224 0.7758 0.3491 -0.5215 -0.0657 0.625 -0.0151 -0.7411 -0.2449 0.8572 -0.0391 0.5135 0.0041
0.7568 -0.0198 -0.6534 -0.0018 0.1992 -0.7527 0.407 -0.4775 0.7701 0.0721 -0.5901 0.231 0.7644 0.2842 -0.5056 0.2817 0.6341 -0.0132 -0.7654 -0.109 0.751 0.2564 -0.6068 0.0452 0.9199 0.0631 0.3863 -0.0224 0.7758 0.3491 -0.5215 -0.0657 0.625 -0.0151 -0.7411 -0.2449 0.8572 -0.0391 0.5135 0.0041
0.7568 -0.0198 -0.6534 -0.0018 0.1992 -0.7527 0.407 -0.4775 0.7524 0.1069 -0.6118 0.2192 0.7644 0.2842 -0.5056 0.2817 0.6341 -0.0132 -0.7654 -0.109 0.751 0.2564 -0.6068 0.0452 0.9199 0.0631 0.3863 -0.0224 0.7758 0.3491 -0.5215 -0.0657 0.625 -0.0151 -0.7411 -0.2449 0.8572 -0.0391 0.5135 0.0041
0.7568 -0.0198 -0.6534 -0.0018 0.1992 -0.7527 0.407 -0.4775 0.7524 0.1069 -0.6118 0.2192 0.7644 0.2842 -0.5056 0.2817 0.6341 -0.0132 -0.7654 -0.109 0.751 0.2564 -0.6068 0.0452 0.9199 0.0631 0.3863 -0.0224 0.6992 0.2852 -0.6531 0.0586 0.625 -0.0151 -0.7411 -0.2449 0.8572 -0.0391 0.5135 0.0041
0.7568 -0.0198 -0.6534 -0.0018 0.1992 -0.7527 0.407 -0.4775 0.7524 0.1069 -0.6118 0.2192 0.7644 0.2842 -0.5056 0.2817 0.6341 -0.0132 -0.7654 -0.109 0.751 0.2564 -0.6068 0.0452 0.9199 0.0631 0.3863 -0.0224 0.6992 0.2852 -0.6531 0.0586 0.625 -0.0151 -0.7411 -0.2449 0.8572 -0.0391 0.5135 0.0041
0.7568 -0.0198 -0.6534 -0.0018 0.1992 -0.7527 0.407 -0.4775 0.7524 0.1069 -0.6118 0.2192 0.7523 0.2769 -0.5108 0.3105 0.6341 -0.0132 -0.7654 -0.109 0.8052 0.2705 -0.5184 -0.0988 0.9199 0.0631 0.3863 -0.0224 0.6992 0.2852 -0.6531 0.0586 0.625 -0.0151 -0.7411 -0.2449 0.8572 -0.0391 0.5135 0.0041
0.7568 -0.0198 -0.6534 -0.0018 0.1503 -0.7437 0.368 -0.5376 0.7524 0.1069 -0.6118 0.2192 0.7523 0.2769 -0.5108 0.3105 0.6341 -0.0132 -0.7654 -0.109 0.8052 0.2705 -0.5184 -0.0988 0.9199 0.0631 0.3863 -0.0224 0.6992 0.2852 -0.6531 0.0586 0.625 -0.0151 -0.7411 -0.2449 0.8572 -0.0391 0.5135 0.0041
0.7568 -0.0198 -0.6534 -0.0018 0.1503 -0.7437 0.368 -0.5376 0.7524 0.1069 -0.6118 0.2192 0.7523 0.2769 -0.5108 0.3105 0.6341 -0.0132 -0.7654 -0.109 0.8052 0.2705 -0.5184 -0.0988 0.6221 0.0812 0.7733 -0.0914 0.6992 0.2852 -0.6531 0.0586 0.6378 -0.202 -0.6993 -0.2516 0.8572 -0.0391 0.5135 0.0041
0.7568 -0.0198 -0.6534 -0.0018 0.1503 -0.7437 0.368 -0.5376 0.7524 0.1069 -0.6118 0.2192 0.7523 0.2769 -0.5108 0.3105 0.6722 -0.0862 -0.7299 -0.0888 0.8052 0.2705 -0.5184 -0.0988 0.6221 0.0812 0.7733 -0.0914 0.6992 0.2852 -0.6531 0.0586 0.6378 -0.202 -0.6993 -0.2516 0.8572 -0.0391 0.5135 0.0041
0.7568 -0.0198 -0.6534 -0.0018 0.1503 -0.7437 0.368 -0.5376 0.7524 0.1069 -0.6118 0.2192 0.7523 0.2769 -0.5108 0.3105 0.6722 -0.0862 -0.7299 -0.0888 0.8052 0.2705 -0.5184 -0.0988 0.6221 0.0812 0.7733 -0.0914 0.6992 0.2852 -0.6531 0.0586 0.6378 -0.202 -0.6993 -0.2516 0.8572 -0.0391 0.5135 0.0041
0.7568 -0.0198 -0.6534 -0.0018 0.1503 -0.7437 0.368 -0.5376 0.7452 0.0814 -0.653 0.1074 0.7523 0.2769 -0.5108 0.3105 0.6722 -0.0862 -0.7299 -0.0888 0.8052 0.2705 -0.5184 -0.0988 0.6221 0.0812 0.7733 -0.0914 0.6975 0.2299 -0.6774 0.0425 0.6378 -0.202 -0.6993 -0.2516 0.8572 -0.0391 0.5135 0.0041
0.7568 -0.0198 -0.6534 -0.0018 0.1503 -0.7437 0.368 -0.5376 0.7452 0.0814 -0.653 0.1074 0.7523 0.2769 -0.5108 0.3105 0.6722 -0.0862 -0.7299 -0.0888 0.8052 0.2705 -0.5184 -0.0988 0.6221 0.0812 0.7733 -0.0914 0.6975 0.2299 -0.6774 0.0425 0.6378 -0.202 -0.6993 -0.2516 0.8572 -0.0391 0.5135 0.0041
0.7568 -0.0198 -0.6534 -0.0018 0.1503 -0.7437 0.368 -0.5376 0.7452 0.0814 -0.653 0.1074 0.7356 0.2936 -0.5815 0.1857 0.6722 -0.0862 -0.7299 -0.0888 0.804 0.3709 -0.4382 -0.1546 0.6221 0.0812 0.7733 -0.0914 0.6975 0.2299 -0.6774 0.0425 0.6378 -0.202 -0.6993 -0.2516 0.8572 -0.0391 0.5135 0.0041
0.7568 -0.0198 -0.6534 -0.0018 0.0292 -0.7019 0.3465 -0.6216 0.7452 0.0814 -0.653 0.1074 0.7356 0.2936 -0.5815 0.1857 0.6722 -0.0862 -0.7299 -0.0888 0.804 0.3709 -0.4382 -0.1546 0.6221 0.0812 0.7733 -0.0914 0.6975 0.2299 -0.6774 0.0425 0.6378 -0.202 -0.6993 -0.2516 0.8572 -0.0391 0.5135 0.0041
0.7568 -0.0198 -0.6534 -0.0018 0.0292 -0.7019 0.3465 -0.6216 0.7452 0.0814 -0.653 0.1074 0.7356 0.2936 -0.5815 0.1857 0.6733 -0.2188 -0.7054 0.035 0.804 0.3709 -0.4382 -0.1546 0.6221 0.0812 0.7733 -0.0914 0.6975 0.2299 -0.6774 0.0425 0.65 -0.24 -0.6948 -0.1924 0.8572 -0.0391 0.5135 0.0041
0.7568 -0.0198 -0.6534 -0.0018 0.0292 -0.7019 0.3465 -0.6216 0.7452 0.0814 -0.653 0.1074 0.7356 0.2936 -0.5815 0.1857 0.6733 -0.2188 -0.7054 0.035 0.804 0.3709 -0.4382 -0.1546 0.6221 0.0812 0.7733 -0.0914 0.6975 0.2299 -0.6774 0.0425 0.65 -0.24 -0.6948 -0.1924 0.8572 -0.0391 0.5135 0.0041
0.759 -0.1046 -0.6407 -0.0499 0.0292 -0.7019 0.3465 -0.6216 0.7516 0.0052 -0.6568 -0.061 0.7356 0.2936 -0.5815 0.1857 0.6733 -0.2188 -0.7054 0.035 0.804 0.3709 -0.4382 -0.1546 0.6221 0.0812 0.7733 -0.0914 0.6975 0.2299 -0.6774 0.0425 0.65 -0.24 -0.6948 -0.1924 0.8572 -0.0391 0.5135 0.0041
0.759 -0.1046 -0.6407 -0.0499 0.0292 -0.7019 0.3465 -0.6216 0.7516 0.0052 -0.6568 -0.061 0.7356 0.2936 -0.5815 0.1857 0.6733 -0.2188 -0.7054 0.035 0.804 0.3709 -0.4382 -0.1546 0.6221 0.0812 0.7733 -0.0914 0.6975 0.2299 -0.6774 0.0425 0.65 -0.24 -0.6948 -0.1924 0.9272 0.0066 0.3745 -0.0013
0.759 -0.1046 -0.6407 -0.0499 0.0292 -0.7019 0.3465 -0.6216 0.7516 0.0052 -0.6568 -0.061 0.7356 0.2936 -0.5815 0.1857 0.6733 -0.2188 -0.7054 0.035 0.804 0.3709 -0.4382 -0.1546 0.6221 0.0812 0.7733 -0.0914 0.6975 0.2299 -0.6774 0.0425 0.65 -0.24 -0.6948 -0.1924 0.9272 0.0066 0.3745 -0.0013
0.759 -0.1046 -0.6407 -0.0499 0.0292 -0.7019 0.3465 -0.6216 0.7516 0.0052 -0.6568 -0.061 0.6859 0.3492 -0.6382 -0.0147 0.6733 -0.2188 -0.7054 0.035 0.819 0.2544 -0.5001 -0.12 0.6221 0.0812 0.7733 -0.0914 0.6975 0.2299 -0.6774 0.0425 0.65 -0.24 -0.6948 -0.1924 0.9272 0.0066 0.3745 -0.0013
0.759 -0.1046 -0.6407 -0.0499 -0.0755 -0.6421 0.3762 -0.6637 0.7516 0.0052 -0.6568 -0.061 0.6859 0.3492 -0.6382 -0.0147 0.6733 -0.2188 -0.7054 0.035 0.819 0.2544 -0.5001 -0.12 0.6221 0.0812 0.7733 -0.0914 0.6975 0.2299 -0.6774 0.0425 0.65 -0.24 -0.6948 -0.1924 0.9272 0.0066 0.3745 -0.0013
0.759 -0.1046 -0.6407 -0.0499 -0.0755 -0.6421 0.3762 -0.6637 0.7516 0.0052 -0.6568 -0.061 0.6859 0.3492 -0.6382 -0.0147 0.6733 -0.2188 -0.7054 0.035 0.819 0.2544 -0.5001 -0.12 0.6221 0.0812 0.7733 -0.0914 0.6975 0.2299 -0.6774 0.0425 0.65 -0.24 -0.6948 -0.1924 0.9272 0.0066 0.3745 -0.0013
0.759 -0.1046 -0.6407 -0.0499 -0.0755 -0.6421 0.3762 -0.6637 0.7516 0.0052 -0.6568 -0.061 0.6859 0.3492 -0.6382 -0.0147 0.665 -0.2798 -0.6782 0.1398 0.819 0.2544 -0.5001 -0.12 0.6221 0.0812 0.7733 -0.0914 0.6975 0.2299 -0.6774 0.0425 0.65 -0.24 -0.6948 -0.1924 0.9272 0.0066 0.3745 -0.0013
0.759 -0.1046 -0.6407 -0.0499 -0.0755 -0.6421 0.3762 -0.6637 0.7578 0.0833 -0.637 -0.1144 0.6859 0.3492 -0.6382 -0.0147 0.665 -0.2798 -0.6782 0.1398 0.819 0.2544 -0.5001 -0.12 0.6221 0.0812 0.7733 -0.0914 0.6975 0.2299 -0.6774 0.0425 0.65 -0.24 -0.6948 -0.1924 0.9272 0.0066 0.3745 -0.0013
0.759 -0.1046 -0.6407 -0.0499 -0.0755 -0.6421 0.3762 -0.6637 0.7578 0.0833 -0.637 -0.1144 0.6859 0.3492 -0.6382 -0.0147 0.665 -0.2798 -0.6782 0.1398 0.819 0.2544 -0.5001 -0.12 0.6221 0.0812 0.7733 -0.0914 0.6975 0.2299 -0.6774 0.0425 0.65 -0.24 -0.6948 -0.1924 0.9233 0.0093 0.3839 0.0016
0.759 -0.1046 -0.6407 -0.0499 -0.0755 -0.6421 0.3762 -0.6637 0.7578 0.0833 -0.637 -0.1144 0.6859 0.3492 -0.6382 -0.0147 0.665 -0.2798 -0.6782 0.1398 0.819 0.2544 -0.5001 -0.12 0.6221 0.0812 0.7733 -0.0914 0.6975 0.2299 -0.6774 0.0425 0.65 -0.24 -0.6948 -0.1924 0.9233 0.0093 0.3839 0.0016
0.759 -0.1046 -0.6407 -0.0499 -0.0755 -0.6421 0.3762 -0.6637 0.7578 0.0833 -0.637 -0.1144 0.6205 0.4266 -0.648 -0.1141 0.665 -0.2798 -0.6782 0.1398 0.819 0.2544 -0.5001 -0.12 0.6221 0.0812 0.7733 -0.0914 0.6975 0.2299 -0.6774 0.0425 0.65 -0.24 -0.6948 -0.1924 0.9233 0.0093 0.3839 0.0016
0.759 -0.1046 -0.6407 -0.0499 -0.1551 -0.5908 0.4072 -0.679 0.7578 0.0833 -0.637 -0.1144 0.6205 0.4266 -0.648 -0.1141 0.665 -0.2798 -0.6782 0.1398 0.819 0.2544 -0.5001 -0.12 0.6221 0.0812 0.7733 -0.0914 0.6975 0.2299 -0.6774 0.0425 0.65 -0.24 -0.6948 -0.1924 0.9233 0.0093 0.3839 0.0016
0.759 -0.1046 -0.6407 -0.0499 -0.1551 -0.5908 0.4072 -0.679 0.7578 0.0833 -0.637 -0.1144 0.6205 0.4266 -0.648 -0.1141 0.665 -0.2798 -0.6782 0.1398 0.819 0.2544 -0.5001 -0.12 0.6221 0.0812 0.7733 -0.0914 0.6975 0.2299 -0.6774 0.0425 0.65 -0.24 -0.6948 -0.1924 0.9233 0.0093 0.3839 0.0016
0.759 -0.1046 -0.6407 -0.0499 -0.1551 -0.5908 0.4072 -0.679 0.7578 0.0833 -0.637 -0.1144 0.6205 0.4266 -0.648 -0.1141 0.6493 -0.2502 -0.7053 0.1358 0.819 0.2544 -0.5001 -0.12 0.6221 0.0812 0.7733 -0.0914 0.6975 0.2299 -0.6774 0.0425 0.65 -0.24 -0.6948 -0.1924 0.9233 0.0093 0.3839 0.0016
0.759 -0.1046 -0.6407 -0.0499 -0.1551 -0.5908 0.4072 -0.679 0.7578 0.0833 -0.637 -0.1144 0.6205 0.4266 -0.648 -0.1141 0.6493 -0.2502 -0.7053 0.1358 0.819 0.2544 -0.5001 -0.12 0.6221 0.0812 0.7733 -0.0914 0.6975 0.2299 -0.6774 0.0425 0.65 -0.24 -0.6948 -0.1924 0.9233 0.0093 0.3839 0.0016
0.729 -0.1148 -0.6484 -0.1866 -0.1551 -0.5908 0.4072 -0.679 0.7578 0.0833 -0.637 -0.1144 0.6205 0.4266 -0.648 -0.1141 0.6493 -0.2502 -0.7053 0.1358 0.819 0.2544 -0.5001 -0.12 0.6221 0.0812 0.7733 -0.0914 0.6975 0.2299 -0.6774 0.0425 0.65 -0.24 -0.6948 -0.1924 0.9233 0.0093 0.3839 0.0016
0.729 -0.1148 -0.6484 -0.1866 -0.1551 -0.5908 0.4072 -0.679 0.7578 0.0833 -0.637 -0.1144 0.5853 0.4506 -0.6522 -0.1702 0.6493 -0.2502 -0.7053 0.1358 0.819 0.2544 -0.5001 -0.12 0.6221 0.0812 0.7733 -0.0914 0.6975 0.2299 -0.6774 0.0425 0.65 -0.24 -0.6948 -0.1924 0.9102 0.0103 0.4142 0.0027
0.729 -0.1148 -0.6484 -0.1866 -0.1914 -0.5648 0.4041 -0.6937 0.7578 0.0833 -0.637 -0.1144 0.5853 0.4506 -0.6522 -0.1702 0.6493 -0.2502 -0.7053 0.1358 0.819 0.2544 -0.5001 -0.12 0.6221 0.0812 0.7733 -0.0914 0.6975 0.2299 -0.6774 0.0425 0.65 -0.24 -0.6948 -0.1924 0.9102 0.0103 0.4142 0.0027
0.729 -0.1148 -0.6484 -0.1866 -0.1914 -0.5648 0.4041 -0.6937 0.7578 0.0833 -0.637 -0.1144 0.5853 0.4506 -0.6522 -0.1702 0.6493 -0.2502 -0.7053 0.1358 0.819 0.2544 -0.5001 -0.12 0.6221 0.0812 0.7733 -0.0914 0.6975 0.2299 -0.6774 0.0425 0.65 -0.24 -0.6948 -0.1924 0.9102 0.0103 0.4142 0.0027
0.729 -0.1148 -0.6484 -0.1866 -0.1914 -0.5648 0.4041 -0.6937 0.7578 0.0833 -0.637 -0.1144 0.5853 0.4506 -0.6522 -0.1702 0.6493 -0.2502 -0.7053 0.1358 0.819 0.2544 -0.5001 -0.12 0.6221 0.0812 0.7733 -0.0914 0.6975 0.2299 -0.6774 0.0425 0.65 -0.24 -0.6948 -0.1924 0.9102 0.0103 0.4142 0.0027
0.729 -0.1148 -0.6484 -0.1866 -0.1914 -0.5648 0.4041 -0.6937 0.7578 0.0833 -0.637 -0.1144 0.5853 0.4506 -0.6522 -0.1702 0.6359 -0.2344 -0.7234 0.1322 0.819 0.2544 -0.5001 -0.12 0.6221 0.0812 0.7733 -0.0914 0.6975 0.2299 -0.6774 0.0425 0.65 -0.24 -0.6948 -0.1924 0.9102 0.0103 0.4142 0.0027
0.729 -0.1148 -0.6484 -0.1866 -0.1914 -0.5648 0.4041 -0.6937 0.7559 0.1366 -0.6304 -0.1127 0.5853 0.4506 -0.6522 -0.1702 0.6359 -0.2344 -0.7234 0.1322 0.819 0.2544 -0.5001 -0.12 0.6221 0.0812 0.7733 -0.0914 0.6975 0.2299 -0.6774 0.0425 0.65 -0.24 -0.6948 -0.1924 0.9102 0.0103 0.4142 0.0027
0.7264 -0.1414 -0.6473 -0.1826 -0.1914 -0.5648 0.4041 -0.6937 0.7559 0.1366 -0.6304 -0.1127 0.5853 0.4506 -0.6522 -0.1702 0.6359 -0.2344 -0.7234 0.1322 0.819 0.2544 -0.5001 -0.12 0.6221 0.0812 0.7733 -0.0914 0.6975 0.2299 -0.6774 0.0425 0.65 -0.24 -0.6948 -0.1924 0.8455 -0.009 0.533 -0.0296
0.7264 -0.1414 -0.6473 -0.1826 -0.1914 -0.5648 0.4041 -0.6937 0.7559 0.1366 -0.6304 -0.1127 0.5853 0.4506 -0.6522 -0.1702 0.6359 -0.2344 -0.7234 0.1322 0.819 0.2544 -0.5001 -0.12 0.6221 0.0812 0.7733 -0.0914 0.6975 0.2299 -0.6774 0.0425 0.65 -0.24 -0.6948 -0.1924 0.8455 -0.009 0.533 -0.0296
0.7264 -0.1414 -0.6473 -0.1826 -0.1914 -0.5648 0.4041 -0.6937 0.7559 0.1366 -0.6304 -0.1127 0.6148 0.3959 -0.6644 -0.1547 0.6359 -0.2344 -0.7234 0.1322 0.6539 0.0872 -0.7183 0.221 0.6221 0.0812 0.7733 -0.0914 0.6975 0.2299 -0.6774 0.0425 0.65 -0.24 -0.6948 -0.1924 0.8455 -0.009 0.533 -0.0296
0.7264 -0.1414 -0.6473 -0.1826 -0.194 -0.5779 0.4307 -0.6655 0.7559 0.1366 -0.6304 -0.1127 0.6148 0.3959 -0.6644 -0.1547 0.6359 -0.2344 -0.7234 0.1322 0.6539 0.0872 -0.7183 0.221 0.6221 0.0812 0.7733 -0.0914 0.6975 0.2299 -0.6774 0.0425 0.65 -0.24 -0.6948 -0.1924 0.8455 -0.009 0.533 -0.0296
