rt-uaw rt-uax rt-uay rt-uaz rt-faw rt-fax rt-fay rt-faz rt-thw rt-thx rt-thy rt-thz rt-llw rt-llx rt-lly rt-llz rt-ftw rt-ftx rt-fty rt-ftz lt-uaw lt-uax lt-uay lt-uaz lt-faw lt-fax lt-fay lt-faz lt-thw lt-thx lt-thy lt-thz lt-llw lt-llx lt-lly lt-llz lt-ftw lt-ftx lt-fty lt-ftz 
0.7653 -0.0437 -0.6401 -0.0532 0.5968 -0.2719 -0.7543 -0.0312 0.757 0.0866 -0.6425 -0.0815 0.7612 0.1528 -0.6262 -0.0724 0.6583 -0.2279 -0.715 -0.059 0.741 0.2693 -0.6151 0.0069 0.9353 0.1818 0.3011 -0.0383 0.7001 -0.1238 -0.6957 -0.1031 0.7583 -0.1553 -0.6326 -0.0276 0.9341 -0.192 0.2929 0.0696
0.7653 -0.0437 -0.6401 -0.0532 0.5968 -0.2719 -0.7543 -0.0312 0.757 0.0866 -0.6425 -0.0815 0.7612 0.1528 -0.6262 -0.0724 0.6583 -0.2279 -0.715 -0.059 0.741 0.2693 -0.6151 0.0069 0.9353 0.1818 0.3011 -0.0383 0.7001 -0.1238 -0.6957 -0.1031 0.7583 -0.1553 -0.6326 -0.0276 0.9341 -0.192 0.2929 0.0696
0.7653 -0.0437 -0.6401 -0.0532 0.5968 -0.2719 -0.7543 -0.0312 0.757 0.0866 -0.6425 -0.0815 0.7612 0.1528 -0.6262 -0.0724 0.6583 -0.2279 -0.715 -0.059 0.7334 0.2737 -0.6222 -0.0097 0.9353 0.1818 0.3011 -0.0383 0.7001 -0.1238 -0.6957 -0.1031 0.7583 -0.1553 -0.6326 -0.0276 0.9341 -0.192 0.2929 0.0696
0.7732 -0.0382 -0.6299 -0.062 0.5968 -0.2719 -0.7543 -0.0312 0.757 0.0866 -0.6425 -0.0815 0.7612 0.1528 -0.6262 -0.0724 0.6583 -0.2279 -0.715 -0.059 0.7334 0.2737 -0.6222 -0.0097 0.9353 0.1818 0.3011 -0.0383 0.7001 -0.1238 -0.6957 -0.1031 0.7583 -0.1553 -0.6326 -0.0276 0.9341 -0.192 0.2929 0.0696
0.7732 -0.0382 -0.6299 -0.062 0.5968 -0.2719 -0.7543 -0.0312 0.7395 0.0785 -0.6626 -0.0891 0.7612 0.1528 -0.6262 -0.0724 0.6583 -0.2279 -0.715 -0.059 0.7334 0.2737 -0.6222 -0.0097 0.9316 0.1833 0.3118 -0.0362 0.7001 -0.1238 -0.6957 -0.1031 0.7411 -0.2024 -0.6393 0.0316 0.9341 -0.192 0.2929 0.0696
0.7732 -0.0382 -0.6299 -0.062 0.5968 -0.2719 -0.7543 -0.0312 0.7395 0.0785 -0.6626 -0.0891 0.7612 0.1528 -0.6262 -0.0724 0.6583 -0.2279 -0.715 -0.059 0.7334 0.2737 -0.6222 -0.0097 0.9316 0.1833 0.3118 -0.0362 0.7001 -0.1238 -0.6957 -0.1031 0.7411 -0.2024 -0.6393 0.0316 0.9341 -0.192 0.2929 0.0696
0.7732 -0.0382 -0.6299 -0.062 0.6224 -0.2375 -0.7414 -0.0806 0.7395 0.0785 -0.6626 -0.0891 0.7612 0.1528 -0.6262 -0.0724 0.6583 -0.2279 -0.715 -0.059 0.7334 0.2737 -0.6222 -0.0097 0.9316 0.1833 0.3118 -0.0362 0.7001 -0.1238 -0.6957 -0.1031 0.7411 -0.2024 -0.6393 0.0316 0.8793 -0.22 0.4106 0.0986
0.7732 -0.0382 -0.6299 -0.062 0.6224 -0.2375 -0.7414 -0.0806 0.7395 0.0785 -0.6626 -0.0891 0.7612 0.1528 -0.6262 -0.0724 0.6583 -0.2279 -0.715 -0.059 0.7334 0.2737 -0.6222 -0.0097 0.9316 0.1833 0.3118 -0.0362 0.7001 -0.1238 -0.6957 -0.1031 0.7411 -0.2024 -0.6393 0.0316 0.8793 -0.22 0.4106 0.0986
0.7732 -0.0382 -0.6299 -0.062 0.6224 -0.2375 -0.7414 -0.0806 0.7395 0.0785 -0.6626 -0.0891 0.7612 0.1528 -0.6262 -0.0724 0.6583 -0.2279 -0.715 -0.059 0.7334 0.2737 -0.6222 -0.0097 0.9316 0.1833 0.3118 -0.0362 0.7001 -0.1238 -0.6957 -0.1031 0.7411 -0.2024 -0.6393 0.0316 0.8793 -0.22 0.4106 0.0986
0.7732 -0.0382 -0.6299 -0.062 0.6224 -0.2375 -0.7414 -0.0806 0.7395 0.0785 -0.6626 -0.0891 0.7612 0.1528 -0.6262 -0.0724 0.6583 -0.2279 -0.715 -0.059 0.7342 0.2706 -0.6219 -0.0303 0.9316 0.1833 0.3118 -0.0362 0.7001 -0.1238 -0.6957 -0.1031 0.7411 -0.2024 -0.6393 0.0316 0.8793 -0.22 0.4106 0.0986
0.7781 0.0058 -0.627 -0.0371 0.6224 -0.2375 -0.7414 -0.0806 0.7395 0.0785 -0.6626 -0.0891 0.7612 0.1528 -0.6262 -0.0724 0.6583 -0.2279 -0.715 -0.059 0.7342 0.2706 -0.6219 -0.0303 0.9296 0.1835 0.3177 -0.0347 0.7001 -0.1238 -0.6957 -0.1031 0.7411 -0.2024 -0.6393 0.0316 0.8793 -0.22 0.4106 0.0986
0.7781 0.0058 -0.627 -0.0371 0.6224 -0.2375 -0.7414 -0.0806 0.7395 0.0785 -0.6626 -0.0891 0.7612 0.1528 -0.6262 -0.0724 0.6583 -0.2279 -0.715 -0.059 0.7342 0.2706 -0.6219 -0.0303 0.9296 0.1835 0.3177 -0.0347 0.7001 -0.1238 -0.6957 -0.1031 0.7411 -0.2024 -0.6393 0.0316 0.8793 -0.22 0.4106 0.0986
0.7781 0.0058 -0.627 -0.0371 0.6224 -0.2375 -0.7414 -0.0806 0.7454 0.1117 -0.6572 -0.0032 0.7612 0.1528 -0.6262 -0.0724 0.6583 -0.2279 -0.715 -0.059 0.7342 0.2706 -0.6219 -0.0303 0.9296 0.1835 0.3177 -0.0347 0.7001 -0.1238 -0.6957 -0.1031 0.7327 -0.0864 -0.6691 -0.0887 0.8793 -0.22 0.4106 0.0986
0.7781 0.0058 -0.627 -0.0371 0.6224 -0.2375 -0.7414 -0.0806 0.7454 0.1117 -0.6572 -0.0032 0.7612 0.1528 -0.6262 -0.0724 0.6583 -0.2279 -0.715 -0.059 0.7342 0.2706 -0.6219 -0.0303 0.9296 0.1835 0.3177 -0.0347 0.7001 -0.1238 -0.6957 -0.1031 0.7327 -0.0864 -0.6691 -0.0887 0.8793 -0.22 0.4106 0.0986
0.7781 0.0058 -0.627 -0.0371 0.6346 -0.1909 -0.7468 -0.0561 0.7454 0.1117 -0.6572 -0.0032 0.7612 0.1528 -0.6262 -0.0724 0.6583 -0.2279 -0.715 -0.059 0.7342 0.2706 -0.6219 -0.0303 0.9296 0.1835 0.3177 -0.0347 0.7001 -0.1238 -0.6957 -0.1031 0.7327 -0.0864 -0.6691 -0.0887 0.9227 -0.242 0.2963 0.0465
0.7781 0.0058 -0.627 -0.0371 0.6346 -0.1909 -0.7468 -0.0561 0.7454 0.1117 -0.6572 -0.0032 0.7612 0.1528 -0.6262 -0.0724 0.6583 -0.2279 -0.715 -0.059 0.7342 0.2706 -0.6219 -0.0303 0.9296 0.1835 0.3177 -0.0347 0.7001 -0.1238 -0.6957 -0.1031 0.7327 -0.0864 -0.6691 -0.0887 0.9227 -0.242 0.2963 0.0465
0.7792 0.0443 -0.6251 0.0049 0.6346 -0.1909 -0.7468 -0.0561 0.7454 0.1117 -0.6572 -0.0032 0.7612 0.1528 -0.6262 -0.0724 0.6583 -0.2279 -0.715 -0.059 0.733 0.2878 -0.6143 -0.0496 0.9296 0.1835 0.3177 -0.0347 0.7001 -0.1238 -0.6957 -0.1031 0.7327 -0.0864 -0.6691 -0.0887 0.9227 -0.242 0.2963 0.0465
0.7792 0.0443 -0.6251 0.0049 0.6346 -0.1909 -0.7468 -0.0561 0.7454 0.1117 -0.6572 -0.0032 0.7612 0.1528 -0.6262 -0.0724 0.6583 -0.2279 -0.715 -0.059 0.733 0.2878 -0.6143 -0.0496 0.9296 0.1835 0.3177 -0.0347 0.7001 -0.1238 -0.6957 -0.1031 0.7327 -0.0864 -0.6691 -0.0887 0.9227 -0.242 0.2963 0.0465
0.7792 0.0443 -0.6251 0.0049 0.6346 -0.1909 -0.7468 -0.0561 0.7605 0.1259 -0.6346 0.0554 0.7612 0.1528 -0.6262 -0.0724 0.6583 -0.2279 -0.715 -0.059 0.733 0.2878 -0.6143 -0.0496 0.9284 0.1737 0.3258 -0.0408 0.7001 -0.1238 -0.6957 -0.1031 0.7148 0.0571 -0.6575 -0.2312 0.9227 -0.242 0.2963 0.0465
0.7792 0.0443 -0.6251 0.0049 0.6346 -0.1909 -0.7468 -0.0561 0.7605 0.1259 -0.6346 0.0554 0.7612 0.1528 -0.6262 -0.0724 0.6583 -0.2279 -0.715 -0.059 0.733 0.2878 -0.6143 -0.0496 0.9284 0.1737 0.3258 -0.0408 0.7001 -0.1238 -0.6957 -0.1031 0.7148 0.0571 -0.6575 -0.2312 0.9554 -0.2507 0.1562 1.0E-4
0.7792 0.0443 -0.6251 0.0049 0.6346 -0.1909 -0.7468 -0.0561 0.7605 0.1259 -0.6346 0.0554 0.7612 0.1528 -0.6262 -0.0724 0.6583 -0.2279 -0.715 -0.059 0.733 0.2878 -0.6143 -0.0496 0.9284 0.1737 0.3258 -0.0408 0.7001 -0.1238 -0.6957 -0.1031 0.7148 0.0571 -0.6575 -0.2312 0.9554 -0.2507 0.1562 1.0E-4
0.7792 0.0443 -0.6251 0.0049 0.6346 -0.1909 -0.7468 -0.0561 0.7605 0.1259 -0.6346 0.0554 0.7612 0.1528 -0.6262 -0.0724 0.6583 -0.2279 -0.715 -0.059 0.733 0.2878 -0.6143 -0.0496 0.9284 0.1737 0.3258 -0.0408 0.7001 -0.1238 -0.6957 -0.1031 0.7148 0.0571 -0.6575 -0.2312 0.9554 -0.2507 0.1562 1.0E-4
0.7792 0.0443 -0.6251 0.0049 0.6346 -0.1909 -0.7468 -0.0561 0.7605 0.1259 -0.6346 0.0554 0.7612 0.1528 -0.6262 -0.0724 0.6583 -0.2279 -0.715 -0.059 0.733 0.2878 -0.6143 -0.0496 0.9284 0.1737 0.3258 -0.0408 0.7001 -0.1238 -0.6957 -0.1031 0.7148 0.0571 -0.6575 -0.2312 0.9554 -0.2507 0.1562 1.0E-4
0.7792 0.0443 -0.6251 0.0049 0.6346 -0.1909 -0.7468 -0.0561 0.7605 0.1259 -0.6346 0.0554 0.7612 0.1528 -0.6262 -0.0724 0.6583 -0.2279 -0.715 -0.059 0.7402 0.3036 -0.5908 -0.1044 0.9284 0.1737 0.3258 -0.0408 0.7001 -0.1238 -0.6957 -0.1031 0.7148 0.0571 -0.6575 -0.2312 0.9554 -0.2507 0.1562 1.0E-4
0.767 0.0741 -0.6357 0.0458 0.6346 -0.1909 -0.7468 -0.0561 0.7605 0.1259 -0.6346 0.0554 0.7612 0.1528 -0.6262 -0.0724 0.6583 -0.2279 -0.715 -0.059 0.7402 0.3036 -0.5908 -0.1044 0.9284 0.1737 0.3258 -0.0408 0.7001 -0.1238 -0.6957 -0.1031 0.7148 0.0571 -0.6575 -0.2312 0.9554 -0.2507 0.1562 1.0E-4
0.767 0.0741 -0.6357 0.0458 0.6346 -0.1909 -0.7468 -0.0561 0.7605 0.1259 -0.6346 0.0554 0.7612 0.1528 -0.6262 -0.0724 0.6583 -0.2279 -0.715 -0.059 0.7402 0.3036 -0.5908 -0.1044 0.9284 0.1737 0.3258 -0.0408 0.7001 -0.1238 -0.6957 -0.1031 0.7148 0.0571 -0.6575 -0.2312 0.9554 -0.2507 0.1562 1.0E-4
0.767 0.0741 -0.6357 0.0458 0.6346 -0.1909 -0.7468 -0.0561 0.7605 0.1259 -0.6346 0.0554 0.7612 0.1528 -0.6262 -0.0724 0.6583 -0.2279 -0.715 -0.059 0.7402 0.3036 -0.5908 -0.1044 0.9284 0.1737 0.3258 -0.0408 0.7001 -0.1238 -0.6957 -0.1031 0.7089 0.0523 -0.6718 -0.2082 0.9487 -0.248 0.196 4.0E-4
0.767 0.0741 -0.6357 0.0458 0.6177 -0.1764 -0.7654 -0.039 0.7605 0.1259 -0.6346 0.0554 0.7612 0.1528 -0.6262 -0.0724 0.6583 -0.2279 -0.715 -0.059 0.7402 0.3036 -0.5908 -0.1044 0.9284 0.1737 0.3258 -0.0408 0.7001 -0.1238 -0.6957 -0.1031 0.7089 0.0523 -0.6718 -0.2082 0.9487 -0.248 0.196 4.0E-4
0.767 0.0741 -0.6357 0.0458 0.6177 -0.1764 -0.7654 -0.039 0.7605 0.1259 -0.6346 0.0554 0.7612 0.1528 -0.6262 -0.0724 0.6583 -0.2279 -0.715 -0.059 0.7402 0.3036 -0.5908 -0.1044 0.9284 0.1737 0.3258 -0.0408 0.7001 -0.1238 -0.6957 -0.1031 0.7089 0.0523 -0.6718 -0.2082 0.9487 -0.248 0.196 4.0E-4
0.767 0.0741 -0.6357 0.0458 0.6177 -0.1764 -0.7654 -0.039 0.7605 0.1259 -0.6346 0.0554 0.7612 0.1528 -0.6262 -0.0724 0.6583 -0.2279 -0.715 -0.059 0.7402 0.3036 -0.5908 -0.1044 0.9284 0.1737 0.3258 -0.0408 0.7001 -0.1238 -0.6957 -0.1031 0.7089 0.0523 -0.6718 -0.2082 0.9487 -0.248 0.196 4.0E-4
0.767 0.0741 -0.6357 0.0458 0.6177 -0.1764 -0.7654 -0.039 0.7605 0.1259 -0.6346 0.0554 0.7612 0.1528 -0.6262 -0.0724 0.6583 -0.2279 -0.715 -0.059 0.7538 0.3456 -0.5189 -0.2078 0.9284 0.1737 0.3258 -0.0408 0.7001 -0.1238 -0.6957 -0.1031 0.7089 0.0523 -0.6718 -0.2082 0.9487 -0.248 0.196 4.0E-4
0.7762 0.0603 -0.6272 0.0213 0.6177 -0.1764 -0.7654 -0.039 0.7605 0.1259 -0.6346 0.0554 0.7612 0.1528 -0.6262 -0.0724 0.6583 -0.2279 -0.715 -0.059 0.7538 0.3456 -0.5189 -0.2078 0.9284 0.1737 0.3258 -0.0408 0.7001 -0.1238 -0.6957 -0.1031 0.7089 0.0523 -0.6718 -0.2082 0.9487 -0.248 0.196 4.0E-4
0.7762 0.0603 -0.6272 0.0213 0.6177 -0.1764 -0.7654 -0.039 0.7605 0.1259 -0.6346 0.0554 0.7612 0.1528 -0.6262 -0.0724 0.6583 -0.2279 -0.715 -0.059 0.7538 0.3456 -0.5189 -0.2078 0.9284 0.1737 0.3258 -0.0408 0.7001 -0.1238 -0.6957 -0.1031 0.7089 0.0523 -0.6718 -0.2082 0.9487 -0.248 0.196 4.0E-4
0.7762 0.0603 -0.6272 0.0213 0.6177 -0.1764 -0.7654 -0.039 0.7733 0.144 -0.5969 0.1582 0.7612 0.1528 -0.6262 -0.0724 0.6583 -0.2279 -0.715 -0.059 0.7538 0.3456 -0.5189 -0.2078 0.7764 0.1421 0.6041 -0.1097 0.7001 -0.1238 -0.6957 -0.1031 0.6859 -0.0695 -0.6786 -0.2533 0.9388 -0.1874 0.2891 -0.0024
0.7762 0.0603 -0.6272 0.0213 0.6177 -0.1764 -0.7654 -0.039 0.7733 0.144 -0.5969 0.1582 0.7612 0.1528 -0.6262 -0.0724 0.6583 -0.2279 -0.715 -0.059 0.7538 0.3456 -0.5189 -0.2078 0.7764 0.1421 0.6041 -0.1097 0.7001 -0.1238 -0.6957 -0.1031 0.6859 -0.0695 -0.6786 -0.2533 0.9388 -0.1874 0.2891 -0.0024
0.7762 0.0603 -0.6272 0.0213 0.6064 -0.2108 -0.7641 -0.0626 0.7733 0.144 -0.5969 0.1582 0.7612 0.1528 -0.6262 -0.0724 0.6583 -0.2279 -0.715 -0.059 0.7538 0.3456 -0.5189 -0.2078 0.7764 0.1421 0.6041 -0.1097 0.7001 -0.1238 -0.6957 -0.1031 0.6859 -0.0695 -0.6786 -0.2533 0.9388 -0.1874 0.2891 -0.0024
0.7762 0.0603 -0.6272 0.0213 0.6064 -0.2108 -0.7641 -0.0626 0.7733 0.144 -0.5969 0.1582 0.7612 0.1528 -0.6262 -0.0724 0.6583 -0.2279 -0.715 -0.059 0.7139 0.4866 -0.4406 -0.2439 0.7764 0.1421 0.6041 -0.1097 0.7001 -0.1238 -0.6957 -0.1031 0.6859 -0.0695 -0.6786 -0.2533 0.9388 -0.1874 0.2891 -0.0024
0.7801 0.0313 -0.6244 -0.0241 0.6064 -0.2108 -0.7641 -0.0626 0.7733 0.144 -0.5969 0.1582 0.7612 0.1528 -0.6262 -0.0724 0.6583 -0.2279 -0.715 -0.059 0.7139 0.4866 -0.4406 -0.2439 0.7764 0.1421 0.6041 -0.1097 0.7001 -0.1238 -0.6957 -0.1031 0.6859 -0.0695 -0.6786 -0.2533 0.9388 -0.1874 0.2891 -0.0024
0.7801 0.0313 -0.6244 -0.0241 0.6064 -0.2108 -0.7641 -0.0626 0.7733 0.144 -0.5969 0.1582 0.7612 0.1528 -0.6262 -0.0724 0.6583 -0.2279 -0.715 -0.059 0.7139 0.4866 -0.4406 -0.2439 0.7764 0.1421 0.6041 -0.1097 0.7001 -0.1238 -0.6957 -0.1031 0.6859 -0.0695 -0.6786 -0.2533 0.9388 -0.1874 0.2891 -0.0024
0.7801 0.0313 -0.6244 -0.0241 0.6064 -0.2108 -0.7641 -0.0626 0.7742 0.0911 -0.6215 0.0786 0.7612 0.1528 -0.6262 -0.0724 0.6583 -0.2279 -0.715 -0.059 0.7139 0.4866 -0.4406 -0.2439 0.6624 0.072 0.7263 -0.1691 0.7001 -0.1238 -0.6957 -0.1031 0.6946 -0.0701 -0.6975 -0.1611 0.9388 -0.1874 0.2891 -0.0024
0.7801 0.0313 -0.6244 -0.0241 0.6064 -0.2108 -0.7641 -0.0626 0.7742 0.0911 -0.6215 0.0786 0.7612 0.1528 -0.6262 -0.0724 0.6583 -0.2279 -0.715 -0.059 0.7139 0.4866 -0.4406 -0.2439 0.6624 0.072 0.7263 -0.1691 0.7001 -0.1238 -0.6957 -0.1031 0.6946 -0.0701 -0.6975 -0.1611 0.9388 -0.1874 0.2891 -0.0024
0.7801 0.0313 -0.6244 -0.0241 0.6049 -0.2509 -0.751 -0.0842 0.7742 0.0911 -0.6215 0.0786 0.7612 0.1528 -0.6262 -0.0724 0.6583 -0.2279 -0.715 -0.059 0.7139 0.4866 -0.4406 -0.2439 0.6624 0.072 0.7263 -0.1691 0.6723 -0.1552 -0.7025 -0.1746 0.6946 -0.0701 -0.6975 -0.1611 0.9359 -0.188 0.2981 -0.0012
0.7801 0.0313 -0.6244 -0.0241 0.6049 -0.2509 -0.751 -0.0842 0.7742 0.0911 -0.6215 0.0786 0.7612 0.1528 -0.6262 -0.0724 0.6583 -0.2279 -0.715 -0.059 0.7139 0.4866 -0.4406 -0.2439 0.6624 0.072 0.7263 -0.1691 0.6723 -0.1552 -0.7025 -0.1746 0.6946 -0.0701 -0.6975 -0.1611 0.9359 -0.188 0.2981 -0.0012
0.7801 0.0313 -0.6244 -0.0241 0.6049 -0.2509 -0.751 -0.0842 0.7742 0.0911 -0.6215 0.0786 0.7612 0.1528 -0.6262 -0.0724 0.6583 -0.2279 -0.715 -0.059 0.7139 0.4866 -0.4406 -0.2439 0.6624 0.072 0.7263 -0.1691 0.6723 -0.1552 -0.7025 -0.1746 0.6946 -0.0701 -0.6975 -0.1611 0.9359 -0.188 0.2981 -0.0012
0.7801 0.0313 -0.6244 -0.0241 0.6049 -0.2509 -0.751 -0.0842 0.7742 0.0911 -0.6215 0.0786 0.7612 0.1528 -0.6262 -0.0724 0.6583 -0.2279 -0.715 -0.059 0.7537 0.4246 -0.4666 -0.184 0.6624 0.072 0.7263 -0.1691 0.6723 -0.1552 -0.7025 -0.1746 0.6946 -0.0701 -0.6975 -0.1611 0.9359 -0.188 0.2981 -0.0012
0.7892 -0.0177 -0.6066 -0.0934 0.6049 -0.2509 -0.751 -0.0842 0.7742 0.0911 -0.6215 0.0786 0.7612 0.1528 -0.6262 -0.0724 0.6583 -0.2279 -0.715 -0.059 0.7537 0.4246 -0.4666 -0.184 0.6624 0.072 0.7263 -0.1691 0.6723 -0.1552 -0.7025 -0.1746 0.6946 -0.0701 -0.6975 -0.1611 0.9359 -0.188 0.2981 -0.0012
0.7892 -0.0177 -0.6066 -0.0934 0.6049 -0.2509 -0.751 -0.0842 0.7756 0.0777 -0.6255 -0.0348 0.7612 0.1528 -0.6262 -0.0724 0.6583 -0.2279 -0.715 -0.059 0.7537 0.4246 -0.4666 -0.184 0.8267 0.0979 0.5394 -0.1265 0.6723 -0.1552 -0.7025 -0.1746 0.6996 -0.1135 -0.6966 -0.1117 0.9359 -0.188 0.2981 -0.0012
0.7892 -0.0177 -0.6066 -0.0934 0.6049 -0.2509 -0.751 -0.0842 0.7756 0.0777 -0.6255 -0.0348 0.7612 0.1528 -0.6262 -0.0724 0.6583 -0.2279 -0.715 -0.059 0.7537 0.4246 -0.4666 -0.184 0.8267 0.0979 0.5394 -0.1265 0.6723 -0.1552 -0.7025 -0.1746 0.6996 -0.1135 -0.6966 -0.1117 0.9359 -0.188 0.2981 -0.0012
0.7892 -0.0177 -0.6066 -0.0934 0.6049 -0.2509 -0.751 -0.0842 0.7756 0.0777 -0.6255 -0.0348 0.7876 0.1619 -0.5945 -0.0034 0.7277 -0.3093 -0.6003 0.1202 0.7537 0.4246 -0.4666 -0.184 0.8267 0.0979 0.5394 -0.1265 0.6723 -0.1552 -0.7025 -0.1746 0.6996 -0.1135 -0.6966 -0.1117 0.9315 -0.1805 0.3157 0.0094
0.7892 -0.0177 -0.6066 -0.0934 0.6049 -0.2509 -0.751 -0.0842 0.7756 0.0777 -0.6255 -0.0348 0.7876 0.1619 -0.5945 -0.0034 0.7277 -0.3093 -0.6003 0.1202 0.7537 0.4246 -0.4666 -0.184 0.8267 0.0979 0.5394 -0.1265 0.6723 -0.1552 -0.7025 -0.1746 0.6996 -0.1135 -0.6966 -0.1117 0.9315 -0.1805 0.3157 0.0094
0.7892 -0.0177 -0.6066 -0.0934 0.6049 -0.2509 -0.751 -0.0842 0.7756 0.0777 -0.6255 -0.0348 0.7876 0.1619 -0.5945 -0.0034 0.7277 -0.3093 -0.6003 0.1202 0.7537 0.4246 -0.4666 -0.184 0.8267 0.0979 0.5394 -0.1265 0.6723 -0.1552 -0.7025 -0.1746 0.6996 -0.1135 -0.6966 -0.1117 0.9315 -0.1805 0.3157 0.0094
0.7892 -0.0177 -0.6066 -0.0934 0.6049 -0.2509 -0.751 -0.0842 0.7756 0.0777 -0.6255 -0.0348 0.7876 0.1619 -0.5945 -0.0034 0.7277 -0.3093 -0.6003 0.1202 0.7634 0.174 -0.6219 -0.0104 0.8267 0.0979 0.5394 -0.1265 0.6723 -0.1552 -0.7025 -0.1746 0.6996 -0.1135 -0.6966 -0.1117 0.9315 -0.1805 0.3157 0.0094
0.7908 -0.0513 -0.593 -0.1428 0.6049 -0.2509 -0.751 -0.0842 0.7756 0.0777 -0.6255 -0.0348 0.7876 0.1619 -0.5945 -0.0034 0.7277 -0.3093 -0.6003 0.1202 0.7634 0.174 -0.6219 -0.0104 0.8267 0.0979 0.5394 -0.1265 0.6723 -0.1552 -0.7025 -0.1746 0.6996 -0.1135 -0.6966 -0.1117 0.9315 -0.1805 0.3157 0.0094
0.7908 -0.0513 -0.593 -0.1428 0.6049 -0.2509 -0.751 -0.0842 0.7806 0.1149 -0.6069 -0.0961 0.7876 0.1619 -0.5945 -0.0034 0.7277 -0.3093 -0.6003 0.1202 0.7634 0.174 -0.6219 -0.0104 0.9294 0.2645 0.2517 -0.0529 0.6723 -0.1552 -0.7025 -0.1746 0.7036 -0.1549 -0.692 -0.0468 0.9315 -0.1805 0.3157 0.0094
0.7908 -0.0513 -0.593 -0.1428 0.6049 -0.2509 -0.751 -0.0842 0.7806 0.1149 -0.6069 -0.0961 0.7876 0.1619 -0.5945 -0.0034 0.7277 -0.3093 -0.6003 0.1202 0.7634 0.174 -0.6219 -0.0104 0.9294 0.2645 0.2517 -0.0529 0.6723 -0.1552 -0.7025 -0.1746 0.7036 -0.1549 -0.692 -0.0468 0.9315 -0.1805 0.3157 0.0094
0.7908 -0.0513 -0.593 -0.1428 0.6049 -0.2509 -0.751 -0.0842 0.7806 0.1149 -0.6069 -0.0961 0.7753 0.2442 -0.5751 -0.0921 0.7277 -0.3093 -0.6003 0.1202 0.7634 0.174 -0.6219 -0.0104 0.9294 0.2645 0.2517 -0.0529 0.6723 -0.1552 -0.7025 -0.1746 0.7036 -0.1549 -0.692 -0.0468 0.9315 -0.1805 0.3157 0.0094
0.7908 -0.0513 -0.593 -0.1428 0.6049 -0.2509 -0.751 -0.0842 0.7806 0.1149 -0.6069 -0.0961 0.7753 0.2442 -0.5751 -0.0921 0.7277 -0.3093 -0.6003 0.1202 0.7634 0.174 -0.6219 -0.0104 0.9294 0.2645 0.2517 -0.0529 0.6723 -0.1552 -0.7025 -0.1746 0.7036 -0.1549 -0.692 -0.0468 0.9315 -0.1805 0.3157 0.0094
0.7908 -0.0513 -0.593 -0.1428 0.6049 -0.2509 -0.751 -0.0842 0.7806 0.1149 -0.6069 -0.0961 0.7753 0.2442 -0.5751 -0.0921 0.7277 -0.3093 -0.6003 0.1202 0.7634 0.174 -0.6219 -0.0104 0.9294 0.2645 0.2517 -0.0529 0.6723 -0.1552 -0.7025 -0.1746 0.7036 -0.1549 -0.692 -0.0468 0.9315 -0.1805 0.3157 0.0094
0.7908 -0.0513 -0.593 -0.1428 0.6049 -0.2509 -0.751 -0.0842 0.7806 0.1149 -0.6069 -0.0961 0.7753 0.2442 -0.5751 -0.0921 0.7277 -0.3093 -0.6003 0.1202 0.706 0.0513 -0.6979 0.1087 0.9294 0.2645 0.2517 -0.0529 0.6723 -0.1552 -0.7025 -0.1746 0.7036 -0.1549 -0.692 -0.0468 0.9315 -0.1805 0.3157 0.0094
0.7882 -0.0831 -0.5802 -0.1877 0.6049 -0.2509 -0.751 -0.0842 0.7806 0.1149 -0.6069 -0.0961 0.7753 0.2442 -0.5751 -0.0921 0.7277 -0.3093 -0.6003 0.1202 0.706 0.0513 -0.6979 0.1087 0.9294 0.2645 0.2517 -0.0529 0.6723 -0.1552 -0.7025 -0.1746 0.7036 -0.1549 -0.692 -0.0468 0.9315 -0.1805 0.3157 0.0094
0.7882 -0.0831 -0.5802 -0.1877 0.6049 -0.2509 -0.751 -0.0842 0.7799 0.1495 -0.6002 -0.0956 0.7753 0.2442 -0.5751 -0.0921 0.7277 -0.3093 -0.6003 0.1202 0.706 0.0513 -0.6979 0.1087 0.9335 0.2924 0.1993 0.0582 0.6723 -0.1552 -0.7025 -0.1746 0.7036 -0.1549 -0.692 -0.0468 0.9315 -0.1805 0.3157 0.0094
0.7882 -0.0831 -0.5802 -0.1877 0.6049 -0.2509 -0.751 -0.0842 0.7799 0.1495 -0.6002 -0.0956 0.7753 0.2442 -0.5751 -0.0921 0.7277 -0.3093 -0.6003 0.1202 0.706 0.0513 -0.6979 0.1087 0.9335 0.2924 0.1993 0.0582 0.6723 -0.1552 -0.7025 -0.1746 0.7036 -0.1549 -0.692 -0.0468 0.9315 -0.1805 0.3157 0.0094
0.7882 -0.0831 -0.5802 -0.1877 0.6609 -0.3088 -0.6581 -0.1863 0.7799 0.1495 -0.6002 -0.0956 0.7753 0.2442 -0.5751 -0.0921 0.7277 -0.3093 -0.6003 0.1202 0.706 0.0513 -0.6979 0.1087 0.9335 0.2924 0.1993 0.0582 0.6502 -0.1927 -0.7335 -0.0464 0.7068 -0.2353 -0.6653 0.0486 0.9315 -0.1805 0.3157 0.0094
0.7882 -0.0831 -0.5802 -0.1877 0.6609 -0.3088 -0.6581 -0.1863 0.7799 0.1495 -0.6002 -0.0956 0.7753 0.2442 -0.5751 -0.0921 0.7277 -0.3093 -0.6003 0.1202 0.706 0.0513 -0.6979 0.1087 0.9335 0.2924 0.1993 0.0582 0.6502 -0.1927 -0.7335 -0.0464 0.7068 -0.2353 -0.6653 0.0486 0.9315 -0.1805 0.3157 0.0094
0.7882 -0.0831 -0.5802 -0.1877 0.6609 -0.3088 -0.6581 -0.1863 0.7799 0.1495 -0.6002 -0.0956 0.7753 0.2442 -0.5751 -0.0921 0.7277 -0.3093 -0.6003 0.1202 0.7116 0.2234 -0.6517 0.1378 0.9335 0.2924 0.1993 0.0582 0.6502 -0.1927 -0.7335 -0.0464 0.7068 -0.2353 -0.6653 0.0486 0.9315 -0.1805 0.3157 0.0094
0.7882 -0.0831 -0.5802 -0.1877 0.6609 -0.3088 -0.6581 -0.1863 0.7799 0.1495 -0.6002 -0.0956 0.7753 0.2442 -0.5751 -0.0921 0.7277 -0.3093 -0.6003 0.1202 0.7116 0.2234 -0.6517 0.1378 0.9335 0.2924 0.1993 0.0582 0.6502 -0.1927 -0.7335 -0.0464 0.7068 -0.2353 -0.6653 0.0486 0.9315 -0.1805 0.3157 0.0094
0.7793 -0.083 -0.5966 -0.173 0.6609 -0.3088 -0.6581 -0.1863 0.7799 0.1495 -0.6002 -0.0956 0.7753 0.2442 -0.5751 -0.0921 0.7277 -0.3093 -0.6003 0.1202 0.7116 0.2234 -0.6517 0.1378 0.9335 0.2924 0.1993 0.0582 0.6502 -0.1927 -0.7335 -0.0464 0.7068 -0.2353 -0.6653 0.0486 0.9315 -0.1805 0.3157 0.0094
0.7793 -0.083 -0.5966 -0.173 0.6609 -0.3088 -0.6581 -0.1863 0.7799 0.1495 -0.6002 -0.0956 0.7753 0.2442 -0.5751 -0.0921 0.7277 -0.3093 -0.6003 0.1202 0.7116 0.2234 -0.6517 0.1378 0.9335 0.2924 0.1993 0.0582 0.6502 -0.1927 -0.7335 -0.0464 0.7068 -0.2353 -0.6653 0.0486 0.9315 -0.1805 0.3157 0.0094
0.7793 -0.083 -0.5966 -0.173 0.6609 -0.3088 -0.6581 -0.1863 0.7799 0.1495 -0.6002 -0.0956 0.7753 0.2442 -0.5751 -0.0921 0.7277 -0.3093 -0.6003 0.1202 0.7116 0.2234 -0.6517 0.1378 0.9343 0.1646 0.3153 0.026 0.6502 -0.1927 -0.7335 -0.0464 0.66 -0.3824 -0.6214 0.1791 0.9315 -0.1805 0.3157 0.0094
0.7793 -0.083 -0.5966 -0.173 0.6609 -0.3088 -0.6581 -0.1863 0.7799 0.1495 -0.6002 -0.0956 0.7753 0.2442 -0.5751 -0.0921 0.7277 -0.3093 -0.6003 0.1202 0.7116 0.2234 -0.6517 0.1378 0.9343 0.1646 0.3153 0.026 0.6502 -0.1927 -0.7335 -0.0464 0.66 -0.3824 -0.6214 0.1791 0.9315 -0.1805 0.3157 0.0094
0.7793 -0.083 -0.5966 -0.173 0.6609 -0.3088 -0.6581 -0.1863 0.7799 0.1495 -0.6002 -0.0956 0.7753 0.2442 -0.5751 -0.0921 0.7277 -0.3093 -0.6003 0.1202 0.7116 0.2234 -0.6517 0.1378 0.9343 0.1646 0.3153 0.026 0.6502 -0.1927 -0.7335 -0.0464 0.66 -0.3824 -0.6214 0.1791 0.9315 -0.1805 0.3157 0.0094
0.7793 -0.083 -0.5966 -0.173 0.6609 -0.3088 -0.6581 -0.1863 0.7799 0.1495 -0.6002 -0.0956 0.7753 0.2442 -0.5751 -0.0921 0.7277 -0.3093 -0.6003 0.1202 0.7116 0.2234 -0.6517 0.1378 0.9343 0.1646 0.3153 0.026 0.6502 -0.1927 -0.7335 -0.0464 0.66 -0.3824 -0.6214 0.1791 0.9315 -0.1805 0.3157 0.0094
0.7793 -0.083 -0.5966 -0.173 0.6609 -0.3088 -0.6581 -0.1863 0.7799 0.1495 -0.6002 -0.0956 0.7753 0.2442 -0.5751 -0.0921 0.7277 -0.3093 -0.6003 0.1202 0.7107 0.2681 -0.6454 0.0802 0.9343 0.1646 0.3153 0.026 0.6502 -0.1927 -0.7335 -0.0464 0.66 -0.3824 -0.6214 0.1791 0.9315 -0.1805 0.3157 0.0094
0.7817 -0.0639 -0.6122 -0.1004 0.6609 -0.3088 -0.6581 -0.1863 0.7799 0.1495 -0.6002 -0.0956 0.7753 0.2442 -0.5751 -0.0921 0.7277 -0.3093 -0.6003 0.1202 0.7107 0.2681 -0.6454 0.0802 0.9343 0.1646 0.3153 0.026 0.6502 -0.1927 -0.7335 -0.0464 0.66 -0.3824 -0.6214 0.1791 0.9315 -0.1805 0.3157 0.0094
0.7817 -0.0639 -0.6122 -0.1004 0.6609 -0.3088 -0.6581 -0.1863 0.7623 0.1413 -0.6315 -0.0107 0.7753 0.2442 -0.5751 -0.0921 0.7277 -0.3093 -0.6003 0.1202 0.7107 0.2681 -0.6454 0.0802 0.9357 0.1548 0.3165 0.0165 0.6502 -0.1927 -0.7335 -0.0464 0.66 -0.3824 -0.6214 0.1791 0.9315 -0.1805 0.3157 0.0094
0.7817 -0.0639 -0.6122 -0.1004 0.6609 -0.3088 -0.6581 -0.1863 0.7623 0.1413 -0.6315 -0.0107 0.7753 0.2442 -0.5751 -0.0921 0.7277 -0.3093 -0.6003 0.1202 0.7107 0.2681 -0.6454 0.0802 0.9357 0.1548 0.3165 0.0165 0.6502 -0.1927 -0.7335 -0.0464 0.66 -0.3824 -0.6214 0.1791 0.9315 -0.1805 0.3157 0.0094
0.7817 -0.0639 -0.6122 -0.1004 0.614 -0.3035 -0.7225 -0.0941 0.7623 0.1413 -0.6315 -0.0107 0.7753 0.2442 -0.5751 -0.0921 0.6575 -0.1868 -0.7296 0.021 0.7107 0.2681 -0.6454 0.0802 0.9357 0.1548 0.3165 0.0165 0.6502 -0.1927 -0.7335 -0.0464 0.7174 -0.2936 -0.6247 0.0944 0.7936 -0.153 0.5791 0.1072
0.7817 -0.0639 -0.6122 -0.1004 0.614 -0.3035 -0.7225 -0.0941 0.7623 0.1413 -0.6315 -0.0107 0.7753 0.2442 -0.5751 -0.0921 0.6575 -0.1868 -0.7296 0.021 0.7107 0.2681 -0.6454 0.0802 0.9357 0.1548 0.3165 0.0165 0.6502 -0.1927 -0.7335 -0.0464 0.7174 -0.2936 -0.6247 0.0944 0.7936 -0.153 0.5791 0.1072
0.7817 -0.0639 -0.6122 -0.1004 0.614 -0.3035 -0.7225 -0.0941 0.7623 0.1413 -0.6315 -0.0107 0.7753 0.2442 -0.5751 -0.0921 0.6575 -0.1868 -0.7296 0.021 0.7107 0.2681 -0.6454 0.0802 0.9357 0.1548 0.3165 0.0165 0.6502 -0.1927 -0.7335 -0.0464 0.7174 -0.2936 -0.6247 0.0944 0.7936 -0.153 0.5791 0.1072
0.7817 -0.0639 -0.6122 -0.1004 0.614 -0.3035 -0.7225 -0.0941 0.7623 0.1413 -0.6315 -0.0107 0.7753 0.2442 -0.5751 -0.0921 0.6575 -0.1868 -0.7296 0.021 0.7178 0.2921 -0.6318 0.0149 0.9357 0.1548 0.3165 0.0165 0.6502 -0.1927 -0.7335 -0.0464 0.7174 -0.2936 -0.6247 0.0944 0.7936 -0.153 0.5791 0.1072
0.7817 -0.0639 -0.6122 -0.1004 0.614 -0.3035 -0.7225 -0.0941 0.7623 0.1413 -0.6315 -0.0107 0.7753 0.2442 -0.5751 -0.0921 0.6575 -0.1868 -0.7296 0.021 0.7178 0.2921 -0.6318 0.0149 0.9357 0.1548 0.3165 0.0165 0.6502 -0.1927 -0.7335 -0.0464 0.7174 -0.2936 -0.6247 0.0944 0.7936 -0.153 0.5791 0.1072
0.8002 -0.0433 -0.5972 -0.0342 0.614 -0.3035 -0.7225 -0.0941 0.7653 0.1663 -0.6142 0.0971 0.7753 0.2442 -0.5751 -0.0921 0.6575 -0.1868 -0.7296 0.021 0.7178 0.2921 -0.6318 0.0149 0.9296 0.1534 0.3349 0.0106 0.6502 -0.1927 -0.7335 -0.0464 0.7174 -0.2936 -0.6247 0.0944 0.7936 -0.153 0.5791 0.1072
0.8002 -0.0433 -0.5972 -0.0342 0.614 -0.3035 -0.7225 -0.0941 0.7653 0.1663 -0.6142 0.0971 0.7753 0.2442 -0.5751 -0.0921 0.6575 -0.1868 -0.7296 0.021 0.7178 0.2921 -0.6318 0.0149 0.9296 0.1534 0.3349 0.0106 0.6502 -0.1927 -0.7335 -0.0464 0.7174 -0.2936 -0.6247 0.0944 0.7936 -0.153 0.5791 0.1072
0.8002 -0.0433 -0.5972 -0.0342 0.614 -0.3035 -0.7225 -0.0941 0.7653 0.1663 -0.6142 0.0971 0.7753 0.2442 -0.5751 -0.0921 0.6575 -0.1868 -0.7296 0.021 0.7178 0.2921 -0.6318 0.0149 0.9296 0.1534 0.3349 0.0106 0.703 -0.0173 -0.6483 -0.292 0.7245 -0.0698 -0.6627 -0.1759 0.7936 -0.153 0.5791 0.1072
0.8002 -0.0433 -0.5972 -0.0342 0.614 -0.3035 -0.7225 -0.0941 0.7653 0.1663 -0.6142 0.0971 0.7753 0.2442 -0.5751 -0.0921 0.6575 -0.1868 -0.7296 0.021 0.7178 0.2921 -0.6318 0.0149 0.9296 0.1534 0.3349 0.0106 0.703 -0.0173 -0.6483 -0.292 0.7245 -0.0698 -0.6627 -0.1759 0.7936 -0.153 0.5791 0.1072
0.8002 -0.0433 -0.5972 -0.0342 0.614 -0.3035 -0.7225 -0.0941 0.7653 0.1663 -0.6142 0.0971 0.7753 0.2442 -0.5751 -0.0921 0.6575 -0.1868 -0.7296 0.021 0.7207 0.3318 -0.606 -0.0564 0.9296 0.1534 0.3349 0.0106 0.703 -0.0173 -0.6483 -0.292 0.7245 -0.0698 -0.6627 -0.1759 0.7936 -0.153 0.5791 0.1072
0.8002 -0.0433 -0.5972 -0.0342 0.614 -0.3035 -0.7225 -0.0941 0.7653 0.1663 -0.6142 0.0971 0.7753 0.2442 -0.5751 -0.0921 0.6575 -0.1868 -0.7296 0.021 0.7207 0.3318 -0.606 -0.0564 0.9296 0.1534 0.3349 0.0106 0.703 -0.0173 -0.6483 -0.292 0.7245 -0.0698 -0.6627 -0.1759 0.7936 -0.153 0.5791 0.1072
0.7964 -0.0529 -0.6025 0.0 0.614 -0.3035 -0.7225 -0.0941 0.7653 0.1663 -0.6142 0.0971 0.7753 0.2442 -0.5751 -0.0921 0.6575 -0.1868 -0.7296 0.021 0.7207 0.3318 -0.606 -0.0564 0.9296 0.1534 0.3349 0.0106 0.703 -0.0173 -0.6483 -0.292 0.7245 -0.0698 -0.6627 -0.1759 0.7936 -0.153 0.5791 0.1072
0.7964 -0.0529 -0.6025 0.0 0.614 -0.3035 -0.7225 -0.0941 0.7653 0.1663 -0.6142 0.0971 0.7753 0.2442 -0.5751 -0.0921 0.6575 -0.1868 -0.7296 0.021 0.7207 0.3318 -0.606 -0.0564 0.9031 0.1422 0.4051 -0.0054 0.703 -0.0173 -0.6483 -0.292 0.7034 0.0529 -0.6703 -0.2305 0.7936 -0.153 0.5791 0.1072
0.7964 -0.0529 -0.6025 0.0 0.614 -0.3035 -0.7225 -0.0941 0.7653 0.1663 -0.6142 0.0971 0.7753 0.2442 -0.5751 -0.0921 0.6575 -0.1868 -0.7296 0.021 0.7207 0.3318 -0.606 -0.0564 0.9031 0.1422 0.4051 -0.0054 0.703 -0.0173 -0.6483 -0.292 0.7034 0.0529 -0.6703 -0.2305 0.9501 -0.2493 0.1876 -0.0012
0.7964 -0.0529 -0.6025 0.0 0.614 -0.3035 -0.7225 -0.0941 0.7653 0.1663 -0.6142 0.0971 0.7753 0.2442 -0.5751 -0.0921 0.6575 -0.1868 -0.7296 0.021 0.7207 0.3318 -0.606 -0.0564 0.9031 0.1422 0.4051 -0.0054 0.703 -0.0173 -0.6483 -0.292 0.7034 0.0529 -0.6703 -0.2305 0.9501 -0.2493 0.1876 -0.0012
0.7964 -0.0529 -0.6025 0.0 0.614 -0.3035 -0.7225 -0.0941 0.7653 0.1663 -0.6142 0.0971 0.7753 0.2442 -0.5751 -0.0921 0.6575 -0.1868 -0.7296 0.021 0.7207 0.3318 -0.606 -0.0564 0.9031 0.1422 0.4051 -0.0054 0.703 -0.0173 -0.6483 -0.292 0.7034 0.0529 -0.6703 -0.2305 0.9501 -0.2493 0.1876 -0.0012
0.7964 -0.0529 -0.6025 0.0 0.614 -0.3035 -0.7225 -0.0941 0.7653 0.1663 -0.6142 0.0971 0.7753 0.2442 -0.5751 -0.0921 0.6575 -0.1868 -0.7296 0.021 0.7207 0.3318 -0.606 -0.0564 0.9031 0.1422 0.4051 -0.0054 0.703 -0.0173 -0.6483 -0.292 0.7034 0.0529 -0.6703 -0.2305 0.9501 -0.2493 0.1876 -0.0012
0.7964 -0.0529 -0.6025 0.0 0.614 -0.3035 -0.7225 -0.0941 0.7653 0.1663 -0.6142 0.0971 0.7753 0.2442 -0.5751 -0.0921 0.6575 -0.1868 -0.7296 0.021 0.7344 0.3895 -0.5111 -0.2186 0.9031 0.1422 0.4051 -0.0054 0.703 -0.0173 -0.6483 -0.292 0.7034 0.0529 -0.6703 -0.2305 0.9501 -0.2493 0.1876 -0.0012
0.7964 -0.0529 -0.6025 0.0 0.614 -0.3035 -0.7225 -0.0941 0.7653 0.1663 -0.6142 0.0971 0.7753 0.2442 -0.5751 -0.0921 0.6575 -0.1868 -0.7296 0.021 0.7344 0.3895 -0.5111 -0.2186 0.9031 0.1422 0.4051 -0.0054 0.703 -0.0173 -0.6483 -0.292 0.7034 0.0529 -0.6703 -0.2305 0.9501 -0.2493 0.1876 -0.0012
0.7745 -0.0894 -0.6243 -0.0483 0.614 -0.3035 -0.7225 -0.0941 0.7592 0.1769 -0.6152 0.1174 0.7753 0.2442 -0.5751 -0.0921 0.6575 -0.1868 -0.7296 0.021 0.7344 0.3895 -0.5111 -0.2186 0.7256 0.1334 0.6711 -0.0732 0.703 -0.0173 -0.6483 -0.292 0.7034 0.0529 -0.6703 -0.2305 0.9501 -0.2493 0.1876 -0.0012
0.7745 -0.0894 -0.6243 -0.0483 0.614 -0.3035 -0.7225 -0.0941 0.7592 0.1769 -0.6152 0.1174 0.7753 0.2442 -0.5751 -0.0921 0.6575 -0.1868 -0.7296 0.021 0.7344 0.3895 -0.5111 -0.2186 0.7256 0.1334 0.6711 -0.0732 0.703 -0.0173 -0.6483 -0.292 0.7034 0.0529 -0.6703 -0.2305 0.9501 -0.2493 0.1876 -0.0012
0.7745 -0.0894 -0.6243 -0.0483 0.575 -0.3293 -0.7457 -0.0686 0.7592 0.1769 -0.6152 0.1174 0.7753 0.2442 -0.5751 -0.0921 0.6575 -0.1868 -0.7296 0.021 0.7344 0.3895 -0.5111 -0.2186 0.7256 0.1334 0.6711 -0.0732 0.703 -0.0173 -0.6483 -0.292 0.689 -0.0721 -0.6874 -0.2182 0.9373 -0.1866 0.2943 0.0117
0.7745 -0.0894 -0.6243 -0.0483 0.575 -0.3293 -0.7457 -0.0686 0.7592 0.1769 -0.6152 0.1174 0.7753 0.2442 -0.5751 -0.0921 0.6575 -0.1868 -0.7296 0.021 0.7344 0.3895 -0.5111 -0.2186 0.7256 0.1334 0.6711 -0.0732 0.703 -0.0173 -0.6483 -0.292 0.689 -0.0721 -0.6874 -0.2182 0.9373 -0.1866 0.2943 0.0117
0.7745 -0.0894 -0.6243 -0.0483 0.575 -0.3293 -0.7457 -0.0686 0.7592 0.1769 -0.6152 0.1174 0.7753 0.2442 -0.5751 -0.0921 0.6575 -0.1868 -0.7296 0.021 0.705 0.4554 -0.4528 -0.3008 0.7256 0.1334 0.6711 -0.0732 0.703 -0.0173 -0.6483 -0.292 0.689 -0.0721 -0.6874 -0.2182 0.9373 -0.1866 0.2943 0.0117
0.7745 -0.0894 -0.6243 -0.0483 0.575 -0.3293 -0.7457 -0.0686 0.7592 0.1769 -0.6152 0.1174 0.7753 0.2442 -0.5751 -0.0921 0.6575 -0.1868 -0.7296 0.021 0.705 0.4554 -0.4528 -0.3008 0.7256 0.1334 0.6711 -0.0732 0.703 -0.0173 -0.6483 -0.292 0.689 -0.0721 -0.6874 -0.2182 0.9373 -0.1866 0.2943 0.0117
0.7883 -0.081 -0.605 -0.0778 0.575 -0.3293 -0.7457 -0.0686 0.7592 0.1769 -0.6152 0.1174 0.7753 0.2442 -0.5751 -0.0921 0.6575 -0.1868 -0.7296 0.021 0.705 0.4554 -0.4528 -0.3008 0.7256 0.1334 0.6711 -0.0732 0.703 -0.0173 -0.6483 -0.292 0.689 -0.0721 -0.6874 -0.2182 0.9373 -0.1866 0.2943 0.0117
0.7883 -0.081 -0.605 -0.0778 0.575 -0.3293 -0.7457 -0.0686 0.7592 0.1769 -0.6152 0.1174 0.7753 0.2442 -0.5751 -0.0921 0.6575 -0.1868 -0.7296 0.021 0.705 0.4554 -0.4528 -0.3008 0.7256 0.1334 0.6711 -0.0732 0.703 -0.0173 -0.6483 -0.292 0.6875 -0.1081 -0.6993 -0.1635 0.9373 -0.1866 0.2943 0.0117
0.7883 -0.081 -0.605 -0.0778 0.575 -0.3293 -0.7457 -0.0686 0.7592 0.1769 -0.6152 0.1174 0.7753 0.2442 -0.5751 -0.0921 0.6575 -0.1868 -0.7296 0.021 0.705 0.4554 -0.4528 -0.3008 0.7256 0.1334 0.6711 -0.0732 0.703 -0.0173 -0.6483 -0.292 0.6875 -0.1081 -0.6993 -0.1635 0.9373 -0.1866 0.2943 0.0117
0.7883 -0.081 -0.605 -0.0778 0.6152 -0.3093 -0.7203 -0.0832 0.7592 0.1769 -0.6152 0.1174 0.7753 0.2442 -0.5751 -0.0921 0.6575 -0.1868 -0.7296 0.021 0.705 0.4554 -0.4528 -0.3008 0.7256 0.1334 0.6711 -0.0732 0.703 -0.0173 -0.6483 -0.292 0.6875 -0.1081 -0.6993 -0.1635 0.9373 -0.1866 0.2943 0.0117
0.7883 -0.081 -0.605 -0.0778 0.6152 -0.3093 -0.7203 -0.0832 0.7592 0.1769 -0.6152 0.1174 0.7753 0.2442 -0.5751 -0.0921 0.6575 -0.1868 -0.7296 0.021 0.705 0.4554 -0.4528 -0.3008 0.7256 0.1334 0.6711 -0.0732 0.703 -0.0173 -0.6483 -0.292 0.6875 -0.1081 -0.6993 -0.1635 0.9373 -0.1866 0.2943 0.0117
0.7883 -0.081 -0.605 -0.0778 0.6152 -0.3093 -0.7203 -0.0832 0.7592 0.1769 -0.6152 0.1174 0.7753 0.2442 -0.5751 -0.0921 0.6575 -0.1868 -0.7296 0.021 0.705 0.4554 -0.4528 -0.3008 0.7256 0.1334 0.6711 -0.0732 0.703 -0.0173 -0.6483 -0.292 0.6875 -0.1081 -0.6993 -0.1635 0.9373 -0.1866 0.2943 0.0117
0.7883 -0.081 -0.605 -0.0778 0.6152 -0.3093 -0.7203 -0.0832 0.7592 0.1769 -0.6152 0.1174 0.7753 0.2442 -0.5751 -0.0921 0.6575 -0.1868 -0.7296 0.021 0.757 0.3295 -0.526 -0.204 0.7256 0.1334 0.6711 -0.0732 0.703 -0.0173 -0.6483 -0.292 0.6875 -0.1081 -0.6993 -0.1635 0.9373 -0.1866 0.2943 0.0117
0.7786 -0.121 -0.5936 -0.1636 0.6152 -0.3093 -0.7203 -0.0832 0.7744 0.1138 -0.6162 -0.0878 0.7753 0.2442 -0.5751 -0.0921 0.6575 -0.1868 -0.7296 0.021 0.757 0.3295 -0.526 -0.204 0.8425 0.1434 0.4998 -0.141 0.703 -0.0173 -0.6483 -0.292 0.6875 -0.1081 -0.6993 -0.1635 0.9373 -0.1866 0.2943 0.0117
0.7786 -0.121 -0.5936 -0.1636 0.6152 -0.3093 -0.7203 -0.0832 0.7744 0.1138 -0.6162 -0.0878 0.7753 0.2442 -0.5751 -0.0921 0.6575 -0.1868 -0.7296 0.021 0.757 0.3295 -0.526 -0.204 0.8425 0.1434 0.4998 -0.141 0.703 -0.0173 -0.6483 -0.292 0.6875 -0.1081 -0.6993 -0.1635 0.9373 -0.1866 0.2943 0.0117
0.7786 -0.121 -0.5936 -0.1636 0.6152 -0.3093 -0.7203 -0.0832 0.7744 0.1138 -0.6162 -0.0878 0.7753 0.2442 -0.5751 -0.0921 0.6575 -0.1868 -0.7296 0.021 0.757 0.3295 -0.526 -0.204 0.8425 0.1434 0.4998 -0.141 0.703 -0.0173 -0.6483 -0.292 0.6983 -0.1395 -0.6936 -0.1088 0.9373 -0.1866 0.2943 0.0117
0.7786 -0.121 -0.5936 -0.1636 0.6286 -0.3741 -0.6572 -0.1818 0.7744 0.1138 -0.6162 -0.0878 0.7753 0.2442 -0.5751 -0.0921 0.6575 -0.1868 -0.7296 0.021 0.757 0.3295 -0.526 -0.204 0.8425 0.1434 0.4998 -0.141 0.703 -0.0173 -0.6483 -0.292 0.6983 -0.1395 -0.6936 -0.1088 0.9281 -0.1812 0.3248 0.0158
0.7786 -0.121 -0.5936 -0.1636 0.6286 -0.3741 -0.6572 -0.1818 0.7744 0.1138 -0.6162 -0.0878 0.7753 0.2442 -0.5751 -0.0921 0.6575 -0.1868 -0.7296 0.021 0.757 0.3295 -0.526 -0.204 0.8425 0.1434 0.4998 -0.141 0.703 -0.0173 -0.6483 -0.292 0.6983 -0.1395 -0.6936 -0.1088 0.9281 -0.1812 0.3248 0.0158
0.7786 -0.121 -0.5936 -0.1636 0.6286 -0.3741 -0.6572 -0.1818 0.7744 0.1138 -0.6162 -0.0878 0.7753 0.2442 -0.5751 -0.0921 0.6575 -0.1868 -0.7296 0.021 0.757 0.3295 -0.526 -0.204 0.8425 0.1434 0.4998 -0.141 0.703 -0.0173 -0.6483 -0.292 0.6983 -0.1395 -0.6936 -0.1088 0.9281 -0.1812 0.3248 0.0158
0.7786 -0.121 -0.5936 -0.1636 0.6286 -0.3741 -0.6572 -0.1818 0.7744 0.1138 -0.6162 -0.0878 0.7753 0.2442 -0.5751 -0.0921 0.6575 -0.1868 -0.7296 0.021 0.7444 0.0874 -0.662 0.0101 0.8425 0.1434 0.4998 -0.141 0.703 -0.0173 -0.6483 -0.292 0.6983 -0.1395 -0.6936 -0.1088 0.9281 -0.1812 0.3248 0.0158
0.7786 -0.121 -0.5936 -0.1636 0.6286 -0.3741 -0.6572 -0.1818 0.7744 0.1138 -0.6162 -0.0878 0.7753 0.2442 -0.5751 -0.0921 0.6575 -0.1868 -0.7296 0.021 0.7444 0.0874 -0.662 0.0101 0.8425 0.1434 0.4998 -0.141 0.703 -0.0173 -0.6483 -0.292 0.6983 -0.1395 -0.6936 -0.1088 0.9281 -0.1812 0.3248 0.0158
0.7661 -0.1472 -0.5828 -0.2276 0.6286 -0.3741 -0.6572 -0.1818 0.7839 0.1318 -0.5912 -0.1363 0.7753 0.2442 -0.5751 -0.0921 0.6575 -0.1868 -0.7296 0.021 0.7444 0.0874 -0.662 0.0101 0.9406 0.2719 0.1997 -0.0396 0.703 -0.0173 -0.6483 -0.292 0.6983 -0.1395 -0.6936 -0.1088 0.9281 -0.1812 0.3248 0.0158
0.7661 -0.1472 -0.5828 -0.2276 0.6286 -0.3741 -0.6572 -0.1818 0.7839 0.1318 -0.5912 -0.1363 0.7753 0.2442 -0.5751 -0.0921 0.6575 -0.1868 -0.7296 0.021 0.7444 0.0874 -0.662 0.0101 0.9406 0.2719 0.1997 -0.0396 0.703 -0.0173 -0.6483 -0.292 0.7048 -0.1843 -0.6835 -0.0453 0.9281 -0.1812 0.3248 0.0158
0.7661 -0.1472 -0.5828 -0.2276 0.6428 -0.369 -0.6339 -0.2212 0.7839 0.1318 -0.5912 -0.1363 0.7753 0.2442 -0.5751 -0.0921 0.6575 -0.1868 -0.7296 0.021 0.7444 0.0874 -0.662 0.0101 0.9406 0.2719 0.1997 -0.0396 0.703 -0.0173 -0.6483 -0.292 0.7048 -0.1843 -0.6835 -0.0453 0.903 -0.2009 0.3793 0.0229
0.7661 -0.1472 -0.5828 -0.2276 0.6428 -0.369 -0.6339 -0.2212 0.7839 0.1318 -0.5912 -0.1363 0.7753 0.2442 -0.5751 -0.0921 0.6575 -0.1868 -0.7296 0.021 0.7444 0.0874 -0.662 0.0101 0.9406 0.2719 0.1997 -0.0396 0.703 -0.0173 -0.6483 -0.292 0.7048 -0.1843 -0.6835 -0.0453 0.903 -0.2009 0.3793 0.0229
0.7661 -0.1472 -0.5828 -0.2276 0.6428 -0.369 -0.6339 -0.2212 0.7839 0.1318 -0.5912 -0.1363 0.7753 0.2442 -0.5751 -0.0921 0.6575 -0.1868 -0.7296 0.021 0.7211 0.0713 -0.6835 0.0873 0.9406 0.2719 0.1997 -0.0396 0.703 -0.0173 -0.6483 -0.292 0.7048 -0.1843 -0.6835 -0.0453 0.903 -0.2009 0.3793 0.0229
0.7661 -0.1472 -0.5828 -0.2276 0.6428 -0.369 -0.6339 -0.2212 0.7839 0.1318 -0.5912 -0.1363 0.7753 0.2442 -0.5751 -0.0921 0.6575 -0.1868 -0.7296 0.021 0.7211 0.0713 -0.6835 0.0873 0.9406 0.2719 0.1997 -0.0396 0.703 -0.0173 -0.6483 -0.292 0.7048 -0.1843 -0.6835 -0.0453 0.903 -0.2009 0.3793 0.0229
0.7661 -0.1472 -0.5828 -0.2276 0.6428 -0.369 -0.6339 -0.2212 0.7839 0.1318 -0.5912 -0.1363 0.7753 0.2442 -0.5751 -0.0921 0.6575 -0.1868 -0.7296 0.021 0.7211 0.0713 -0.6835 0.0873 0.9406 0.2719 0.1997 -0.0396 0.703 -0.0173 -0.6483 -0.292 0.7048 -0.1843 -0.6835 -0.0453 0.903 -0.2009 0.3793 0.0229
0.7682 -0.1427 -0.5773 -0.2373 0.6428 -0.369 -0.6339 -0.2212 0.785 0.1733 -0.5853 -0.1052 0.7753 0.2442 -0.5751 -0.0921 0.6575 -0.1868 -0.7296 0.021 0.7211 0.0713 -0.6835 0.0873 0.9314 0.2258 0.2855 0.0089 0.703 -0.0173 -0.6483 -0.292 0.7048 -0.1843 -0.6835 -0.0453 0.903 -0.2009 0.3793 0.0229
0.7682 -0.1427 -0.5773 -0.2373 0.6428 -0.369 -0.6339 -0.2212 0.785 0.1733 -0.5853 -0.1052 0.7753 0.2442 -0.5751 -0.0921 0.6575 -0.1868 -0.7296 0.021 0.7211 0.0713 -0.6835 0.0873 0.9314 0.2258 0.2855 0.0089 0.703 -0.0173 -0.6483 -0.292 0.7133 -0.2697 -0.6437 0.0648 0.903 -0.2009 0.3793 0.0229
0.7682 -0.1427 -0.5773 -0.2373 0.65 -0.3585 -0.6304 -0.2271 0.785 0.1733 -0.5853 -0.1052 0.7753 0.2442 -0.5751 -0.0921 0.6575 -0.1868 -0.7296 0.021 0.7211 0.0713 -0.6835 0.0873 0.9314 0.2258 0.2855 0.0089 0.703 -0.0173 -0.6483 -0.292 0.7133 -0.2697 -0.6437 0.0648 0.903 -0.2009 0.3793 0.0229
0.7682 -0.1427 -0.5773 -0.2373 0.65 -0.3585 -0.6304 -0.2271 0.785 0.1733 -0.5853 -0.1052 0.7753 0.2442 -0.5751 -0.0921 0.6575 -0.1868 -0.7296 0.021 0.7211 0.0713 -0.6835 0.0873 0.9314 0.2258 0.2855 0.0089 0.703 -0.0173 -0.6483 -0.292 0.7133 -0.2697 -0.6437 0.0648 0.903 -0.2009 0.3793 0.0229
0.7682 -0.1427 -0.5773 -0.2373 0.65 -0.3585 -0.6304 -0.2271 0.785 0.1733 -0.5853 -0.1052 0.7753 0.2442 -0.5751 -0.0921 0.6575 -0.1868 -0.7296 0.021 0.7211 0.0713 -0.6835 0.0873 0.9314 0.2258 0.2855 0.0089 0.703 -0.0173 -0.6483 -0.292 0.7133 -0.2697 -0.6437 0.0648 0.903 -0.2009 0.3793 0.0229
0.7682 -0.1427 -0.5773 -0.2373 0.65 -0.3585 -0.6304 -0.2271 0.785 0.1733 -0.5853 -0.1052 0.7753 0.2442 -0.5751 -0.0921 0.6575 -0.1868 -0.7296 0.021 0.7275 0.2133 -0.6478 0.0748 0.9314 0.2258 0.2855 0.0089 0.703 -0.0173 -0.6483 -0.292 0.7133 -0.2697 -0.6437 0.0648 0.903 -0.2009 0.3793 0.0229
0.775 -0.1172 -0.5861 -0.2054 0.65 -0.3585 -0.6304 -0.2271 0.785 0.1733 -0.5853 -0.1052 0.7753 0.2442 -0.5751 -0.0921 0.6575 -0.1868 -0.7296 0.021 0.7275 0.2133 -0.6478 0.0748 0.9314 0.2258 0.2855 0.0089 0.703 -0.0173 -0.6483 -0.292 0.7133 -0.2697 -0.6437 0.0648 0.903 -0.2009 0.3793 0.0229
0.775 -0.1172 -0.5861 -0.2054 0.65 -0.3585 -0.6304 -0.2271 0.7722 0.1577 -0.6127 -0.0578 0.7753 0.2442 -0.5751 -0.0921 0.6575 -0.1868 -0.7296 0.021 0.7275 0.2133 -0.6478 0.0748 0.9384 0.1651 0.3031 -0.0175 0.703 -0.0173 -0.6483 -0.292 0.6632 -0.4166 -0.6035 0.1497 0.903 -0.2009 0.3793 0.0229
0.775 -0.1172 -0.5861 -0.2054 0.65 -0.3585 -0.6304 -0.2271 0.7722 0.1577 -0.6127 -0.0578 0.7753 0.2442 -0.5751 -0.0921 0.6575 -0.1868 -0.7296 0.021 0.7275 0.2133 -0.6478 0.0748 0.9384 0.1651 0.3031 -0.0175 0.703 -0.0173 -0.6483 -0.292 0.6632 -0.4166 -0.6035 0.1497 0.903 -0.2009 0.3793 0.0229
0.775 -0.1172 -0.5861 -0.2054 0.65 -0.3585 -0.6304 -0.2271 0.7722 0.1577 -0.6127 -0.0578 0.7753 0.2442 -0.5751 -0.0921 0.6575 -0.1868 -0.7296 0.021 0.7275 0.2133 -0.6478 0.0748 0.9384 0.1651 0.3031 -0.0175 0.703 -0.0173 -0.6483 -0.292 0.6632 -0.4166 -0.6035 0.1497 0.903 -0.2009 0.3793 0.0229
0.775 -0.1172 -0.5861 -0.2054 0.65 -0.3585 -0.6304 -0.2271 0.7722 0.1577 -0.6127 -0.0578 0.7753 0.2442 -0.5751 -0.0921 0.6575 -0.1868 -0.7296 0.021 0.7275 0.2133 -0.6478 0.0748 0.9384 0.1651 0.3031 -0.0175 0.703 -0.0173 -0.6483 -0.292 0.6632 -0.4166 -0.6035 0.1497 0.903 -0.2009 0.3793 0.0229
0.775 -0.1172 -0.5861 -0.2054 0.65 -0.3585 -0.6304 -0.2271 0.7722 0.1577 -0.6127 -0.0578 0.7753 0.2442 -0.5751 -0.0921 0.6575 -0.1868 -0.7296 0.021 0.7275 0.2133 -0.6478 0.0748 0.9384 0.1651 0.3031 -0.0175 0.703 -0.0173 -0.6483 -0.292 0.6632 -0.4166 -0.6035 0.1497 0.903 -0.2009 0.3793 0.0229
0.775 -0.1172 -0.5861 -0.2054 0.65 -0.3585 -0.6304 -0.2271 0.7722 0.1577 -0.6127 -0.0578 0.7753 0.2442 -0.5751 -0.0921 0.6575 -0.1868 -0.7296 0.021 0.723 0.2576 -0.6401 0.0359 0.9384 0.1651 0.3031 -0.0175 0.703 -0.0173 -0.6483 -0.292 0.6632 -0.4166 -0.6035 0.1497 0.903 -0.2009 0.3793 0.0229
0.775 -0.1172 -0.5861 -0.2054 0.65 -0.3585 -0.6304 -0.2271 0.7722 0.1577 -0.6127 -0.0578 0.7753 0.2442 -0.5751 -0.0921 0.6575 -0.1868 -0.7296 0.021 0.723 0.2576 -0.6401 0.0359 0.9384 0.1651 0.3031 -0.0175 0.703 -0.0173 -0.6483 -0.292 0.6632 -0.4166 -0.6035 0.1497 0.903 -0.2009 0.3793 0.0229
0.8008 -0.0886 -0.574 -0.1462 0.65 -0.3585 -0.6304 -0.2271 0.7766 0.1661 -0.607 0.0294 0.7753 0.2442 -0.5751 -0.0921 0.6575 -0.1868 -0.7296 0.021 0.723 0.2576 -0.6401 0.0359 0.9377 0.163 0.3063 -0.0209 0.703 -0.0173 -0.6483 -0.292 0.7018 -0.3169 -0.6373 0.0294 0.903 -0.2009 0.3793 0.0229
0.8008 -0.0886 -0.574 -0.1462 0.65 -0.3585 -0.6304 -0.2271 0.7766 0.1661 -0.607 0.0294 0.7753 0.2442 -0.5751 -0.0921 0.6575 -0.1868 -0.7296 0.021 0.723 0.2576 -0.6401 0.0359 0.9377 0.163 0.3063 -0.0209 0.703 -0.0173 -0.6483 -0.292 0.7018 -0.3169 -0.6373 0.0294 0.903 -0.2009 0.3793 0.0229
0.8008 -0.0886 -0.574 -0.1462 0.6153 -0.3192 -0.7158 -0.0845 0.7766 0.1661 -0.607 0.0294 0.7753 0.2442 -0.5751 -0.0921 0.6575 -0.1868 -0.7296 0.021 0.723 0.2576 -0.6401 0.0359 0.9377 0.163 0.3063 -0.0209 0.703 -0.0173 -0.6483 -0.292 0.7018 -0.3169 -0.6373 0.0294 0.903 -0.2009 0.3793 0.0229
0.8008 -0.0886 -0.574 -0.1462 0.6153 -0.3192 -0.7158 -0.0845 0.7766 0.1661 -0.607 0.0294 0.7753 0.2442 -0.5751 -0.0921 0.6575 -0.1868 -0.7296 0.021 0.723 0.2576 -0.6401 0.0359 0.9377 0.163 0.3063 -0.0209 0.703 -0.0173 -0.6483 -0.292 0.7018 -0.3169 -0.6373 0.0294 0.903 -0.2009 0.3793 0.0229
0.8008 -0.0886 -0.574 -0.1462 0.6153 -0.3192 -0.7158 -0.0845 0.7766 0.1661 -0.607 0.0294 0.7753 0.2442 -0.5751 -0.0921 0.6575 -0.1868 -0.7296 0.021 0.723 0.2576 -0.6401 0.0359 0.9377 0.163 0.3063 -0.0209 0.703 -0.0173 -0.6483 -0.292 0.7018 -0.3169 -0.6373 0.0294 0.903 -0.2009 0.3793 0.0229
0.8008 -0.0886 -0.574 -0.1462 0.6153 -0.3192 -0.7158 -0.0845 0.7766 0.1661 -0.607 0.0294 0.7753 0.2442 -0.5751 -0.0921 0.6575 -0.1868 -0.7296 0.021 0.7219 0.285 -0.6306 -0.0037 0.9377 0.163 0.3063 -0.0209 0.703 -0.0173 -0.6483 -0.292 0.7018 -0.3169 -0.6373 0.0294 0.903 -0.2009 0.3793 0.0229
0.8008 -0.0886 -0.574 -0.1462 0.6153 -0.3192 -0.7158 -0.0845 0.7766 0.1661 -0.607 0.0294 0.7753 0.2442 -0.5751 -0.0921 0.6575 -0.1868 -0.7296 0.021 0.7219 0.285 -0.6306 -0.0037 0.9377 0.163 0.3063 -0.0209 0.703 -0.0173 -0.6483 -0.292 0.7018 -0.3169 -0.6373 0.0294 0.903 -0.2009 0.3793 0.0229
0.8242 -0.0723 -0.5548 -0.0872 0.6153 -0.3192 -0.7158 -0.0845 0.7807 0.1751 -0.5889 0.1141 0.7753 0.2442 -0.5751 -0.0921 0.6575 -0.1868 -0.7296 0.021 0.7219 0.285 -0.6306 -0.0037 0.9344 0.1597 0.3177 -0.0221 0.703 -0.0173 -0.6483 -0.292 0.7018 -0.3169 -0.6373 0.0294 0.903 -0.2009 0.3793 0.0229
0.8242 -0.0723 -0.5548 -0.0872 0.6153 -0.3192 -0.7158 -0.0845 0.7807 0.1751 -0.5889 0.1141 0.7753 0.2442 -0.5751 -0.0921 0.6575 -0.1868 -0.7296 0.021 0.7219 0.285 -0.6306 -0.0037 0.9344 0.1597 0.3177 -0.0221 0.703 -0.0173 -0.6483 -0.292 0.7131 -0.0786 -0.6682 -0.1969 0.903 -0.2009 0.3793 0.0229
0.8242 -0.0723 -0.5548 -0.0872 0.5947 -0.3159 -0.7393 -0.0085 0.7807 0.1751 -0.5889 0.1141 0.7753 0.2442 -0.5751 -0.0921 0.6575 -0.1868 -0.7296 0.021 0.7219 0.285 -0.6306 -0.0037 0.9344 0.1597 0.3177 -0.0221 0.703 -0.0173 -0.6483 -0.292 0.7131 -0.0786 -0.6682 -0.1969 0.903 -0.2009 0.3793 0.0229
0.8242 -0.0723 -0.5548 -0.0872 0.5947 -0.3159 -0.7393 -0.0085 0.7807 0.1751 -0.5889 0.1141 0.7753 0.2442 -0.5751 -0.0921 0.6575 -0.1868 -0.7296 0.021 0.7219 0.285 -0.6306 -0.0037 0.9344 0.1597 0.3177 -0.0221 0.703 -0.0173 -0.6483 -0.292 0.7131 -0.0786 -0.6682 -0.1969 0.903 -0.2009 0.3793 0.0229
0.8242 -0.0723 -0.5548 -0.0872 0.5947 -0.3159 -0.7393 -0.0085 0.7807 0.1751 -0.5889 0.1141 0.7753 0.2442 -0.5751 -0.0921 0.6575 -0.1868 -0.7296 0.021 0.728 0.3316 -0.594 -0.085 0.9344 0.1597 0.3177 -0.0221 0.703 -0.0173 -0.6483 -0.292 0.7131 -0.0786 -0.6682 -0.1969 0.903 -0.2009 0.3793 0.0229
0.8242 -0.0723 -0.5548 -0.0872 0.5947 -0.3159 -0.7393 -0.0085 0.7807 0.1751 -0.5889 0.1141 0.7753 0.2442 -0.5751 -0.0921 0.6575 -0.1868 -0.7296 0.021 0.728 0.3316 -0.594 -0.085 0.9344 0.1597 0.3177 -0.0221 0.703 -0.0173 -0.6483 -0.292 0.7131 -0.0786 -0.6682 -0.1969 0.903 -0.2009 0.3793 0.0229
0.8215 -0.0806 -0.5623 -0.0501 0.5947 -0.3159 -0.7393 -0.0085 0.7807 0.1751 -0.5889 0.1141 0.7753 0.2442 -0.5751 -0.0921 0.6575 -0.1868 -0.7296 0.021 0.728 0.3316 -0.594 -0.085 0.9111 0.1457 0.384 -0.0346 0.703 -0.0173 -0.6483 -0.292 0.7131 -0.0786 -0.6682 -0.1969 0.903 -0.2009 0.3793 0.0229
0.8215 -0.0806 -0.5623 -0.0501 0.5947 -0.3159 -0.7393 -0.0085 0.7807 0.1751 -0.5889 0.1141 0.7753 0.2442 -0.5751 -0.0921 0.6575 -0.1868 -0.7296 0.021 0.728 0.3316 -0.594 -0.085 0.9111 0.1457 0.384 -0.0346 0.703 -0.0173 -0.6483 -0.292 0.6974 0.0637 -0.6644 -0.2611 0.903 -0.2009 0.3793 0.0229
0.8215 -0.0806 -0.5623 -0.0501 0.5947 -0.3159 -0.7393 -0.0085 0.7807 0.1751 -0.5889 0.1141 0.7753 0.2442 -0.5751 -0.0921 0.6575 -0.1868 -0.7296 0.021 0.728 0.3316 -0.594 -0.085 0.9111 0.1457 0.384 -0.0346 0.703 -0.0173 -0.6483 -0.292 0.6974 0.0637 -0.6644 -0.2611 0.903 -0.2009 0.3793 0.0229
0.8215 -0.0806 -0.5623 -0.0501 0.5869 -0.3535 -0.7283 -0.0155 0.7807 0.1751 -0.5889 0.1141 0.7753 0.2442 -0.5751 -0.0921 0.6575 -0.1868 -0.7296 0.021 0.728 0.3316 -0.594 -0.085 0.9111 0.1457 0.384 -0.0346 0.703 -0.0173 -0.6483 -0.292 0.6974 0.0637 -0.6644 -0.2611 0.903 -0.2009 0.3793 0.0229
0.8215 -0.0806 -0.5623 -0.0501 0.5869 -0.3535 -0.7283 -0.0155 0.7807 0.1751 -0.5889 0.1141 0.7753 0.2442 -0.5751 -0.0921 0.6575 -0.1868 -0.7296 0.021 0.728 0.3316 -0.594 -0.085 0.9111 0.1457 0.384 -0.0346 0.703 -0.0173 -0.6483 -0.292 0.6974 0.0637 -0.6644 -0.2611 0.903 -0.2009 0.3793 0.0229
0.8215 -0.0806 -0.5623 -0.0501 0.5869 -0.3535 -0.7283 -0.0155 0.7807 0.1751 -0.5889 0.1141 0.7753 0.2442 -0.5751 -0.0921 0.6575 -0.1868 -0.7296 0.021 0.728 0.3316 -0.594 -0.085 0.9111 0.1457 0.384 -0.0346 0.703 -0.0173 -0.6483 -0.292 0.6974 0.0637 -0.6644 -0.2611 0.903 -0.2009 0.3793 0.0229
0.8215 -0.0806 -0.5623 -0.0501 0.5869 -0.3535 -0.7283 -0.0155 0.7807 0.1751 -0.5889 0.1141 0.7753 0.2442 -0.5751 -0.0921 0.6575 -0.1868 -0.7296 0.021 0.7343 0.4034 -0.4792 -0.2618 0.9111 0.1457 0.384 -0.0346 0.703 -0.0173 -0.6483 -0.292 0.6974 0.0637 -0.6644 -0.2611 0.903 -0.2009 0.3793 0.0229
0.8215 -0.0806 -0.5623 -0.0501 0.5869 -0.3535 -0.7283 -0.0155 0.7807 0.1751 -0.5889 0.1141 0.7753 0.2442 -0.5751 -0.0921 0.6575 -0.1868 -0.7296 0.021 0.7343 0.4034 -0.4792 -0.2618 0.9111 0.1457 0.384 -0.0346 0.703 -0.0173 -0.6483 -0.292 0.6974 0.0637 -0.6644 -0.2611 0.903 -0.2009 0.3793 0.0229
0.8215 -0.0806 -0.5623 -0.0501 0.5869 -0.3535 -0.7283 -0.0155 0.7807 0.1751 -0.5889 0.1141 0.7753 0.2442 -0.5751 -0.0921 0.6575 -0.1868 -0.7296 0.021 0.7343 0.4034 -0.4792 -0.2618 0.6672 0.1224 0.7206 -0.1432 0.703 -0.0173 -0.6483 -0.292 0.6974 0.0637 -0.6644 -0.2611 0.903 -0.2009 0.3793 0.0229
0.8215 -0.0806 -0.5623 -0.0501 0.5869 -0.3535 -0.7283 -0.0155 0.7807 0.1751 -0.5889 0.1141 0.7753 0.2442 -0.5751 -0.0921 0.6575 -0.1868 -0.7296 0.021 0.7343 0.4034 -0.4792 -0.2618 0.6672 0.1224 0.7206 -0.1432 0.703 -0.0173 -0.6483 -0.292 0.6974 0.0637 -0.6644 -0.2611 0.903 -0.2009 0.3793 0.0229
0.8215 -0.0806 -0.5623 -0.0501 0.5779 -0.3913 -0.712 -0.0768 0.7807 0.1751 -0.5889 0.1141 0.7629 0.1859 -0.5789 0.2197 0.6986 -0.2811 -0.6575 -0.026 0.7343 0.4034 -0.4792 -0.2618 0.6672 0.1224 0.7206 -0.1432 0.703 -0.0173 -0.6483 -0.292 0.6872 -0.0659 -0.6908 -0.2149 0.9368 -0.182 0.2985 0.01
0.8215 -0.0806 -0.5623 -0.0501 0.5779 -0.3913 -0.712 -0.0768 0.7807 0.1751 -0.5889 0.1141 0.7629 0.1859 -0.5789 0.2197 0.6986 -0.2811 -0.6575 -0.026 0.7343 0.4034 -0.4792 -0.2618 0.6672 0.1224 0.7206 -0.1432 0.703 -0.0173 -0.6483 -0.292 0.6872 -0.0659 -0.6908 -0.2149 0.9368 -0.182 0.2985 0.01
0.8215 -0.0806 -0.5623 -0.0501 0.5779 -0.3913 -0.712 -0.0768 0.7807 0.1751 -0.5889 0.1141 0.7629 0.1859 -0.5789 0.2197 0.6986 -0.2811 -0.6575 -0.026 0.7343 0.4034 -0.4792 -0.2618 0.6672 0.1224 0.7206 -0.1432 0.703 -0.0173 -0.6483 -0.292 0.6872 -0.0659 -0.6908 -0.2149 0.9368 -0.182 0.2985 0.01
0.8215 -0.0806 -0.5623 -0.0501 0.5779 -0.3913 -0.712 -0.0768 0.7807 0.1751 -0.5889 0.1141 0.7629 0.1859 -0.5789 0.2197 0.6986 -0.2811 -0.6575 -0.026 0.6833 0.5431 -0.3882 -0.2958 0.6672 0.1224 0.7206 -0.1432 0.703 -0.0173 -0.6483 -0.292 0.6872 -0.0659 -0.6908 -0.2149 0.9368 -0.182 0.2985 0.01
0.8215 -0.0806 -0.5623 -0.0501 0.5779 -0.3913 -0.712 -0.0768 0.7807 0.1751 -0.5889 0.1141 0.7629 0.1859 -0.5789 0.2197 0.6986 -0.2811 -0.6575 -0.026 0.6833 0.5431 -0.3882 -0.2958 0.6672 0.1224 0.7206 -0.1432 0.703 -0.0173 -0.6483 -0.292 0.6872 -0.0659 -0.6908 -0.2149 0.9368 -0.182 0.2985 0.01
0.8215 -0.0806 -0.5623 -0.0501 0.5779 -0.3913 -0.712 -0.0768 0.7807 0.1751 -0.5889 0.1141 0.7629 0.1859 -0.5789 0.2197 0.6986 -0.2811 -0.6575 -0.026 0.6833 0.5431 -0.3882 -0.2958 0.6085 0.0709 0.7804 -0.1251 0.703 -0.0173 -0.6483 -0.292 0.6872 -0.0659 -0.6908 -0.2149 0.9368 -0.182 0.2985 0.01
0.8215 -0.0806 -0.5623 -0.0501 0.5779 -0.3913 -0.712 -0.0768 0.7807 0.1751 -0.5889 0.1141 0.7629 0.1859 -0.5789 0.2197 0.6986 -0.2811 -0.6575 -0.026 0.6833 0.5431 -0.3882 -0.2958 0.6085 0.0709 0.7804 -0.1251 0.703 -0.0173 -0.6483 -0.292 0.6872 -0.0659 -0.6908 -0.2149 0.9368 -0.182 0.2985 0.01
0.8215 -0.0806 -0.5623 -0.0501 0.5852 -0.3947 -0.7022 -0.0931 0.7807 0.1751 -0.5889 0.1141 0.7629 0.1859 -0.5789 0.2197 0.6986 -0.2811 -0.6575 -0.026 0.6833 0.5431 -0.3882 -0.2958 0.6085 0.0709 0.7804 -0.1251 0.703 -0.0173 -0.6483 -0.292 0.6871 -0.1022 -0.701 -0.1614 0.9378 -0.1735 0.3004 0.0146
0.8215 -0.0806 -0.5623 -0.0501 0.5852 -0.3947 -0.7022 -0.0931 0.7807 0.1751 -0.5889 0.1141 0.7629 0.1859 -0.5789 0.2197 0.6986 -0.2811 -0.6575 -0.026 0.6833 0.5431 -0.3882 -0.2958 0.6085 0.0709 0.7804 -0.1251 0.703 -0.0173 -0.6483 -0.292 0.6871 -0.1022 -0.701 -0.1614 0.9378 -0.1735 0.3004 0.0146
0.8215 -0.0806 -0.5623 -0.0501 0.5852 -0.3947 -0.7022 -0.0931 0.7807 0.1751 -0.5889 0.1141 0.7629 0.1859 -0.5789 0.2197 0.6986 -0.2811 -0.6575 -0.026 0.6833 0.5431 -0.3882 -0.2958 0.6085 0.0709 0.7804 -0.1251 0.703 -0.0173 -0.6483 -0.292 0.6871 -0.1022 -0.701 -0.1614 0.9378 -0.1735 0.3004 0.0146
0.8215 -0.0806 -0.5623 -0.0501 0.5852 -0.3947 -0.7022 -0.0931 0.7807 0.1751 -0.5889 0.1141 0.7629 0.1859 -0.5789 0.2197 0.6986 -0.2811 -0.6575 -0.026 0.6905 0.5162 -0.454 -0.2251 0.6085 0.0709 0.7804 -0.1251 0.703 -0.0173 -0.6483 -0.292 0.6871 -0.1022 -0.701 -0.1614 0.9378 -0.1735 0.3004 0.0146
0.8215 -0.0806 -0.5623 -0.0501 0.5852 -0.3947 -0.7022 -0.0931 0.7807 0.1751 -0.5889 0.1141 0.7629 0.1859 -0.5789 0.2197 0.6986 -0.2811 -0.6575 -0.026 0.6905 0.5162 -0.454 -0.2251 0.7827 0.0909 0.613 -0.0582 0.703 -0.0173 -0.6483 -0.292 0.6871 -0.1022 -0.701 -0.1614 0.9378 -0.1735 0.3004 0.0146
0.8215 -0.0806 -0.5623 -0.0501 0.5852 -0.3947 -0.7022 -0.0931 0.7807 0.1751 -0.5889 0.1141 0.7629 0.1859 -0.5789 0.2197 0.6986 -0.2811 -0.6575 -0.026 0.6905 0.5162 -0.454 -0.2251 0.7827 0.0909 0.613 -0.0582 0.703 -0.0173 -0.6483 -0.292 0.6871 -0.1022 -0.701 -0.1614 0.9378 -0.1735 0.3004 0.0146
0.8215 -0.0806 -0.5623 -0.0501 0.5852 -0.3947 -0.7022 -0.0931 0.7807 0.1751 -0.5889 0.1141 0.7629 0.1859 -0.5789 0.2197 0.6986 -0.2811 -0.6575 -0.026 0.6905 0.5162 -0.454 -0.2251 0.7827 0.0909 0.613 -0.0582 0.703 -0.0173 -0.6483 -0.292 0.6871 -0.1022 -0.701 -0.1614 0.9378 -0.1735 0.3004 0.0146
0.8215 -0.0806 -0.5623 -0.0501 0.6099 -0.3912 -0.6782 -0.1224 0.7807 0.1751 -0.5889 0.1141 0.7629 0.1859 -0.5789 0.2197 0.6986 -0.2811 -0.6575 -0.026 0.6905 0.5162 -0.454 -0.2251 0.7827 0.0909 0.613 -0.0582 0.703 -0.0173 -0.6483 -0.292 0.6912 -0.1299 -0.7001 -0.1229 0.9378 -0.1735 0.3004 0.0146
0.8215 -0.0806 -0.5623 -0.0501 0.6099 -0.3912 -0.6782 -0.1224 0.7807 0.1751 -0.5889 0.1141 0.7629 0.1859 -0.5789 0.2197 0.6986 -0.2811 -0.6575 -0.026 0.6905 0.5162 -0.454 -0.2251 0.7827 0.0909 0.613 -0.0582 0.703 -0.0173 -0.6483 -0.292 0.6912 -0.1299 -0.7001 -0.1229 0.9378 -0.1735 0.3004 0.0146
0.8215 -0.0806 -0.5623 -0.0501 0.6099 -0.3912 -0.6782 -0.1224 0.7807 0.1751 -0.5889 0.1141 0.7629 0.1859 -0.5789 0.2197 0.6986 -0.2811 -0.6575 -0.026 0.6905 0.5162 -0.454 -0.2251 0.7827 0.0909 0.613 -0.0582 0.703 -0.0173 -0.6483 -0.292 0.6912 -0.1299 -0.7001 -0.1229 0.9378 -0.1735 0.3004 0.0146
0.8215 -0.0806 -0.5623 -0.0501 0.6099 -0.3912 -0.6782 -0.1224 0.7807 0.1751 -0.5889 0.1141 0.7629 0.1859 -0.5789 0.2197 0.6986 -0.2811 -0.6575 -0.026 0.7221 0.362 -0.5895 0.002 0.7827 0.0909 0.613 -0.0582 0.703 -0.0173 -0.6483 -0.292 0.6912 -0.1299 -0.7001 -0.1229 0.9378 -0.1735 0.3004 0.0146
0.8215 -0.0806 -0.5623 -0.0501 0.6099 -0.3912 -0.6782 -0.1224 0.7807 0.1751 -0.5889 0.1141 0.7629 0.1859 -0.5789 0.2197 0.6986 -0.2811 -0.6575 -0.026 0.7221 0.362 -0.5895 0.002 0.7827 0.0909 0.613 -0.0582 0.703 -0.0173 -0.6483 -0.292 0.6912 -0.1299 -0.7001 -0.1229 0.9378 -0.1735 0.3004 0.0146
0.8033 -0.1124 -0.5631 -0.158 0.6099 -0.3912 -0.6782 -0.1224 0.7989 0.1741 -0.5757 0.0011 0.7629 0.1859 -0.5789 0.2197 0.6986 -0.2811 -0.6575 -0.026 0.7221 0.362 -0.5895 0.002 0.9108 0.1988 0.3605 0.0306 0.703 -0.0173 -0.6483 -0.292 0.6912 -0.1299 -0.7001 -0.1229 0.9378 -0.1735 0.3004 0.0146
0.8033 -0.1124 -0.5631 -0.158 0.6099 -0.3912 -0.6782 -0.1224 0.7989 0.1741 -0.5757 0.0011 0.7629 0.1859 -0.5789 0.2197 0.6986 -0.2811 -0.6575 -0.026 0.7221 0.362 -0.5895 0.002 0.9108 0.1988 0.3605 0.0306 0.703 -0.0173 -0.6483 -0.292 0.6998 -0.1735 -0.6887 -0.0776 0.9378 -0.1735 0.3004 0.0146
0.8033 -0.1124 -0.5631 -0.158 0.6187 -0.3789 -0.6768 -0.1249 0.7989 0.1741 -0.5757 0.0011 0.7629 0.1859 -0.5789 0.2197 0.6986 -0.2811 -0.6575 -0.026 0.7221 0.362 -0.5895 0.002 0.9108 0.1988 0.3605 0.0306 0.703 -0.0173 -0.6483 -0.292 0.6998 -0.1735 -0.6887 -0.0776 0.9133 -0.194 0.3574 0.0214
0.8033 -0.1124 -0.5631 -0.158 0.6187 -0.3789 -0.6768 -0.1249 0.7989 0.1741 -0.5757 0.0011 0.7629 0.1859 -0.5789 0.2197 0.6986 -0.2811 -0.6575 -0.026 0.7221 0.362 -0.5895 0.002 0.9108 0.1988 0.3605 0.0306 0.703 -0.0173 -0.6483 -0.292 0.6998 -0.1735 -0.6887 -0.0776 0.9133 -0.194 0.3574 0.0214
0.8033 -0.1124 -0.5631 -0.158 0.6187 -0.3789 -0.6768 -0.1249 0.7989 0.1741 -0.5757 0.0011 0.7629 0.1859 -0.5789 0.2197 0.6986 -0.2811 -0.6575 -0.026 0.7221 0.362 -0.5895 0.002 0.9108 0.1988 0.3605 0.0306 0.703 -0.0173 -0.6483 -0.292 0.6998 -0.1735 -0.6887 -0.0776 0.9133 -0.194 0.3574 0.0214
0.8033 -0.1124 -0.5631 -0.158 0.6187 -0.3789 -0.6768 -0.1249 0.7989 0.1741 -0.5757 0.0011 0.7629 0.1859 -0.5789 0.2197 0.6986 -0.2811 -0.6575 -0.026 0.7157 0.087 -0.6905 0.0583 0.9108 0.1988 0.3605 0.0306 0.703 -0.0173 -0.6483 -0.292 0.6998 -0.1735 -0.6887 -0.0776 0.9133 -0.194 0.3574 0.0214
0.8005 -0.1168 -0.56 -0.1787 0.6187 -0.3789 -0.6768 -0.1249 0.7996 0.1522 -0.5798 0.0372 0.7629 0.1859 -0.5789 0.2197 0.6986 -0.2811 -0.6575 -0.026 0.7157 0.087 -0.6905 0.0583 0.9108 0.1988 0.3605 0.0306 0.703 -0.0173 -0.6483 -0.292 0.6998 -0.1735 -0.6887 -0.0776 0.9133 -0.194 0.3574 0.0214
0.8005 -0.1168 -0.56 -0.1787 0.6187 -0.3789 -0.6768 -0.1249 0.7996 0.1522 -0.5798 0.0372 0.7629 0.1859 -0.5789 0.2197 0.6986 -0.2811 -0.6575 -0.026 0.7157 0.087 -0.6905 0.0583 0.9108 0.1988 0.3605 0.0306 0.703 -0.0173 -0.6483 -0.292 0.6998 -0.1735 -0.6887 -0.0776 0.9133 -0.194 0.3574 0.0214
0.8005 -0.1168 -0.56 -0.1787 0.6187 -0.3789 -0.6768 -0.1249 0.7996 0.1522 -0.5798 0.0372 0.7629 0.1859 -0.5789 0.2197 0.6986 -0.2811 -0.6575 -0.026 0.7157 0.087 -0.6905 0.0583 0.9108 0.1988 0.3605 0.0306 0.703 -0.0173 -0.6483 -0.292 0.6998 -0.1735 -0.6887 -0.0776 0.8939 -0.2018 0.3994 0.0283
0.8005 -0.1168 -0.56 -0.1787 0.5983 -0.3857 -0.6926 -0.1166 0.7996 0.1522 -0.5798 0.0372 0.7583 0.2719 -0.5922 0.0191 0.6986 -0.2811 -0.6575 -0.026 0.7157 0.087 -0.6905 0.0583 0.9108 0.1988 0.3605 0.0306 0.703 -0.0173 -0.6483 -0.292 0.6998 -0.1735 -0.6887 -0.0776 0.8939 -0.2018 0.3994 0.0283
0.8005 -0.1168 -0.56 -0.1787 0.5983 -0.3857 -0.6926 -0.1166 0.7996 0.1522 -0.5798 0.0372 0.7583 0.2719 -0.5922 0.0191 0.6986 -0.2811 -0.6575 -0.026 0.7157 0.087 -0.6905 0.0583 0.9108 0.1988 0.3605 0.0306 0.703 -0.0173 -0.6483 -0.292 0.6998 -0.1735 -0.6887 -0.0776 0.8939 -0.2018 0.3994 0.0283
0.8005 -0.1168 -0.56 -0.1787 0.5983 -0.3857 -0.6926 -0.1166 0.7996 0.1522 -0.5798 0.0372 0.7583 0.2719 -0.5922 0.0191 0.6986 -0.2811 -0.6575 -0.026 0.7157 0.087 -0.6905 0.0583 0.9108 0.1988 0.3605 0.0306 0.703 -0.0173 -0.6483 -0.292 0.6998 -0.1735 -0.6887 -0.0776 0.8939 -0.2018 0.3994 0.0283
0.8005 -0.1168 -0.56 -0.1787 0.5983 -0.3857 -0.6926 -0.1166 0.7996 0.1522 -0.5798 0.0372 0.7583 0.2719 -0.5922 0.0191 0.6986 -0.2811 -0.6575 -0.026 0.6994 0.017 -0.693 0.1741 0.9108 0.1988 0.3605 0.0306 0.703 -0.0173 -0.6483 -0.292 0.6998 -0.1735 -0.6887 -0.0776 0.8939 -0.2018 0.3994 0.0283
0.8005 -0.1168 -0.56 -0.1787 0.5983 -0.3857 -0.6926 -0.1166 0.8059 0.1362 -0.5736 0.0544 0.7583 0.2719 -0.5922 0.0191 0.6986 -0.2811 -0.6575 -0.026 0.6994 0.017 -0.693 0.1741 0.9108 0.1988 0.3605 0.0306 0.703 -0.0173 -0.6483 -0.292 0.6998 -0.1735 -0.6887 -0.0776 0.8939 -0.2018 0.3994 0.0283
0.8005 -0.1168 -0.56 -0.1787 0.5983 -0.3857 -0.6926 -0.1166 0.8059 0.1362 -0.5736 0.0544 0.7583 0.2719 -0.5922 0.0191 0.6986 -0.2811 -0.6575 -0.026 0.6994 0.017 -0.693 0.1741 0.9108 0.1988 0.3605 0.0306 0.703 -0.0173 -0.6483 -0.292 0.6998 -0.1735 -0.6887 -0.0776 0.8939 -0.2018 0.3994 0.0283
0.8005 -0.1168 -0.56 -0.1787 0.5983 -0.3857 -0.6926 -0.1166 0.8059 0.1362 -0.5736 0.0544 0.7583 0.2719 -0.5922 0.0191 0.6986 -0.2811 -0.6575 -0.026 0.6994 0.017 -0.693 0.1741 0.9108 0.1988 0.3605 0.0306 0.703 -0.0173 -0.6483 -0.292 0.6998 -0.1735 -0.6887 -0.0776 0.8558 -0.209 0.4719 0.0355
0.8005 -0.1168 -0.56 -0.1787 0.6327 -0.3571 -0.6714 -0.1462 0.8059 0.1362 -0.5736 0.0544 0.7583 0.2719 -0.5922 0.0191 0.6986 -0.2811 -0.6575 -0.026 0.6994 0.017 -0.693 0.1741 0.9108 0.1988 0.3605 0.0306 0.703 -0.0173 -0.6483 -0.292 0.6998 -0.1735 -0.6887 -0.0776 0.8558 -0.209 0.4719 0.0355
0.8005 -0.1168 -0.56 -0.1787 0.6327 -0.3571 -0.6714 -0.1462 0.8059 0.1362 -0.5736 0.0544 0.7583 0.2719 -0.5922 0.0191 0.6986 -0.2811 -0.6575 -0.026 0.6994 0.017 -0.693 0.1741 0.9108 0.1988 0.3605 0.0306 0.703 -0.0173 -0.6483 -0.292 0.6998 -0.1735 -0.6887 -0.0776 0.8558 -0.209 0.4719 0.0355
0.8005 -0.1168 -0.56 -0.1787 0.6327 -0.3571 -0.6714 -0.1462 0.8059 0.1362 -0.5736 0.0544 0.7583 0.2719 -0.5922 0.0191 0.6986 -0.2811 -0.6575 -0.026 0.6994 0.017 -0.693 0.1741 0.9108 0.1988 0.3605 0.0306 0.703 -0.0173 -0.6483 -0.292 0.6998 -0.1735 -0.6887 -0.0776 0.8558 -0.209 0.4719 0.0355
0.8005 -0.1168 -0.56 -0.1787 0.6327 -0.3571 -0.6714 -0.1462 0.8059 0.1362 -0.5736 0.0544 0.7583 0.2719 -0.5922 0.0191 0.6986 -0.2811 -0.6575 -0.026 0.717 0.1075 -0.6643 0.1816 0.9108 0.1988 0.3605 0.0306 0.703 -0.0173 -0.6483 -0.292 0.6998 -0.1735 -0.6887 -0.0776 0.8558 -0.209 0.4719 0.0355
0.8005 -0.1168 -0.56 -0.1787 0.6327 -0.3571 -0.6714 -0.1462 0.8059 0.1362 -0.5736 0.0544 0.7583 0.2719 -0.5922 0.0191 0.6986 -0.2811 -0.6575 -0.026 0.717 0.1075 -0.6643 0.1816 0.9108 0.1988 0.3605 0.0306 0.703 -0.0173 -0.6483 -0.292 0.6998 -0.1735 -0.6887 -0.0776 0.8558 -0.209 0.4719 0.0355
0.8005 -0.1168 -0.56 -0.1787 0.6327 -0.3571 -0.6714 -0.1462 0.8059 0.1362 -0.5736 0.0544 0.7583 0.2719 -0.5922 0.0191 0.6986 -0.2811 -0.6575 -0.026 0.717 0.1075 -0.6643 0.1816 0.9108 0.1988 0.3605 0.0306 0.703 -0.0173 -0.6483 -0.292 0.6998 -0.1735 -0.6887 -0.0776 0.8558 -0.209 0.4719 0.0355
0.8005 -0.1168 -0.56 -0.1787 0.6327 -0.3571 -0.6714 -0.1462 0.8059 0.1362 -0.5736 0.0544 0.7583 0.2719 -0.5922 0.0191 0.6986 -0.2811 -0.6575 -0.026 0.717 0.1075 -0.6643 0.1816 0.9108 0.1988 0.3605 0.0306 0.703 -0.0173 -0.6483 -0.292 0.6998 -0.1735 -0.6887 -0.0776 0.8558 -0.209 0.4719 0.0355
0.8005 -0.1168 -0.56 -0.1787 0.6586 -0.3428 -0.6454 -0.1797 0.8059 0.1362 -0.5736 0.0544 0.7583 0.2719 -0.5922 0.0191 0.6986 -0.2811 -0.6575 -0.026 0.717 0.1075 -0.6643 0.1816 0.9108 0.1988 0.3605 0.0306 0.703 -0.0173 -0.6483 -0.292 0.6998 -0.1735 -0.6887 -0.0776 0.6655 -0.2895 0.6849 0.0657
0.8005 -0.1168 -0.56 -0.1787 0.6586 -0.3428 -0.6454 -0.1797 0.8059 0.1362 -0.5736 0.0544 0.7583 0.2719 -0.5922 0.0191 0.6986 -0.2811 -0.6575 -0.026 0.717 0.1075 -0.6643 0.1816 0.9108 0.1988 0.3605 0.0306 0.703 -0.0173 -0.6483 -0.292 0.6998 -0.1735 -0.6887 -0.0776 0.6655 -0.2895 0.6849 0.0657
0.8005 -0.1168 -0.56 -0.1787 0.6586 -0.3428 -0.6454 -0.1797 0.8059 0.1362 -0.5736 0.0544 0.7583 0.2719 -0.5922 0.0191 0.6986 -0.2811 -0.6575 -0.026 0.7269 0.2227 -0.6383 0.121 0.9108 0.1988 0.3605 0.0306 0.703 -0.0173 -0.6483 -0.292 0.6998 -0.1735 -0.6887 -0.0776 0.6655 -0.2895 0.6849 0.0657
0.8005 -0.1168 -0.56 -0.1787 0.6586 -0.3428 -0.6454 -0.1797 0.8118 0.1002 -0.5753 0.001 0.7583 0.2719 -0.5922 0.0191 0.6986 -0.2811 -0.6575 -0.026 0.7269 0.2227 -0.6383 0.121 0.9108 0.1988 0.3605 0.0306 0.703 -0.0173 -0.6483 -0.292 0.6998 -0.1735 -0.6887 -0.0776 0.6655 -0.2895 0.6849 0.0657
0.8005 -0.1168 -0.56 -0.1787 0.6586 -0.3428 -0.6454 -0.1797 0.8118 0.1002 -0.5753 0.001 0.7583 0.2719 -0.5922 0.0191 0.6986 -0.2811 -0.6575 -0.026 0.7269 0.2227 -0.6383 0.121 0.9108 0.1988 0.3605 0.0306 0.703 -0.0173 -0.6483 -0.292 0.6998 -0.1735 -0.6887 -0.0776 0.6655 -0.2895 0.6849 0.0657
0.8132 -0.0785 -0.5382 -0.2068 0.6586 -0.3428 -0.6454 -0.1797 0.8118 0.1002 -0.5753 0.001 0.7583 0.2719 -0.5922 0.0191 0.6986 -0.2811 -0.6575 -0.026 0.7269 0.2227 -0.6383 0.121 0.9341 0.1625 0.3157 0.0375 0.703 -0.0173 -0.6483 -0.292 0.6998 -0.1735 -0.6887 -0.0776 0.6655 -0.2895 0.6849 0.0657
0.8132 -0.0785 -0.5382 -0.2068 0.6586 -0.3428 -0.6454 -0.1797 0.8118 0.1002 -0.5753 0.001 0.7583 0.2719 -0.5922 0.0191 0.6986 -0.2811 -0.6575 -0.026 0.7269 0.2227 -0.6383 0.121 0.9341 0.1625 0.3157 0.0375 0.703 -0.0173 -0.6483 -0.292 0.6998 -0.1735 -0.6887 -0.0776 0.3096 -0.283 0.9007 0.1135
0.8132 -0.0785 -0.5382 -0.2068 0.6343 -0.3484 -0.671 -0.1613 0.8118 0.1002 -0.5753 0.001 0.7583 0.2719 -0.5922 0.0191 0.6986 -0.2811 -0.6575 -0.026 0.7269 0.2227 -0.6383 0.121 0.9341 0.1625 0.3157 0.0375 0.703 -0.0173 -0.6483 -0.292 0.6998 -0.1735 -0.6887 -0.0776 0.3096 -0.283 0.9007 0.1135
0.8132 -0.0785 -0.5382 -0.2068 0.6343 -0.3484 -0.671 -0.1613 0.8118 0.1002 -0.5753 0.001 0.7583 0.2719 -0.5922 0.0191 0.6986 -0.2811 -0.6575 -0.026 0.7269 0.2227 -0.6383 0.121 0.9341 0.1625 0.3157 0.0375 0.703 -0.0173 -0.6483 -0.292 0.6998 -0.1735 -0.6887 -0.0776 0.3096 -0.283 0.9007 0.1135
0.8132 -0.0785 -0.5382 -0.2068 0.6343 -0.3484 -0.671 -0.1613 0.8118 0.1002 -0.5753 0.001 0.7583 0.2719 -0.5922 0.0191 0.6986 -0.2811 -0.6575 -0.026 0.7269 0.2227 -0.6383 0.121 0.9341 0.1625 0.3157 0.0375 0.703 -0.0173 -0.6483 -0.292 0.6998 -0.1735 -0.6887 -0.0776 0.3096 -0.283 0.9007 0.1135
0.8132 -0.0785 -0.5382 -0.2068 0.6343 -0.3484 -0.671 -0.1613 0.8118 0.1002 -0.5753 0.001 0.7583 0.2719 -0.5922 0.0191 0.6986 -0.2811 -0.6575 -0.026 0.7293 0.2537 -0.6334 0.05 0.9341 0.1625 0.3157 0.0375 0.703 -0.0173 -0.6483 -0.292 0.6998 -0.1735 -0.6887 -0.0776 0.3096 -0.283 0.9007 0.1135
0.8009 -0.0732 -0.5605 -0.1975 0.6343 -0.3484 -0.671 -0.1613 0.8131 0.1329 -0.565 0.0443 0.7583 0.2719 -0.5922 0.0191 0.6986 -0.2811 -0.6575 -0.026 0.7293 0.2537 -0.6334 0.05 0.9186 0.1677 0.3551 0.0447 0.703 -0.0173 -0.6483 -0.292 0.6998 -0.1735 -0.6887 -0.0776 0.3096 -0.283 0.9007 0.1135
0.8009 -0.0732 -0.5605 -0.1975 0.6343 -0.3484 -0.671 -0.1613 0.8131 0.1329 -0.565 0.0443 0.7583 0.2719 -0.5922 0.0191 0.6986 -0.2811 -0.6575 -0.026 0.7293 0.2537 -0.6334 0.05 0.9186 0.1677 0.3551 0.0447 0.703 -0.0173 -0.6483 -0.292 0.6998 -0.1735 -0.6887 -0.0776 0.3096 -0.283 0.9007 0.1135
0.8009 -0.0732 -0.5605 -0.1975 0.6343 -0.3484 -0.671 -0.1613 0.8131 0.1329 -0.565 0.0443 0.7583 0.2719 -0.5922 0.0191 0.6986 -0.2811 -0.6575 -0.026 0.7293 0.2537 -0.6334 0.05 0.9186 0.1677 0.3551 0.0447 0.703 -0.0173 -0.6483 -0.292 0.6998 -0.1735 -0.6887 -0.0776 0.3198 -0.2541 0.9086 0.0874
0.8009 -0.0732 -0.5605 -0.1975 0.6041 -0.3331 -0.7111 -0.1359 0.8131 0.1329 -0.565 0.0443 0.7583 0.2719 -0.5922 0.0191 0.6986 -0.2811 -0.6575 -0.026 0.7293 0.2537 -0.6334 0.05 0.9186 0.1677 0.3551 0.0447 0.703 -0.0173 -0.6483 -0.292 0.6998 -0.1735 -0.6887 -0.0776 0.3198 -0.2541 0.9086 0.0874
0.8009 -0.0732 -0.5605 -0.1975 0.6041 -0.3331 -0.7111 -0.1359 0.8131 0.1329 -0.565 0.0443 0.7583 0.2719 -0.5922 0.0191 0.6986 -0.2811 -0.6575 -0.026 0.7293 0.2537 -0.6334 0.05 0.9186 0.1677 0.3551 0.0447 0.703 -0.0173 -0.6483 -0.292 0.6998 -0.1735 -0.6887 -0.0776 0.3198 -0.2541 0.9086 0.0874
0.8009 -0.0732 -0.5605 -0.1975 0.6041 -0.3331 -0.7111 -0.1359 0.8131 0.1329 -0.565 0.0443 0.7583 0.2719 -0.5922 0.0191 0.6986 -0.2811 -0.6575 -0.026 0.7293 0.2537 -0.6334 0.05 0.9186 0.1677 0.3551 0.0447 0.703 -0.0173 -0.6483 -0.292 0.6998 -0.1735 -0.6887 -0.0776 0.3198 -0.2541 0.9086 0.0874
0.8009 -0.0732 -0.5605 -0.1975 0.6041 -0.3331 -0.7111 -0.1359 0.8131 0.1329 -0.565 0.0443 0.7583 0.2719 -0.5922 0.0191 0.6986 -0.2811 -0.6575 -0.026 0.7293 0.2537 -0.6334 0.05 0.9186 0.1677 0.3551 0.0447 0.703 -0.0173 -0.6483 -0.292 0.6998 -0.1735 -0.6887 -0.0776 0.3198 -0.2541 0.9086 0.0874
0.8009 -0.0732 -0.5605 -0.1975 0.6041 -0.3331 -0.7111 -0.1359 0.8131 0.1329 -0.565 0.0443 0.7583 0.2719 -0.5922 0.0191 0.6986 -0.2811 -0.6575 -0.026 0.7293 0.2537 -0.6334 0.05 0.9186 0.1677 0.3551 0.0447 0.703 -0.0173 -0.6483 -0.292 0.6998 -0.1735 -0.6887 -0.0776 0.3198 -0.2541 0.9086 0.0874
0.8026 -0.0603 -0.5702 -0.1647 0.6041 -0.3331 -0.7111 -0.1359 0.8229 0.1677 -0.5307 0.114 0.7583 0.2719 -0.5922 0.0191 0.6986 -0.2811 -0.6575 -0.026 0.7299 0.2722 -0.627 -6.0E-4 0.8957 0.1793 0.4058 0.0309 0.703 -0.0173 -0.6483 -0.292 0.6998 -0.1735 -0.6887 -0.0776 0.3198 -0.2541 0.9086 0.0874
0.8026 -0.0603 -0.5702 -0.1647 0.6041 -0.3331 -0.7111 -0.1359 0.8229 0.1677 -0.5307 0.114 0.7583 0.2719 -0.5922 0.0191 0.6986 -0.2811 -0.6575 -0.026 0.7299 0.2722 -0.627 -6.0E-4 0.8957 0.1793 0.4058 0.0309 0.703 -0.0173 -0.6483 -0.292 0.6998 -0.1735 -0.6887 -0.0776 0.3198 -0.2541 0.9086 0.0874
0.8026 -0.0603 -0.5702 -0.1647 0.5864 -0.329 -0.7327 -0.1051 0.8229 0.1677 -0.5307 0.114 0.7583 0.2719 -0.5922 0.0191 0.6986 -0.2811 -0.6575 -0.026 0.7299 0.2722 -0.627 -6.0E-4 0.8957 0.1793 0.4058 0.0309 0.703 -0.0173 -0.6483 -0.292 0.6998 -0.1735 -0.6887 -0.0776 0.3198 -0.2541 0.9086 0.0874
0.8026 -0.0603 -0.5702 -0.1647 0.5864 -0.329 -0.7327 -0.1051 0.8229 0.1677 -0.5307 0.114 0.7583 0.2719 -0.5922 0.0191 0.6986 -0.2811 -0.6575 -0.026 0.7299 0.2722 -0.627 -6.0E-4 0.8957 0.1793 0.4058 0.0309 0.703 -0.0173 -0.6483 -0.292 0.6998 -0.1735 -0.6887 -0.0776 0.3198 -0.2541 0.9086 0.0874
0.8026 -0.0603 -0.5702 -0.1647 0.5864 -0.329 -0.7327 -0.1051 0.8229 0.1677 -0.5307 0.114 0.7583 0.2719 -0.5922 0.0191 0.6986 -0.2811 -0.6575 -0.026 0.7269 0.315 -0.6082 -0.05 0.8957 0.1793 0.4058 0.0309 0.703 -0.0173 -0.6483 -0.292 0.6998 -0.1735 -0.6887 -0.0776 0.3198 -0.2541 0.9086 0.0874
0.8026 -0.0603 -0.5702 -0.1647 0.5864 -0.329 -0.7327 -0.1051 0.8215 0.1791 -0.5175 0.1588 0.7583 0.2719 -0.5922 0.0191 0.6986 -0.2811 -0.6575 -0.026 0.7269 0.315 -0.6082 -0.05 0.8957 0.1793 0.4058 0.0309 0.703 -0.0173 -0.6483 -0.292 0.6998 -0.1735 -0.6887 -0.0776 0.3198 -0.2541 0.9086 0.0874
0.8026 -0.0603 -0.5702 -0.1647 0.5864 -0.329 -0.7327 -0.1051 0.8215 0.1791 -0.5175 0.1588 0.7583 0.2719 -0.5922 0.0191 0.6986 -0.2811 -0.6575 -0.026 0.7269 0.315 -0.6082 -0.05 0.8957 0.1793 0.4058 0.0309 0.703 -0.0173 -0.6483 -0.292 0.6998 -0.1735 -0.6887 -0.0776 0.3198 -0.2541 0.9086 0.0874
0.7961 -0.0712 -0.5813 -0.1523 0.5864 -0.329 -0.7327 -0.1051 0.8215 0.1791 -0.5175 0.1588 0.7583 0.2719 -0.5922 0.0191 0.6986 -0.2811 -0.6575 -0.026 0.7269 0.315 -0.6082 -0.05 0.8802 0.1473 0.4511 -0.0079 0.703 -0.0173 -0.6483 -0.292 0.6998 -0.1735 -0.6887 -0.0776 0.3198 -0.2541 0.9086 0.0874
0.7961 -0.0712 -0.5813 -0.1523 0.5864 -0.329 -0.7327 -0.1051 0.8215 0.1791 -0.5175 0.1588 0.7583 0.2719 -0.5922 0.0191 0.6986 -0.2811 -0.6575 -0.026 0.7269 0.315 -0.6082 -0.05 0.8802 0.1473 0.4511 -0.0079 0.703 -0.0173 -0.6483 -0.292 0.6998 -0.1735 -0.6887 -0.0776 0.9272 -0.2461 0.2751 -0.0629
0.7961 -0.0712 -0.5813 -0.1523 0.5779 -0.3392 -0.7362 -0.0944 0.8215 0.1791 -0.5175 0.1588 0.7583 0.2719 -0.5922 0.0191 0.6986 -0.2811 -0.6575 -0.026 0.7269 0.315 -0.6082 -0.05 0.8802 0.1473 0.4511 -0.0079 0.703 -0.0173 -0.6483 -0.292 0.6998 -0.1735 -0.6887 -0.0776 0.9272 -0.2461 0.2751 -0.0629
0.7961 -0.0712 -0.5813 -0.1523 0.5779 -0.3392 -0.7362 -0.0944 0.8215 0.1791 -0.5175 0.1588 0.7583 0.2719 -0.5922 0.0191 0.6986 -0.2811 -0.6575 -0.026 0.7269 0.315 -0.6082 -0.05 0.8802 0.1473 0.4511 -0.0079 0.703 -0.0173 -0.6483 -0.292 0.6998 -0.1735 -0.6887 -0.0776 0.9272 -0.2461 0.2751 -0.0629
0.7961 -0.0712 -0.5813 -0.1523 0.5779 -0.3392 -0.7362 -0.0944 0.8215 0.1791 -0.5175 0.1588 0.7583 0.2719 -0.5922 0.0191 0.6986 -0.2811 -0.6575 -0.026 0.7269 0.315 -0.6082 -0.05 0.8802 0.1473 0.4511 -0.0079 0.703 -0.0173 -0.6483 -0.292 0.6998 -0.1735 -0.6887 -0.0776 0.9272 -0.2461 0.2751 -0.0629
0.7961 -0.0712 -0.5813 -0.1523 0.5779 -0.3392 -0.7362 -0.0944 0.8215 0.1791 -0.5175 0.1588 0.7583 0.2719 -0.5922 0.0191 0.6986 -0.2811 -0.6575 -0.026 0.7255 0.3513 -0.5775 -0.1292 0.8802 0.1473 0.4511 -0.0079 0.703 -0.0173 -0.6483 -0.292 0.6998 -0.1735 -0.6887 -0.0776 0.9272 -0.2461 0.2751 -0.0629
0.7934 -0.0944 -0.5815 -0.1534 0.5779 -0.3392 -0.7362 -0.0944 0.8024 0.1979 -0.5187 0.2186 0.7583 0.2719 -0.5922 0.0191 0.6986 -0.2811 -0.6575 -0.026 0.7255 0.3513 -0.5775 -0.1292 0.83 0.1011 0.5466 -0.0461 0.703 -0.0173 -0.6483 -0.292 0.6998 -0.1735 -0.6887 -0.0776 0.9272 -0.2461 0.2751 -0.0629
0.7934 -0.0944 -0.5815 -0.1534 0.5779 -0.3392 -0.7362 -0.0944 0.8024 0.1979 -0.5187 0.2186 0.7583 0.2719 -0.5922 0.0191 0.6986 -0.2811 -0.6575 -0.026 0.7255 0.3513 -0.5775 -0.1292 0.83 0.1011 0.5466 -0.0461 0.703 -0.0173 -0.6483 -0.292 0.6998 -0.1735 -0.6887 -0.0776 0.9272 -0.2461 0.2751 -0.0629
0.7934 -0.0944 -0.5815 -0.1534 0.5779 -0.3392 -0.7362 -0.0944 0.8024 0.1979 -0.5187 0.2186 0.7583 0.2719 -0.5922 0.0191 0.6986 -0.2811 -0.6575 -0.026 0.7255 0.3513 -0.5775 -0.1292 0.83 0.1011 0.5466 -0.0461 0.703 -0.0173 -0.6483 -0.292 0.6998 -0.1735 -0.6887 -0.0776 0.9272 -0.2461 0.2751 -0.0629
0.7934 -0.0944 -0.5815 -0.1534 0.5865 -0.358 -0.7194 -0.1014 0.8024 0.1979 -0.5187 0.2186 0.7583 0.2719 -0.5922 0.0191 0.5869 -0.1345 -0.7815 -0.1633 0.7255 0.3513 -0.5775 -0.1292 0.83 0.1011 0.5466 -0.0461 0.703 -0.0173 -0.6483 -0.292 0.6998 -0.1735 -0.6887 -0.0776 0.9528 -0.2793 0.114 -0.0342
0.7934 -0.0944 -0.5815 -0.1534 0.5865 -0.358 -0.7194 -0.1014 0.8024 0.1979 -0.5187 0.2186 0.7583 0.2719 -0.5922 0.0191 0.5869 -0.1345 -0.7815 -0.1633 0.7255 0.3513 -0.5775 -0.1292 0.83 0.1011 0.5466 -0.0461 0.703 -0.0173 -0.6483 -0.292 0.6998 -0.1735 -0.6887 -0.0776 0.9528 -0.2793 0.114 -0.0342
0.7934 -0.0944 -0.5815 -0.1534 0.5865 -0.358 -0.7194 -0.1014 0.8024 0.1979 -0.5187 0.2186 0.7583 0.2719 -0.5922 0.0191 0.5869 -0.1345 -0.7815 -0.1633 0.7186 0.4524 -0.4638 -0.2527 0.83 0.1011 0.5466 -0.0461 0.703 -0.0173 -0.6483 -0.292 0.6998 -0.1735 -0.6887 -0.0776 0.9528 -0.2793 0.114 -0.0342
0.7934 -0.0944 -0.5815 -0.1534 0.5865 -0.358 -0.7194 -0.1014 0.8024 0.1979 -0.5187 0.2186 0.7583 0.2719 -0.5922 0.0191 0.5869 -0.1345 -0.7815 -0.1633 0.7186 0.4524 -0.4638 -0.2527 0.83 0.1011 0.5466 -0.0461 0.703 -0.0173 -0.6483 -0.292 0.6998 -0.1735 -0.6887 -0.0776 0.9528 -0.2793 0.114 -0.0342
0.7783 -0.1385 -0.5815 -0.192 0.5865 -0.358 -0.7194 -0.1014 0.7818 0.1761 -0.579 0.15 0.7583 0.2719 -0.5922 0.0191 0.5869 -0.1345 -0.7815 -0.1633 0.7186 0.4524 -0.4638 -0.2527 0.5199 0.116 0.8381 -0.1174 0.703 -0.0173 -0.6483 -0.292 0.6998 -0.1735 -0.6887 -0.0776 0.9528 -0.2793 0.114 -0.0342
0.7783 -0.1385 -0.5815 -0.192 0.5865 -0.358 -0.7194 -0.1014 0.7818 0.1761 -0.579 0.15 0.7583 0.2719 -0.5922 0.0191 0.5869 -0.1345 -0.7815 -0.1633 0.7186 0.4524 -0.4638 -0.2527 0.5199 0.116 0.8381 -0.1174 0.703 -0.0173 -0.6483 -0.292 0.6998 -0.1735 -0.6887 -0.0776 0.9528 -0.2793 0.114 -0.0342
0.7783 -0.1385 -0.5815 -0.192 0.5865 -0.358 -0.7194 -0.1014 0.7818 0.1761 -0.579 0.15 0.7583 0.2719 -0.5922 0.0191 0.6631 -0.2371 -0.7066 -0.069 0.7186 0.4524 -0.4638 -0.2527 0.5199 0.116 0.8381 -0.1174 0.703 -0.0173 -0.6483 -0.292 0.6998 -0.1735 -0.6887 -0.0776 0.9528 -0.2793 0.114 -0.0342
0.7783 -0.1385 -0.5815 -0.192 0.6098 -0.3628 -0.6873 -0.1552 0.7818 0.1761 -0.579 0.15 0.7583 0.2719 -0.5922 0.0191 0.6631 -0.2371 -0.7066 -0.069 0.7186 0.4524 -0.4638 -0.2527 0.5199 0.116 0.8381 -0.1174 0.703 -0.0173 -0.6483 -0.292 0.6998 -0.1735 -0.6887 -0.0776 0.9528 -0.2793 0.114 -0.0342
0.7783 -0.1385 -0.5815 -0.192 0.6098 -0.3628 -0.6873 -0.1552 0.7818 0.1761 -0.579 0.15 0.7583 0.2719 -0.5922 0.0191 0.6631 -0.2371 -0.7066 -0.069 0.7186 0.4524 -0.4638 -0.2527 0.5199 0.116 0.8381 -0.1174 0.703 -0.0173 -0.6483 -0.292 0.6998 -0.1735 -0.6887 -0.0776 0.9528 -0.2793 0.114 -0.0342
0.7783 -0.1385 -0.5815 -0.192 0.6098 -0.3628 -0.6873 -0.1552 0.7818 0.1761 -0.579 0.15 0.7583 0.2719 -0.5922 0.0191 0.6631 -0.2371 -0.7066 -0.069 0.7186 0.4524 -0.4638 -0.2527 0.5199 0.116 0.8381 -0.1174 0.703 -0.0173 -0.6483 -0.292 0.6998 -0.1735 -0.6887 -0.0776 0.9528 -0.2793 0.114 -0.0342
0.7783 -0.1385 -0.5815 -0.192 0.6098 -0.3628 -0.6873 -0.1552 0.7818 0.1761 -0.579 0.15 0.7583 0.2719 -0.5922 0.0191 0.6631 -0.2371 -0.7066 -0.069 0.7186 0.4524 -0.4638 -0.2527 0.5199 0.116 0.8381 -0.1174 0.703 -0.0173 -0.6483 -0.292 0.6998 -0.1735 -0.6887 -0.0776 0.9528 -0.2793 0.114 -0.0342
0.7783 -0.1385 -0.5815 -0.192 0.6098 -0.3628 -0.6873 -0.1552 0.7818 0.1761 -0.579 0.15 0.7583 0.2719 -0.5922 0.0191 0.6631 -0.2371 -0.7066 -0.069 0.7186 0.4524 -0.4638 -0.2527 0.5199 0.116 0.8381 -0.1174 0.703 -0.0173 -0.6483 -0.292 0.6998 -0.1735 -0.6887 -0.0776 0.9528 -0.2793 0.114 -0.0342
0.7831 -0.1484 -0.5729 -0.1909 0.6098 -0.3628 -0.6873 -0.1552 0.7664 0.1443 -0.6249 -0.0371 0.7583 0.2719 -0.5922 0.0191 0.6631 -0.2371 -0.7066 -0.069 0.729 0.4639 -0.4158 -0.2836 0.6659 0.0416 0.7281 -0.157 0.703 -0.0173 -0.6483 -0.292 0.6998 -0.1735 -0.6887 -0.0776 0.9355 -0.17 0.3098 1.0E-4
0.7831 -0.1484 -0.5729 -0.1909 0.5939 -0.3901 -0.6879 -0.1476 0.7664 0.1443 -0.6249 -0.0371 0.7583 0.2719 -0.5922 0.0191 0.6631 -0.2371 -0.7066 -0.069 0.729 0.4639 -0.4158 -0.2836 0.6659 0.0416 0.7281 -0.157 0.703 -0.0173 -0.6483 -0.292 0.6998 -0.1735 -0.6887 -0.0776 0.9355 -0.17 0.3098 1.0E-4
0.7831 -0.1484 -0.5729 -0.1909 0.5939 -0.3901 -0.6879 -0.1476 0.7664 0.1443 -0.6249 -0.0371 0.7583 0.2719 -0.5922 0.0191 0.6631 -0.2371 -0.7066 -0.069 0.729 0.4639 -0.4158 -0.2836 0.6659 0.0416 0.7281 -0.157 0.703 -0.0173 -0.6483 -0.292 0.6998 -0.1735 -0.6887 -0.0776 0.9355 -0.17 0.3098 1.0E-4
0.7831 -0.1484 -0.5729 -0.1909 0.5939 -0.3901 -0.6879 -0.1476 0.7664 0.1443 -0.6249 -0.0371 0.7583 0.2719 -0.5922 0.0191 0.6631 -0.2371 -0.7066 -0.069 0.729 0.4639 -0.4158 -0.2836 0.6659 0.0416 0.7281 -0.157 0.703 -0.0173 -0.6483 -0.292 0.6998 -0.1735 -0.6887 -0.0776 0.9355 -0.17 0.3098 1.0E-4
0.7831 -0.1484 -0.5729 -0.1909 0.5939 -0.3901 -0.6879 -0.1476 0.7664 0.1443 -0.6249 -0.0371 0.7583 0.2719 -0.5922 0.0191 0.6631 -0.2371 -0.7066 -0.069 0.729 0.4639 -0.4158 -0.2836 0.6659 0.0416 0.7281 -0.157 0.703 -0.0173 -0.6483 -0.292 0.6998 -0.1735 -0.6887 -0.0776 0.9355 -0.17 0.3098 1.0E-4
0.7831 -0.1484 -0.5729 -0.1909 0.5939 -0.3901 -0.6879 -0.1476 0.7664 0.1443 -0.6249 -0.0371 0.7583 0.2719 -0.5922 0.0191 0.6631 -0.2371 -0.7066 -0.069 0.729 0.4639 -0.4158 -0.2836 0.6659 0.0416 0.7281 -0.157 0.703 -0.0173 -0.6483 -0.292 0.6998 -0.1735 -0.6887 -0.0776 0.9355 -0.17 0.3098 1.0E-4
0.7831 -0.1484 -0.5729 -0.1909 0.5939 -0.3901 -0.6879 -0.1476 0.7664 0.1443 -0.6249 -0.0371 0.7583 0.2719 -0.5922 0.0191 0.6631 -0.2371 -0.7066 -0.069 0.729 0.4639 -0.4158 -0.2836 0.6659 0.0416 0.7281 -0.157 0.703 -0.0173 -0.6483 -0.292 0.6998 -0.1735 -0.6887 -0.0776 0.9355 -0.17 0.3098 1.0E-4
0.7736 -0.1839 -0.5587 -0.2358 0.5939 -0.3901 -0.6879 -0.1476 0.7545 0.1304 -0.6138 -0.1924 0.7583 0.2719 -0.5922 0.0191 0.6631 -0.2371 -0.7066 -0.069 0.7556 0.3209 -0.565 -0.0826 0.8833 0.1707 0.4197 -0.1206 0.703 -0.0173 -0.6483 -0.292 0.6998 -0.1735 -0.6887 -0.0776 0.9219 -0.1835 0.3411 0.0107
0.7736 -0.1839 -0.5587 -0.2358 0.5919 -0.4278 -0.6597 -0.1774 0.7545 0.1304 -0.6138 -0.1924 0.7583 0.2719 -0.5922 0.0191 0.7203 -0.3876 -0.5585 0.1382 0.7556 0.3209 -0.565 -0.0826 0.8833 0.1707 0.4197 -0.1206 0.703 -0.0173 -0.6483 -0.292 0.6998 -0.1735 -0.6887 -0.0776 0.9219 -0.1835 0.3411 0.0107
0.7736 -0.1839 -0.5587 -0.2358 0.5919 -0.4278 -0.6597 -0.1774 0.7545 0.1304 -0.6138 -0.1924 0.7583 0.2719 -0.5922 0.0191 0.7203 -0.3876 -0.5585 0.1382 0.7556 0.3209 -0.565 -0.0826 0.8833 0.1707 0.4197 -0.1206 0.703 -0.0173 -0.6483 -0.292 0.6998 -0.1735 -0.6887 -0.0776 0.9219 -0.1835 0.3411 0.0107
0.7736 -0.1839 -0.5587 -0.2358 0.5919 -0.4278 -0.6597 -0.1774 0.7545 0.1304 -0.6138 -0.1924 0.7583 0.2719 -0.5922 0.0191 0.7203 -0.3876 -0.5585 0.1382 0.7556 0.3209 -0.565 -0.0826 0.8833 0.1707 0.4197 -0.1206 0.703 -0.0173 -0.6483 -0.292 0.6998 -0.1735 -0.6887 -0.0776 0.9219 -0.1835 0.3411 0.0107
0.7736 -0.1839 -0.5587 -0.2358 0.5919 -0.4278 -0.6597 -0.1774 0.7545 0.1304 -0.6138 -0.1924 0.7583 0.2719 -0.5922 0.0191 0.7203 -0.3876 -0.5585 0.1382 0.7556 0.3209 -0.565 -0.0826 0.8833 0.1707 0.4197 -0.1206 0.703 -0.0173 -0.6483 -0.292 0.6998 -0.1735 -0.6887 -0.0776 0.9219 -0.1835 0.3411 0.0107
0.7736 -0.1839 -0.5587 -0.2358 0.5919 -0.4278 -0.6597 -0.1774 0.7545 0.1304 -0.6138 -0.1924 0.7583 0.2719 -0.5922 0.0191 0.7203 -0.3876 -0.5585 0.1382 0.7556 0.3209 -0.565 -0.0826 0.8833 0.1707 0.4197 -0.1206 0.703 -0.0173 -0.6483 -0.292 0.6998 -0.1735 -0.6887 -0.0776 0.9219 -0.1835 0.3411 0.0107
0.7621 -0.2021 -0.5563 -0.2624 0.5919 -0.4278 -0.6597 -0.1774 0.7361 0.2176 -0.5937 -0.2416 0.7583 0.2719 -0.5922 0.0191 0.7203 -0.3876 -0.5585 0.1382 0.7097 0.0106 -0.698 0.0953 0.9471 0.3078 0.0875 0.024 0.703 -0.0173 -0.6483 -0.292 0.6998 -0.1735 -0.6887 -0.0776 0.9219 -0.1835 0.3411 0.0107
0.7621 -0.2021 -0.5563 -0.2624 0.5919 -0.4278 -0.6597 -0.1774 0.7361 0.2176 -0.5937 -0.2416 0.7583 0.2719 -0.5922 0.0191 0.7203 -0.3876 -0.5585 0.1382 0.7097 0.0106 -0.698 0.0953 0.9471 0.3078 0.0875 0.024 0.703 -0.0173 -0.6483 -0.292 0.6998 -0.1735 -0.6887 -0.0776 0.9219 -0.1835 0.3411 0.0107
0.7621 -0.2021 -0.5563 -0.2624 0.6114 -0.4078 -0.6509 -0.1902 0.7361 0.2176 -0.5937 -0.2416 0.7583 0.2719 -0.5922 0.0191 0.7203 -0.3876 -0.5585 0.1382 0.7097 0.0106 -0.698 0.0953 0.9471 0.3078 0.0875 0.024 0.6508 -0.1994 -0.7321 -0.0291 0.6998 -0.1735 -0.6887 -0.0776 0.8779 -0.2093 0.4305 0.0126
0.7621 -0.2021 -0.5563 -0.2624 0.6114 -0.4078 -0.6509 -0.1902 0.7361 0.2176 -0.5937 -0.2416 0.7583 0.2719 -0.5922 0.0191 0.7203 -0.3876 -0.5585 0.1382 0.7097 0.0106 -0.698 0.0953 0.9471 0.3078 0.0875 0.024 0.6508 -0.1994 -0.7321 -0.0291 0.6998 -0.1735 -0.6887 -0.0776 0.8779 -0.2093 0.4305 0.0126
0.7621 -0.2021 -0.5563 -0.2624 0.6114 -0.4078 -0.6509 -0.1902 0.7361 0.2176 -0.5937 -0.2416 0.7583 0.2719 -0.5922 0.0191 0.7203 -0.3876 -0.5585 0.1382 0.7097 0.0106 -0.698 0.0953 0.9471 0.3078 0.0875 0.024 0.6508 -0.1994 -0.7321 -0.0291 0.6998 -0.1735 -0.6887 -0.0776 0.8779 -0.2093 0.4305 0.0126
0.7621 -0.2021 -0.5563 -0.2624 0.6114 -0.4078 -0.6509 -0.1902 0.7361 0.2176 -0.5937 -0.2416 0.7583 0.2719 -0.5922 0.0191 0.7203 -0.3876 -0.5585 0.1382 0.7097 0.0106 -0.698 0.0953 0.9471 0.3078 0.0875 0.024 0.6508 -0.1994 -0.7321 -0.0291 0.6998 -0.1735 -0.6887 -0.0776 0.8779 -0.2093 0.4305 0.0126
0.7621 -0.2021 -0.5563 -0.2624 0.6114 -0.4078 -0.6509 -0.1902 0.7361 0.2176 -0.5937 -0.2416 0.7583 0.2719 -0.5922 0.0191 0.7203 -0.3876 -0.5585 0.1382 0.7097 0.0106 -0.698 0.0953 0.9471 0.3078 0.0875 0.024 0.6508 -0.1994 -0.7321 -0.0291 0.6998 -0.1735 -0.6887 -0.0776 0.8779 -0.2093 0.4305 0.0126
0.7621 -0.2021 -0.5563 -0.2624 0.6114 -0.4078 -0.6509 -0.1902 0.7361 0.2176 -0.5937 -0.2416 0.7583 0.2719 -0.5922 0.0191 0.7203 -0.3876 -0.5585 0.1382 0.7097 0.0106 -0.698 0.0953 0.9471 0.3078 0.0875 0.024 0.6508 -0.1994 -0.7321 -0.0291 0.6998 -0.1735 -0.6887 -0.0776 0.8779 -0.2093 0.4305 0.0126
0.7496 -0.2115 -0.5688 -0.2643 0.6114 -0.4078 -0.6509 -0.1902 0.7278 0.2394 -0.6026 -0.2232 0.7583 0.2719 -0.5922 0.0191 0.7203 -0.3876 -0.5585 0.1382 0.7033 0.0628 -0.6944 0.1385 0.9389 0.2564 0.2296 0.0081 0.6508 -0.1994 -0.7321 -0.0291 0.6998 -0.1735 -0.6887 -0.0776 0.6686 -0.197 0.7161 0.0372
0.7496 -0.2115 -0.5688 -0.2643 0.6204 -0.408 -0.6317 -0.2227 0.7278 0.2394 -0.6026 -0.2232 0.7583 0.2719 -0.5922 0.0191 0.7203 -0.3876 -0.5585 0.1382 0.7033 0.0628 -0.6944 0.1385 0.9389 0.2564 0.2296 0.0081 0.6508 -0.1994 -0.7321 -0.0291 0.6998 -0.1735 -0.6887 -0.0776 0.6686 -0.197 0.7161 0.0372
0.7496 -0.2115 -0.5688 -0.2643 0.6204 -0.408 -0.6317 -0.2227 0.7278 0.2394 -0.6026 -0.2232 0.7583 0.2719 -0.5922 0.0191 0.7203 -0.3876 -0.5585 0.1382 0.7033 0.0628 -0.6944 0.1385 0.9389 0.2564 0.2296 0.0081 0.6508 -0.1994 -0.7321 -0.0291 0.6998 -0.1735 -0.6887 -0.0776 0.6686 -0.197 0.7161 0.0372
0.7496 -0.2115 -0.5688 -0.2643 0.6204 -0.408 -0.6317 -0.2227 0.7278 0.2394 -0.6026 -0.2232 0.7583 0.2719 -0.5922 0.0191 0.7203 -0.3876 -0.5585 0.1382 0.7033 0.0628 -0.6944 0.1385 0.9389 0.2564 0.2296 0.0081 0.6508 -0.1994 -0.7321 -0.0291 0.6998 -0.1735 -0.6887 -0.0776 0.6686 -0.197 0.7161 0.0372
0.7496 -0.2115 -0.5688 -0.2643 0.6204 -0.408 -0.6317 -0.2227 0.7278 0.2394 -0.6026 -0.2232 0.7583 0.2719 -0.5922 0.0191 0.7203 -0.3876 -0.5585 0.1382 0.7033 0.0628 -0.6944 0.1385 0.9389 0.2564 0.2296 0.0081 0.6508 -0.1994 -0.7321 -0.0291 0.6998 -0.1735 -0.6887 -0.0776 0.6686 -0.197 0.7161 0.0372
0.7496 -0.2115 -0.5688 -0.2643 0.6204 -0.408 -0.6317 -0.2227 0.7278 0.2394 -0.6026 -0.2232 0.7583 0.2719 -0.5922 0.0191 0.7203 -0.3876 -0.5585 0.1382 0.7033 0.0628 -0.6944 0.1385 0.9389 0.2564 0.2296 0.0081 0.6508 -0.1994 -0.7321 -0.0291 0.6998 -0.1735 -0.6887 -0.0776 0.6686 -0.197 0.7161 0.0372
0.7496 -0.2115 -0.5688 -0.2643 0.6204 -0.408 -0.6317 -0.2227 0.7278 0.2394 -0.6026 -0.2232 0.7583 0.2719 -0.5922 0.0191 0.7203 -0.3876 -0.5585 0.1382 0.7227 0.1975 -0.6578 0.0779 0.9389 0.2564 0.2296 0.0081 0.6508 -0.1994 -0.7321 -0.0291 0.6998 -0.1735 -0.6887 -0.0776 0.6686 -0.197 0.7161 0.0372
0.7694 -0.1471 -0.5967 -0.174 0.6204 -0.408 -0.6317 -0.2227 0.734 0.2221 -0.6309 -0.1183 0.7583 0.2719 -0.5922 0.0191 0.7203 -0.3876 -0.5585 0.1382 0.7227 0.1975 -0.6578 0.0779 0.9352 0.1772 0.306 -0.0167 0.6508 -0.1994 -0.7321 -0.0291 0.6998 -0.1735 -0.6887 -0.0776 0.6686 -0.197 0.7161 0.0372
0.7694 -0.1471 -0.5967 -0.174 0.6204 -0.408 -0.6317 -0.2227 0.734 0.2221 -0.6309 -0.1183 0.7583 0.2719 -0.5922 0.0191 0.7203 -0.3876 -0.5585 0.1382 0.7227 0.1975 -0.6578 0.0779 0.9352 0.1772 0.306 -0.0167 0.6508 -0.1994 -0.7321 -0.0291 0.6998 -0.1735 -0.6887 -0.0776 0.6031 -0.1637 0.7762 0.0842
0.7694 -0.1471 -0.5967 -0.174 0.6163 -0.3625 -0.6865 -0.1326 0.734 0.2221 -0.6309 -0.1183 0.7711 0.2306 -0.5863 -0.0921 0.7203 -0.3876 -0.5585 0.1382 0.7227 0.1975 -0.6578 0.0779 0.9352 0.1772 0.306 -0.0167 0.6508 -0.1994 -0.7321 -0.0291 0.6881 -0.4026 -0.571 0.196 0.6031 -0.1637 0.7762 0.0842
0.7694 -0.1471 -0.5967 -0.174 0.6163 -0.3625 -0.6865 -0.1326 0.734 0.2221 -0.6309 -0.1183 0.7711 0.2306 -0.5863 -0.0921 0.7203 -0.3876 -0.5585 0.1382 0.7227 0.1975 -0.6578 0.0779 0.9352 0.1772 0.306 -0.0167 0.6508 -0.1994 -0.7321 -0.0291 0.6881 -0.4026 -0.571 0.196 0.6031 -0.1637 0.7762 0.0842
0.7694 -0.1471 -0.5967 -0.174 0.6163 -0.3625 -0.6865 -0.1326 0.734 0.2221 -0.6309 -0.1183 0.7711 0.2306 -0.5863 -0.0921 0.7203 -0.3876 -0.5585 0.1382 0.7227 0.1975 -0.6578 0.0779 0.9352 0.1772 0.306 -0.0167 0.6508 -0.1994 -0.7321 -0.0291 0.6881 -0.4026 -0.571 0.196 0.6031 -0.1637 0.7762 0.0842
0.7694 -0.1471 -0.5967 -0.174 0.6163 -0.3625 -0.6865 -0.1326 0.734 0.2221 -0.6309 -0.1183 0.7711 0.2306 -0.5863 -0.0921 0.7203 -0.3876 -0.5585 0.1382 0.7214 0.2621 -0.6399 0.0369 0.9352 0.1772 0.306 -0.0167 0.6508 -0.1994 -0.7321 -0.0291 0.6881 -0.4026 -0.571 0.196 0.6031 -0.1637 0.7762 0.0842
0.782 -0.1158 -0.6054 -0.092 0.6163 -0.3625 -0.6865 -0.1326 0.7517 0.2173 -0.6226 -8.0E-4 0.7711 0.2306 -0.5863 -0.0921 0.7203 -0.3876 -0.5585 0.1382 0.7214 0.2621 -0.6399 0.0369 0.9346 0.1717 0.3107 -0.0228 0.6508 -0.1994 -0.7321 -0.0291 0.6881 -0.4026 -0.571 0.196 0.6031 -0.1637 0.7762 0.0842
0.782 -0.1158 -0.6054 -0.092 0.6163 -0.3625 -0.6865 -0.1326 0.7517 0.2173 -0.6226 -8.0E-4 0.7711 0.2306 -0.5863 -0.0921 0.7203 -0.3876 -0.5585 0.1382 0.7214 0.2621 -0.6399 0.0369 0.9346 0.1717 0.3107 -0.0228 0.6508 -0.1994 -0.7321 -0.0291 0.6881 -0.4026 -0.571 0.196 0.6031 -0.1637 0.7762 0.0842
0.782 -0.1158 -0.6054 -0.092 0.6163 -0.3625 -0.6865 -0.1326 0.7517 0.2173 -0.6226 -8.0E-4 0.7711 0.2306 -0.5863 -0.0921 0.7203 -0.3876 -0.5585 0.1382 0.7214 0.2621 -0.6399 0.0369 0.9346 0.1717 0.3107 -0.0228 0.6508 -0.1994 -0.7321 -0.0291 0.6881 -0.4026 -0.571 0.196 0.6031 -0.1637 0.7762 0.0842
0.782 -0.1158 -0.6054 -0.092 0.5833 -0.3463 -0.7333 -0.0459 0.7517 0.2173 -0.6226 -8.0E-4 0.7771 0.1975 -0.5928 0.0754 0.6582 -0.2025 -0.725 0.0067 0.7214 0.2621 -0.6399 0.0369 0.9346 0.1717 0.3107 -0.0228 0.6508 -0.1994 -0.7321 -0.0291 0.6881 -0.4026 -0.571 0.196 0.8376 -0.1841 0.51 0.0661
0.782 -0.1158 -0.6054 -0.092 0.5833 -0.3463 -0.7333 -0.0459 0.7517 0.2173 -0.6226 -8.0E-4 0.7771 0.1975 -0.5928 0.0754 0.6582 -0.2025 -0.725 0.0067 0.7214 0.2621 -0.6399 0.0369 0.9346 0.1717 0.3107 -0.0228 0.6508 -0.1994 -0.7321 -0.0291 0.6881 -0.4026 -0.571 0.196 0.8376 -0.1841 0.51 0.0661
0.782 -0.1158 -0.6054 -0.092 0.5833 -0.3463 -0.7333 -0.0459 0.7517 0.2173 -0.6226 -8.0E-4 0.7771 0.1975 -0.5928 0.0754 0.6582 -0.2025 -0.725 0.0067 0.7214 0.2621 -0.6399 0.0369 0.9346 0.1717 0.3107 -0.0228 0.6508 -0.1994 -0.7321 -0.0291 0.6881 -0.4026 -0.571 0.196 0.8376 -0.1841 0.51 0.0661
0.782 -0.1158 -0.6054 -0.092 0.5833 -0.3463 -0.7333 -0.0459 0.7517 0.2173 -0.6226 -8.0E-4 0.7771 0.1975 -0.5928 0.0754 0.6582 -0.2025 -0.725 0.0067 0.7208 0.2857 -0.6315 -0.0054 0.9346 0.1717 0.3107 -0.0228 0.6508 -0.1994 -0.7321 -0.0291 0.6881 -0.4026 -0.571 0.196 0.8376 -0.1841 0.51 0.0661
0.7886 -0.0908 -0.6077 -0.0234 0.5833 -0.3463 -0.7333 -0.0459 0.7708 0.2103 -0.5847 0.1408 0.7771 0.1975 -0.5928 0.0754 0.6582 -0.2025 -0.725 0.0067 0.7208 0.2857 -0.6315 -0.0054 0.9314 0.1694 0.3209 -0.0284 0.6508 -0.1994 -0.7321 -0.0291 0.6881 -0.4026 -0.571 0.196 0.8376 -0.1841 0.51 0.0661
0.7886 -0.0908 -0.6077 -0.0234 0.5833 -0.3463 -0.7333 -0.0459 0.7708 0.2103 -0.5847 0.1408 0.7771 0.1975 -0.5928 0.0754 0.6582 -0.2025 -0.725 0.0067 0.7208 0.2857 -0.6315 -0.0054 0.9314 0.1694 0.3209 -0.0284 0.6508 -0.1994 -0.7321 -0.0291 0.6881 -0.4026 -0.571 0.196 0.8376 -0.1841 0.51 0.0661
0.7886 -0.0908 -0.6077 -0.0234 0.5815 -0.3381 -0.7398 -0.0158 0.7708 0.2103 -0.5847 0.1408 0.7771 0.1975 -0.5928 0.0754 0.6582 -0.2025 -0.725 0.0067 0.7208 0.2857 -0.6315 -0.0054 0.9314 0.1694 0.3209 -0.0284 0.6508 -0.1994 -0.7321 -0.0291 0.6881 -0.4026 -0.571 0.196 0.9549 -0.252 0.156 -0.0178
0.7886 -0.0908 -0.6077 -0.0234 0.5815 -0.3381 -0.7398 -0.0158 0.7708 0.2103 -0.5847 0.1408 0.7771 0.1975 -0.5928 0.0754 0.6582 -0.2025 -0.725 0.0067 0.7208 0.2857 -0.6315 -0.0054 0.9314 0.1694 0.3209 -0.0284 0.6508 -0.1994 -0.7321 -0.0291 0.6881 -0.4026 -0.571 0.196 0.9549 -0.252 0.156 -0.0178
0.7886 -0.0908 -0.6077 -0.0234 0.5815 -0.3381 -0.7398 -0.0158 0.7708 0.2103 -0.5847 0.1408 0.7771 0.1975 -0.5928 0.0754 0.6582 -0.2025 -0.725 0.0067 0.7208 0.2857 -0.6315 -0.0054 0.9314 0.1694 0.3209 -0.0284 0.6508 -0.1994 -0.7321 -0.0291 0.6881 -0.4026 -0.571 0.196 0.9549 -0.252 0.156 -0.0178
0.7886 -0.0908 -0.6077 -0.0234 0.5815 -0.3381 -0.7398 -0.0158 0.7708 0.2103 -0.5847 0.1408 0.7771 0.1975 -0.5928 0.0754 0.6582 -0.2025 -0.725 0.0067 0.7208 0.2857 -0.6315 -0.0054 0.9314 0.1694 0.3209 -0.0284 0.6508 -0.1994 -0.7321 -0.0291 0.6881 -0.4026 -0.571 0.196 0.9549 -0.252 0.156 -0.0178
0.7886 -0.0908 -0.6077 -0.0234 0.5815 -0.3381 -0.7398 -0.0158 0.7708 0.2103 -0.5847 0.1408 0.7771 0.1975 -0.5928 0.0754 0.6582 -0.2025 -0.725 0.0067 0.7208 0.2857 -0.6315 -0.0054 0.9314 0.1694 0.3209 -0.0284 0.6508 -0.1994 -0.7321 -0.0291 0.6881 -0.4026 -0.571 0.196 0.9549 -0.252 0.156 -0.0178
0.7807 -0.0803 -0.6197 0.0026 0.5815 -0.3381 -0.7398 -0.0158 0.7762 0.1872 -0.5685 0.1981 0.7771 0.1975 -0.5928 0.0754 0.6582 -0.2025 -0.725 0.0067 0.7264 0.3308 -0.5963 -0.0851 0.9033 0.1599 0.3959 -0.0424 0.6508 -0.1994 -0.7321 -0.0291 0.6881 -0.4026 -0.571 0.196 0.9549 -0.252 0.156 -0.0178
0.7807 -0.0803 -0.6197 0.0026 0.5815 -0.3381 -0.7398 -0.0158 0.7762 0.1872 -0.5685 0.1981 0.7771 0.1975 -0.5928 0.0754 0.6582 -0.2025 -0.725 0.0067 0.7264 0.3308 -0.5963 -0.0851 0.9033 0.1599 0.3959 -0.0424 0.6508 -0.1994 -0.7321 -0.0291 0.6881 -0.4026 -0.571 0.196 0.9589 -0.2457 0.1421 -0.0091
0.7807 -0.0803 -0.6197 0.0026 0.6014 -0.3391 -0.7216 -0.0527 0.7762 0.1872 -0.5685 0.1981 0.7771 0.1975 -0.5928 0.0754 0.6582 -0.2025 -0.725 0.0067 0.7264 0.3308 -0.5963 -0.0851 0.9033 0.1599 0.3959 -0.0424 0.6508 -0.1994 -0.7321 -0.0291 0.6881 -0.4026 -0.571 0.196 0.9589 -0.2457 0.1421 -0.0091
0.7807 -0.0803 -0.6197 0.0026 0.6014 -0.3391 -0.7216 -0.0527 0.7762 0.1872 -0.5685 0.1981 0.7771 0.1975 -0.5928 0.0754 0.6582 -0.2025 -0.725 0.0067 0.7264 0.3308 -0.5963 -0.0851 0.9033 0.1599 0.3959 -0.0424 0.6508 -0.1994 -0.7321 -0.0291 0.6881 -0.4026 -0.571 0.196 0.9589 -0.2457 0.1421 -0.0091
0.7807 -0.0803 -0.6197 0.0026 0.6014 -0.3391 -0.7216 -0.0527 0.7762 0.1872 -0.5685 0.1981 0.7771 0.1975 -0.5928 0.0754 0.6582 -0.2025 -0.725 0.0067 0.7264 0.3308 -0.5963 -0.0851 0.9033 0.1599 0.3959 -0.0424 0.6508 -0.1994 -0.7321 -0.0291 0.6881 -0.4026 -0.571 0.196 0.9589 -0.2457 0.1421 -0.0091
0.7807 -0.0803 -0.6197 0.0026 0.6014 -0.3391 -0.7216 -0.0527 0.7762 0.1872 -0.5685 0.1981 0.7771 0.1975 -0.5928 0.0754 0.6582 -0.2025 -0.725 0.0067 0.7264 0.3308 -0.5963 -0.0851 0.9033 0.1599 0.3959 -0.0424 0.6508 -0.1994 -0.7321 -0.0291 0.6881 -0.4026 -0.571 0.196 0.9589 -0.2457 0.1421 -0.0091
0.7807 -0.0803 -0.6197 0.0026 0.6014 -0.3391 -0.7216 -0.0527 0.7762 0.1872 -0.5685 0.1981 0.7771 0.1975 -0.5928 0.0754 0.6582 -0.2025 -0.725 0.0067 0.7264 0.3308 -0.5963 -0.0851 0.9033 0.1599 0.3959 -0.0424 0.6508 -0.1994 -0.7321 -0.0291 0.6881 -0.4026 -0.571 0.196 0.9589 -0.2457 0.1421 -0.0091
0.7612 -0.1003 -0.6369 -0.0695 0.6014 -0.3391 -0.7216 -0.0527 0.7633 0.2108 -0.5804 0.1897 0.7771 0.1975 -0.5928 0.0754 0.6582 -0.2025 -0.725 0.0067 0.7395 0.3868 -0.5023 -0.2261 0.7194 0.1208 0.6728 -0.1237 0.6508 -0.1994 -0.7321 -0.0291 0.6881 -0.4026 -0.571 0.196 0.9589 -0.2457 0.1421 -0.0091
0.7612 -0.1003 -0.6369 -0.0695 0.6014 -0.3391 -0.7216 -0.0527 0.7633 0.2108 -0.5804 0.1897 0.7771 0.1975 -0.5928 0.0754 0.6582 -0.2025 -0.725 0.0067 0.7395 0.3868 -0.5023 -0.2261 0.7194 0.1208 0.6728 -0.1237 0.6508 -0.1994 -0.7321 -0.0291 0.6881 -0.4026 -0.571 0.196 0.9589 -0.2457 0.1421 -0.0091
0.7612 -0.1003 -0.6369 -0.0695 0.6014 -0.3391 -0.7216 -0.0527 0.7633 0.2108 -0.5804 0.1897 0.7771 0.1975 -0.5928 0.0754 0.6582 -0.2025 -0.725 0.0067 0.7395 0.3868 -0.5023 -0.2261 0.7194 0.1208 0.6728 -0.1237 0.6508 -0.1994 -0.7321 -0.0291 0.6881 -0.4026 -0.571 0.196 0.9377 -0.1841 0.2946 0.0041
0.7612 -0.1003 -0.6369 -0.0695 0.6221 -0.3109 -0.7107 -0.1065 0.7633 0.2108 -0.5804 0.1897 0.7771 0.1975 -0.5928 0.0754 0.6582 -0.2025 -0.725 0.0067 0.7395 0.3868 -0.5023 -0.2261 0.7194 0.1208 0.6728 -0.1237 0.6508 -0.1994 -0.7321 -0.0291 0.6881 -0.4026 -0.571 0.196 0.9377 -0.1841 0.2946 0.0041
0.7612 -0.1003 -0.6369 -0.0695 0.6221 -0.3109 -0.7107 -0.1065 0.7633 0.2108 -0.5804 0.1897 0.7771 0.1975 -0.5928 0.0754 0.6582 -0.2025 -0.725 0.0067 0.7395 0.3868 -0.5023 -0.2261 0.7194 0.1208 0.6728 -0.1237 0.6508 -0.1994 -0.7321 -0.0291 0.6881 -0.4026 -0.571 0.196 0.9377 -0.1841 0.2946 0.0041
0.7612 -0.1003 -0.6369 -0.0695 0.6221 -0.3109 -0.7107 -0.1065 0.7633 0.2108 -0.5804 0.1897 0.7771 0.1975 -0.5928 0.0754 0.6582 -0.2025 -0.725 0.0067 0.7395 0.3868 -0.5023 -0.2261 0.7194 0.1208 0.6728 -0.1237 0.6508 -0.1994 -0.7321 -0.0291 0.6881 -0.4026 -0.571 0.196 0.9377 -0.1841 0.2946 0.0041
0.7612 -0.1003 -0.6369 -0.0695 0.6221 -0.3109 -0.7107 -0.1065 0.7633 0.2108 -0.5804 0.1897 0.7771 0.1975 -0.5928 0.0754 0.6582 -0.2025 -0.725 0.0067 0.7395 0.3868 -0.5023 -0.2261 0.7194 0.1208 0.6728 -0.1237 0.6508 -0.1994 -0.7321 -0.0291 0.6881 -0.4026 -0.571 0.196 0.9377 -0.1841 0.2946 0.0041
0.7612 -0.1003 -0.6369 -0.0695 0.6221 -0.3109 -0.7107 -0.1065 0.7633 0.2108 -0.5804 0.1897 0.7771 0.1975 -0.5928 0.0754 0.6582 -0.2025 -0.725 0.0067 0.7395 0.3868 -0.5023 -0.2261 0.7194 0.1208 0.6728 -0.1237 0.6508 -0.1994 -0.7321 -0.0291 0.6881 -0.4026 -0.571 0.196 0.9377 -0.1841 0.2946 0.0041
0.7687 -0.0827 -0.6309 -0.064 0.6221 -0.3109 -0.7107 -0.1065 0.7623 0.1763 -0.6216 0.0364 0.7771 0.1975 -0.5928 0.0754 0.6582 -0.2025 -0.725 0.0067 0.7113 0.4553 -0.4323 -0.316 0.6254 0.0399 0.7393 -0.2462 0.6508 -0.1994 -0.7321 -0.0291 0.6881 -0.4026 -0.571 0.196 0.9377 -0.1841 0.2946 0.0041
0.7687 -0.0827 -0.6309 -0.064 0.6111 -0.3222 -0.7151 -0.1066 0.7623 0.1763 -0.6216 0.0364 0.7842 0.2101 -0.5816 0.0513 0.6582 -0.2025 -0.725 0.0067 0.7113 0.4553 -0.4323 -0.316 0.6254 0.0399 0.7393 -0.2462 0.6508 -0.1994 -0.7321 -0.0291 0.6881 -0.4026 -0.571 0.196 0.9344 -0.1782 0.3084 0.002
0.7687 -0.0827 -0.6309 -0.064 0.6111 -0.3222 -0.7151 -0.1066 0.7623 0.1763 -0.6216 0.0364 0.7842 0.2101 -0.5816 0.0513 0.6582 -0.2025 -0.725 0.0067 0.7113 0.4553 -0.4323 -0.316 0.6254 0.0399 0.7393 -0.2462 0.6508 -0.1994 -0.7321 -0.0291 0.6881 -0.4026 -0.571 0.196 0.9344 -0.1782 0.3084 0.002
0.7687 -0.0827 -0.6309 -0.064 0.6111 -0.3222 -0.7151 -0.1066 0.7623 0.1763 -0.6216 0.0364 0.7842 0.2101 -0.5816 0.0513 0.6582 -0.2025 -0.725 0.0067 0.7113 0.4553 -0.4323 -0.316 0.6254 0.0399 0.7393 -0.2462 0.6508 -0.1994 -0.7321 -0.0291 0.6881 -0.4026 -0.571 0.196 0.9344 -0.1782 0.3084 0.002
0.7687 -0.0827 -0.6309 -0.064 0.6111 -0.3222 -0.7151 -0.1066 0.7623 0.1763 -0.6216 0.0364 0.7842 0.2101 -0.5816 0.0513 0.6582 -0.2025 -0.725 0.0067 0.7113 0.4553 -0.4323 -0.316 0.6254 0.0399 0.7393 -0.2462 0.6508 -0.1994 -0.7321 -0.0291 0.6881 -0.4026 -0.571 0.196 0.9344 -0.1782 0.3084 0.002
0.7687 -0.0827 -0.6309 -0.064 0.6111 -0.3222 -0.7151 -0.1066 0.7623 0.1763 -0.6216 0.0364 0.7842 0.2101 -0.5816 0.0513 0.6582 -0.2025 -0.725 0.0067 0.7401 0.3718 -0.5238 -0.1992 0.6254 0.0399 0.7393 -0.2462 0.6508 -0.1994 -0.7321 -0.0291 0.6881 -0.4026 -0.571 0.196 0.9344 -0.1782 0.3084 0.002
0.7506 -0.1415 -0.631 -0.1354 0.6111 -0.3222 -0.7151 -0.1066 0.7623 0.1763 -0.6216 0.0364 0.7842 0.2101 -0.5816 0.0513 0.6582 -0.2025 -0.725 0.0067 0.7401 0.3718 -0.5238 -0.1992 0.8162 0.1331 0.5449 -0.1383 0.6508 -0.1994 -0.7321 -0.0291 0.6881 -0.4026 -0.571 0.196 0.9344 -0.1782 0.3084 0.002
0.7506 -0.1415 -0.631 -0.1354 0.6111 -0.3222 -0.7151 -0.1066 0.7623 0.1763 -0.6216 0.0364 0.7842 0.2101 -0.5816 0.0513 0.6582 -0.2025 -0.725 0.0067 0.7401 0.3718 -0.5238 -0.1992 0.8162 0.1331 0.5449 -0.1383 0.6508 -0.1994 -0.7321 -0.0291 0.6881 -0.4026 -0.571 0.196 0.9344 -0.1782 0.3084 0.002
0.7506 -0.1415 -0.631 -0.1354 0.6111 -0.3222 -0.7151 -0.1066 0.7623 0.1763 -0.6216 0.0364 0.7842 0.2101 -0.5816 0.0513 0.6582 -0.2025 -0.725 0.0067 0.7401 0.3718 -0.5238 -0.1992 0.8162 0.1331 0.5449 -0.1383 0.6508 -0.1994 -0.7321 -0.0291 0.6881 -0.4026 -0.571 0.196 0.9344 -0.1782 0.3084 0.002
0.7506 -0.1415 -0.631 -0.1354 0.5911 -0.371 -0.7021 -0.1413 0.7623 0.1763 -0.6216 0.0364 0.7886 0.2366 -0.5466 -0.1526 0.6582 -0.2025 -0.725 0.0067 0.7401 0.3718 -0.5238 -0.1992 0.8162 0.1331 0.5449 -0.1383 0.6508 -0.1994 -0.7321 -0.0291 0.6881 -0.4026 -0.571 0.196 0.9241 -0.1863 0.3334 0.0063
0.7506 -0.1415 -0.631 -0.1354 0.5911 -0.371 -0.7021 -0.1413 0.7623 0.1763 -0.6216 0.0364 0.7886 0.2366 -0.5466 -0.1526 0.6582 -0.2025 -0.725 0.0067 0.7401 0.3718 -0.5238 -0.1992 0.8162 0.1331 0.5449 -0.1383 0.6508 -0.1994 -0.7321 -0.0291 0.6881 -0.4026 -0.571 0.196 0.9241 -0.1863 0.3334 0.0063
0.7506 -0.1415 -0.631 -0.1354 0.5911 -0.371 -0.7021 -0.1413 0.7623 0.1763 -0.6216 0.0364 0.7886 0.2366 -0.5466 -0.1526 0.6582 -0.2025 -0.725 0.0067 0.7401 0.3718 -0.5238 -0.1992 0.8162 0.1331 0.5449 -0.1383 0.6508 -0.1994 -0.7321 -0.0291 0.6881 -0.4026 -0.571 0.196 0.9241 -0.1863 0.3334 0.0063
0.7506 -0.1415 -0.631 -0.1354 0.5911 -0.371 -0.7021 -0.1413 0.7623 0.1763 -0.6216 0.0364 0.7886 0.2366 -0.5466 -0.1526 0.6582 -0.2025 -0.725 0.0067 0.7401 0.3718 -0.5238 -0.1992 0.8162 0.1331 0.5449 -0.1383 0.6508 -0.1994 -0.7321 -0.0291 0.6881 -0.4026 -0.571 0.196 0.9241 -0.1863 0.3334 0.0063
0.7506 -0.1415 -0.631 -0.1354 0.5911 -0.371 -0.7021 -0.1413 0.7623 0.1763 -0.6216 0.0364 0.7886 0.2366 -0.5466 -0.1526 0.6582 -0.2025 -0.725 0.0067 0.7411 0.1082 -0.6622 -0.0234 0.8162 0.1331 0.5449 -0.1383 0.6508 -0.1994 -0.7321 -0.0291 0.6881 -0.4026 -0.571 0.196 0.9241 -0.1863 0.3334 0.0063
0.7468 -0.1716 -0.6141 -0.1889 0.5911 -0.371 -0.7021 -0.1413 0.7289 0.2217 -0.588 -0.2715 0.7886 0.2366 -0.5466 -0.1526 0.6582 -0.2025 -0.725 0.0067 0.7411 0.1082 -0.6622 -0.0234 0.9362 0.2674 0.2157 -0.0746 0.6508 -0.1994 -0.7321 -0.0291 0.6881 -0.4026 -0.571 0.196 0.9051 -0.2018 0.3741 0.0111
0.7468 -0.1716 -0.6141 -0.1889 0.6177 -0.3541 -0.6829 -0.1637 0.7289 0.2217 -0.588 -0.2715 0.7886 0.2366 -0.5466 -0.1526 0.7299 -0.2808 -0.6104 0.1262 0.7411 0.1082 -0.6622 -0.0234 0.9362 0.2674 0.2157 -0.0746 0.6508 -0.1994 -0.7321 -0.0291 0.6881 -0.4026 -0.571 0.196 0.9051 -0.2018 0.3741 0.0111
