rt-uaw rt-uax rt-uay rt-uaz rt-faw rt-fax rt-fay rt-faz rt-thw rt-thx rt-thy rt-thz rt-llw rt-llx rt-lly rt-llz rt-ftw rt-ftx rt-fty rt-ftz lt-uaw lt-uax lt-uay lt-uaz lt-faw lt-fax lt-fay lt-faz lt-thw lt-thx lt-thy lt-thz lt-llw lt-llx lt-lly lt-llz lt-ftw lt-ftx lt-fty lt-ftz 
0.6151 0.3049 -0.5905 0.4244 0.5276 0.1243 -0.7515 0.3762 0.7508 -0.0745 -0.653 -0.0663 0.7409 0.1269 -0.6472 -0.127 0.5338 0.2668 -0.7015 0.3896 0.5983 0.4681 -0.4982 0.418 0.8224 -0.0399 0.356 0.442 0.7045 0.0998 -0.7026 -0.0052 0.7742 -0.1802 -0.604 -0.0566 0.9193 -0.1721 0.3488 0.0614
0.6151 0.3049 -0.5905 0.4244 0.5276 0.1243 -0.7515 0.3762 0.7508 -0.0745 -0.653 -0.0663 0.7409 0.1219 -0.6501 -0.1165 0.5338 0.2668 -0.7015 0.3896 0.5983 0.4681 -0.4982 0.418 0.8224 -0.0399 0.356 0.442 0.7045 0.0998 -0.7026 -0.0052 0.7742 -0.1802 -0.604 -0.0566 0.9193 -0.1721 0.3488 0.0614
0.6151 0.3049 -0.5905 0.4244 0.5276 0.1243 -0.7515 0.3762 0.7455 -0.0878 -0.6581 -0.0576 0.7409 0.1219 -0.6501 -0.1165 0.5338 0.2668 -0.7015 0.3896 0.5983 0.4681 -0.4982 0.418 0.8224 -0.0399 0.356 0.442 0.7045 0.0998 -0.7026 -0.0052 0.7783 -0.1905 -0.5959 -0.0536 0.9193 -0.1721 0.3488 0.0614
0.6151 0.3049 -0.5905 0.4244 0.5276 0.1243 -0.7515 0.3762 0.7455 -0.0878 -0.6581 -0.0576 0.7409 0.1219 -0.6501 -0.1165 0.5338 0.2668 -0.7015 0.3896 0.5983 0.4681 -0.4982 0.418 0.8336 -0.0311 0.3291 0.4424 0.7123 0.1036 -0.6941 -0.009 0.7783 -0.1905 -0.5959 -0.0536 0.9193 -0.1721 0.3488 0.0614
0.6151 0.3049 -0.5905 0.4244 0.5276 0.1243 -0.7515 0.3762 0.7455 -0.0878 -0.6581 -0.0576 0.7409 0.1219 -0.6501 -0.1165 0.5338 0.2668 -0.7015 0.3896 0.5944 0.4894 -0.4852 0.4143 0.8336 -0.0311 0.3291 0.4424 0.7123 0.1036 -0.6941 -0.009 0.7783 -0.1905 -0.5959 -0.0536 0.9162 -0.1761 0.3547 0.0607
0.6204 0.3193 -0.5871 0.4105 0.5276 0.1243 -0.7515 0.3762 0.7455 -0.0878 -0.6581 -0.0576 0.7409 0.1219 -0.6501 -0.1165 0.5338 0.2668 -0.7015 0.3896 0.5944 0.4894 -0.4852 0.4143 0.8336 -0.0311 0.3291 0.4424 0.7123 0.1036 -0.6941 -0.009 0.7783 -0.1905 -0.5959 -0.0536 0.9162 -0.1761 0.3547 0.0607
0.6204 0.3193 -0.5871 0.4105 0.5276 0.1243 -0.7515 0.3762 0.7455 -0.0878 -0.6581 -0.0576 0.7409 0.1219 -0.6501 -0.1165 0.5338 0.2668 -0.7015 0.3896 0.5944 0.4894 -0.4852 0.4143 0.8336 -0.0311 0.3291 0.4424 0.7123 0.1036 -0.6941 -0.009 0.7783 -0.1905 -0.5959 -0.0536 0.9162 -0.1761 0.3547 0.0607
0.6204 0.3193 -0.5871 0.4105 0.5447 0.1391 -0.7456 0.3578 0.7455 -0.0878 -0.6581 -0.0576 0.7523 0.0948 -0.6445 -0.0979 0.531 0.2686 -0.71 0.3767 0.5944 0.4894 -0.4852 0.4143 0.8336 -0.0311 0.3291 0.4424 0.7123 0.1036 -0.6941 -0.009 0.7783 -0.1905 -0.5959 -0.0536 0.9162 -0.1761 0.3547 0.0607
0.6204 0.3193 -0.5871 0.4105 0.5447 0.1391 -0.7456 0.3578 0.7455 -0.0878 -0.6581 -0.0576 0.7523 0.0948 -0.6445 -0.0979 0.531 0.2686 -0.71 0.3767 0.5944 0.4894 -0.4852 0.4143 0.8336 -0.0311 0.3291 0.4424 0.7123 0.1036 -0.6941 -0.009 0.7783 -0.1905 -0.5959 -0.0536 0.9162 -0.1761 0.3547 0.0607
0.6204 0.3193 -0.5871 0.4105 0.5447 0.1391 -0.7456 0.3578 0.7362 -0.1023 -0.6667 -0.054 0.7523 0.0948 -0.6445 -0.0979 0.531 0.2686 -0.71 0.3767 0.5944 0.4894 -0.4852 0.4143 0.8307 -0.0224 0.3314 0.4468 0.7123 0.1036 -0.6941 -0.009 0.7931 -0.2062 -0.5728 -0.0191 0.9162 -0.1761 0.3547 0.0607
0.6204 0.3193 -0.5871 0.4105 0.5447 0.1391 -0.7456 0.3578 0.7362 -0.1023 -0.6667 -0.054 0.7523 0.0948 -0.6445 -0.0979 0.531 0.2686 -0.71 0.3767 0.5944 0.4894 -0.4852 0.4143 0.8307 -0.0224 0.3314 0.4468 0.7123 0.1036 -0.6941 -0.009 0.7931 -0.2062 -0.5728 -0.0191 0.9162 -0.1761 0.3547 0.0607
0.6204 0.3193 -0.5871 0.4105 0.5447 0.1391 -0.7456 0.3578 0.7362 -0.1023 -0.6667 -0.054 0.7523 0.0948 -0.6445 -0.0979 0.531 0.2686 -0.71 0.3767 0.5903 0.4995 -0.4857 0.4076 0.8307 -0.0224 0.3314 0.4468 0.7286 0.1201 -0.6727 -0.0479 0.7931 -0.2062 -0.5728 -0.0191 0.894 -0.1801 0.4027 0.0781
0.6342 0.3253 -0.5766 0.3993 0.5447 0.1391 -0.7456 0.3578 0.7362 -0.1023 -0.6667 -0.054 0.7523 0.0948 -0.6445 -0.0979 0.531 0.2686 -0.71 0.3767 0.5903 0.4995 -0.4857 0.4076 0.8307 -0.0224 0.3314 0.4468 0.7286 0.1201 -0.6727 -0.0479 0.7931 -0.2062 -0.5728 -0.0191 0.894 -0.1801 0.4027 0.0781
0.6342 0.3253 -0.5766 0.3993 0.5447 0.1391 -0.7456 0.3578 0.7362 -0.1023 -0.6667 -0.054 0.7523 0.0948 -0.6445 -0.0979 0.531 0.2686 -0.71 0.3767 0.5903 0.4995 -0.4857 0.4076 0.8307 -0.0224 0.3314 0.4468 0.7286 0.1201 -0.6727 -0.0479 0.7931 -0.2062 -0.5728 -0.0191 0.894 -0.1801 0.4027 0.0781
0.6342 0.3253 -0.5766 0.3993 0.557 0.1462 -0.7339 0.36 0.7362 -0.1023 -0.6667 -0.054 0.7574 0.1598 -0.6322 -0.0331 0.5315 0.2742 -0.716 0.3601 0.5903 0.4995 -0.4857 0.4076 0.8307 -0.0224 0.3314 0.4468 0.7286 0.1201 -0.6727 -0.0479 0.7931 -0.2062 -0.5728 -0.0191 0.894 -0.1801 0.4027 0.0781
0.6342 0.3253 -0.5766 0.3993 0.557 0.1462 -0.7339 0.36 0.7362 -0.1023 -0.6667 -0.054 0.7574 0.1598 -0.6322 -0.0331 0.5315 0.2742 -0.716 0.3601 0.5903 0.4995 -0.4857 0.4076 0.8307 -0.0224 0.3314 0.4468 0.7286 0.1201 -0.6727 -0.0479 0.7931 -0.2062 -0.5728 -0.0191 0.894 -0.1801 0.4027 0.0781
0.6342 0.3253 -0.5766 0.3993 0.557 0.1462 -0.7339 0.36 0.7252 -0.0956 -0.6815 -0.0217 0.7574 0.1598 -0.6322 -0.0331 0.5315 0.2742 -0.716 0.3601 0.5903 0.4995 -0.4857 0.4076 0.8217 -0.0143 0.3467 0.4523 0.7286 0.1201 -0.6727 -0.0479 0.7917 -0.26 -0.5502 0.0547 0.894 -0.1801 0.4027 0.0781
0.6342 0.3253 -0.5766 0.3993 0.557 0.1462 -0.7339 0.36 0.7252 -0.0956 -0.6815 -0.0217 0.7574 0.1598 -0.6322 -0.0331 0.5315 0.2742 -0.716 0.3601 0.5903 0.4995 -0.4857 0.4076 0.8217 -0.0143 0.3467 0.4523 0.7469 0.1714 -0.622 -0.1604 0.7917 -0.26 -0.5502 0.0547 0.894 -0.1801 0.4027 0.0781
0.6342 0.3253 -0.5766 0.3993 0.557 0.1462 -0.7339 0.36 0.7252 -0.0956 -0.6815 -0.0217 0.7574 0.1598 -0.6322 -0.0331 0.5315 0.2742 -0.716 0.3601 0.5903 0.4995 -0.4857 0.4076 0.8217 -0.0143 0.3467 0.4523 0.7469 0.1714 -0.622 -0.1604 0.7917 -0.26 -0.5502 0.0547 0.894 -0.1801 0.4027 0.0781
0.6342 0.3253 -0.5766 0.3993 0.557 0.1462 -0.7339 0.36 0.7252 -0.0956 -0.6815 -0.0217 0.7574 0.1598 -0.6322 -0.0331 0.5315 0.2742 -0.716 0.3601 0.5922 0.5057 -0.4841 0.3989 0.8217 -0.0143 0.3467 0.4523 0.7469 0.1714 -0.622 -0.1604 0.7917 -0.26 -0.5502 0.0547 0.8414 -0.1848 0.4959 0.1096
0.6407 0.3547 -0.5505 0.4008 0.5873 0.165 -0.7049 0.3618 0.7252 -0.0956 -0.6815 -0.0217 0.7574 0.1598 -0.6322 -0.0331 0.5362 0.2849 -0.7159 0.3447 0.5922 0.5057 -0.4841 0.3989 0.8217 -0.0143 0.3467 0.4523 0.7469 0.1714 -0.622 -0.1604 0.7917 -0.26 -0.5502 0.0547 0.8414 -0.1848 0.4959 0.1096
0.6407 0.3547 -0.5505 0.4008 0.5873 0.165 -0.7049 0.3618 0.7252 -0.0956 -0.6815 -0.0217 0.7562 0.2104 -0.6193 0.0176 0.5362 0.2849 -0.7159 0.3447 0.5922 0.5057 -0.4841 0.3989 0.8217 -0.0143 0.3467 0.4523 0.7469 0.1714 -0.622 -0.1604 0.7917 -0.26 -0.5502 0.0547 0.8414 -0.1848 0.4959 0.1096
0.6407 0.3547 -0.5505 0.4008 0.5873 0.165 -0.7049 0.3618 0.7252 -0.0956 -0.6815 -0.0217 0.7562 0.2104 -0.6193 0.0176 0.5362 0.2849 -0.7159 0.3447 0.5922 0.5057 -0.4841 0.3989 0.8217 -0.0143 0.3467 0.4523 0.7469 0.1714 -0.622 -0.1604 0.7917 -0.26 -0.5502 0.0547 0.8414 -0.1848 0.4959 0.1096
0.6407 0.3547 -0.5505 0.4008 0.5873 0.165 -0.7049 0.3618 0.7198 -0.0831 -0.6887 0.0259 0.7562 0.2104 -0.6193 0.0176 0.5362 0.2849 -0.7159 0.3447 0.5922 0.5057 -0.4841 0.3989 0.8195 -0.0177 0.3541 0.4502 0.7469 0.1714 -0.622 -0.1604 0.7823 -0.2097 -0.5859 0.0273 0.8414 -0.1848 0.4959 0.1096
0.6407 0.3547 -0.5505 0.4008 0.5873 0.165 -0.7049 0.3618 0.7198 -0.0831 -0.6887 0.0259 0.7562 0.2104 -0.6193 0.0176 0.5362 0.2849 -0.7159 0.3447 0.5922 0.5057 -0.4841 0.3989 0.8195 -0.0177 0.3541 0.4502 0.7426 0.2169 -0.6082 -0.178 0.7823 -0.2097 -0.5859 0.0273 0.8414 -0.1848 0.4959 0.1096
0.6407 0.3547 -0.5505 0.4008 0.5873 0.165 -0.7049 0.3618 0.7198 -0.0831 -0.6887 0.0259 0.7562 0.2104 -0.6193 0.0176 0.5362 0.2849 -0.7159 0.3447 0.5922 0.5057 -0.4841 0.3989 0.8195 -0.0177 0.3541 0.4502 0.7426 0.2169 -0.6082 -0.178 0.7823 -0.2097 -0.5859 0.0273 0.8414 -0.1848 0.4959 0.1096
0.6407 0.3547 -0.5505 0.4008 0.5873 0.165 -0.7049 0.3618 0.7198 -0.0831 -0.6887 0.0259 0.7562 0.2104 -0.6193 0.0176 0.5362 0.2849 -0.7159 0.3447 0.6023 0.5042 -0.482 0.3883 0.8195 -0.0177 0.3541 0.4502 0.7426 0.2169 -0.6082 -0.178 0.7823 -0.2097 -0.5859 0.0273 0.8908 -0.2025 0.4 0.074
0.6282 0.3795 -0.5415 0.41 0.5977 0.1806 -0.6925 0.3613 0.7198 -0.0831 -0.6887 0.0259 0.7562 0.2104 -0.6193 0.0176 0.5435 0.3107 -0.7112 0.3199 0.6023 0.5042 -0.482 0.3883 0.8195 -0.0177 0.3541 0.4502 0.7426 0.2169 -0.6082 -0.178 0.7823 -0.2097 -0.5859 0.0273 0.8908 -0.2025 0.4 0.074
0.6282 0.3795 -0.5415 0.41 0.5977 0.1806 -0.6925 0.3613 0.7198 -0.0831 -0.6887 0.0259 0.7686 0.1975 -0.605 0.0649 0.5435 0.3107 -0.7112 0.3199 0.6023 0.5042 -0.482 0.3883 0.8195 -0.0177 0.3541 0.4502 0.7426 0.2169 -0.6082 -0.178 0.7823 -0.2097 -0.5859 0.0273 0.8908 -0.2025 0.4 0.074
0.6282 0.3795 -0.5415 0.41 0.5977 0.1806 -0.6925 0.3613 0.7198 -0.0831 -0.6887 0.0259 0.7686 0.1975 -0.605 0.0649 0.5435 0.3107 -0.7112 0.3199 0.6023 0.5042 -0.482 0.3883 0.8195 -0.0177 0.3541 0.4502 0.7426 0.2169 -0.6082 -0.178 0.7823 -0.2097 -0.5859 0.0273 0.8908 -0.2025 0.4 0.074
0.6282 0.3795 -0.5415 0.41 0.5977 0.1806 -0.6925 0.3613 0.7166 -0.0767 -0.6902 0.0641 0.7686 0.1975 -0.605 0.0649 0.5435 0.3107 -0.7112 0.3199 0.6023 0.5042 -0.482 0.3883 0.8271 -0.0487 0.3512 0.436 0.7426 0.2169 -0.6082 -0.178 0.7684 -0.0894 -0.6223 -0.1194 0.8908 -0.2025 0.4 0.074
0.6282 0.3795 -0.5415 0.41 0.5977 0.1806 -0.6925 0.3613 0.7166 -0.0767 -0.6902 0.0641 0.7686 0.1975 -0.605 0.0649 0.5435 0.3107 -0.7112 0.3199 0.6023 0.5042 -0.482 0.3883 0.8271 -0.0487 0.3512 0.436 0.7292 0.1838 -0.6224 -0.2168 0.7684 -0.0894 -0.6223 -0.1194 0.8908 -0.2025 0.4 0.074
0.6282 0.3795 -0.5415 0.41 0.5977 0.1806 -0.6925 0.3613 0.7166 -0.0767 -0.6902 0.0641 0.7686 0.1975 -0.605 0.0649 0.5435 0.3107 -0.7112 0.3199 0.609 0.5233 -0.46 0.3792 0.8271 -0.0487 0.3512 0.436 0.7292 0.1838 -0.6224 -0.2168 0.7684 -0.0894 -0.6223 -0.1194 0.9396 -0.1884 0.2857 0.0019
0.6213 0.3842 -0.5429 0.4142 0.5977 0.1806 -0.6925 0.3613 0.7166 -0.0767 -0.6902 0.0641 0.7686 0.1975 -0.605 0.0649 0.5435 0.3107 -0.7112 0.3199 0.609 0.5233 -0.46 0.3792 0.8271 -0.0487 0.3512 0.436 0.7292 0.1838 -0.6224 -0.2168 0.7684 -0.0894 -0.6223 -0.1194 0.9396 -0.1884 0.2857 0.0019
0.6213 0.3842 -0.5429 0.4142 0.5977 0.1806 -0.6925 0.3613 0.7166 -0.0767 -0.6902 0.0641 0.7686 0.1975 -0.605 0.0649 0.5435 0.3107 -0.7112 0.3199 0.609 0.5233 -0.46 0.3792 0.8271 -0.0487 0.3512 0.436 0.7292 0.1838 -0.6224 -0.2168 0.7684 -0.0894 -0.6223 -0.1194 0.9396 -0.1884 0.2857 0.0019
0.6213 0.3842 -0.5429 0.4142 0.5792 0.1739 -0.7111 0.3586 0.7166 -0.0767 -0.6902 0.0641 0.7769 0.177 -0.5918 0.1219 0.551 0.335 -0.7037 0.2984 0.609 0.5233 -0.46 0.3792 0.8271 -0.0487 0.3512 0.436 0.7292 0.1838 -0.6224 -0.2168 0.7684 -0.0894 -0.6223 -0.1194 0.9396 -0.1884 0.2857 0.0019
0.6213 0.3842 -0.5429 0.4142 0.5792 0.1739 -0.7111 0.3586 0.7166 -0.0767 -0.6902 0.0641 0.7769 0.177 -0.5918 0.1219 0.551 0.335 -0.7037 0.2984 0.609 0.5233 -0.46 0.3792 0.8271 -0.0487 0.3512 0.436 0.7292 0.1838 -0.6224 -0.2168 0.7684 -0.0894 -0.6223 -0.1194 0.9396 -0.1884 0.2857 0.0019
0.6213 0.3842 -0.5429 0.4142 0.5792 0.1739 -0.7111 0.3586 0.7111 -0.0624 -0.693 0.1011 0.7769 0.177 -0.5918 0.1219 0.551 0.335 -0.7037 0.2984 0.609 0.5233 -0.46 0.3792 0.8271 -0.0487 0.3512 0.436 0.7292 0.1838 -0.6224 -0.2168 0.7487 -0.0292 -0.634 -0.1913 0.9396 -0.1884 0.2857 0.0019
0.6213 0.3842 -0.5429 0.4142 0.5792 0.1739 -0.7111 0.3586 0.7111 -0.0624 -0.693 0.1011 0.7769 0.177 -0.5918 0.1219 0.551 0.335 -0.7037 0.2984 0.609 0.5233 -0.46 0.3792 0.8271 -0.0487 0.3512 0.436 0.7292 0.1838 -0.6224 -0.2168 0.7487 -0.0292 -0.634 -0.1913 0.9396 -0.1884 0.2857 0.0019
0.6213 0.3842 -0.5429 0.4142 0.5792 0.1739 -0.7111 0.3586 0.7111 -0.0624 -0.693 0.1011 0.7769 0.177 -0.5918 0.1219 0.551 0.335 -0.7037 0.2984 0.609 0.5233 -0.46 0.3792 0.8271 -0.0487 0.3512 0.436 0.7292 0.1838 -0.6224 -0.2168 0.7487 -0.0292 -0.634 -0.1913 0.9396 -0.1884 0.2857 0.0019
0.6108 0.3821 -0.55 0.4224 0.5792 0.1739 -0.7111 0.3586 0.7111 -0.0624 -0.693 0.1011 0.7769 0.177 -0.5918 0.1219 0.551 0.335 -0.7037 0.2984 0.6394 0.5435 -0.4218 0.3434 0.821 -0.0794 0.3784 0.4202 0.7198 0.1866 -0.634 -0.2122 0.7487 -0.0292 -0.634 -0.1913 0.9551 -0.1959 0.2219 0.0065
0.6108 0.3821 -0.55 0.4224 0.5625 0.1678 -0.7231 0.364 0.7111 -0.0624 -0.693 0.1011 0.7769 0.177 -0.5918 0.1219 0.5694 0.347 -0.6911 0.2788 0.6394 0.5435 -0.4218 0.3434 0.821 -0.0794 0.3784 0.4202 0.7198 0.1866 -0.634 -0.2122 0.7487 -0.0292 -0.634 -0.1913 0.9551 -0.1959 0.2219 0.0065
0.6108 0.3821 -0.55 0.4224 0.5625 0.1678 -0.7231 0.364 0.7111 -0.0624 -0.693 0.1011 0.7794 0.1813 -0.5859 0.128 0.5694 0.347 -0.6911 0.2788 0.6394 0.5435 -0.4218 0.3434 0.821 -0.0794 0.3784 0.4202 0.7198 0.1866 -0.634 -0.2122 0.7487 -0.0292 -0.634 -0.1913 0.9551 -0.1959 0.2219 0.0065
0.6108 0.3821 -0.55 0.4224 0.5625 0.1678 -0.7231 0.364 0.7139 -0.0494 -0.6884 0.1188 0.7794 0.1813 -0.5859 0.128 0.5694 0.347 -0.6911 0.2788 0.6394 0.5435 -0.4218 0.3434 0.821 -0.0794 0.3784 0.4202 0.7198 0.1866 -0.634 -0.2122 0.7487 -0.0292 -0.634 -0.1913 0.9551 -0.1959 0.2219 0.0065
0.6108 0.3821 -0.55 0.4224 0.5625 0.1678 -0.7231 0.364 0.7139 -0.0494 -0.6884 0.1188 0.7794 0.1813 -0.5859 0.128 0.5694 0.347 -0.6911 0.2788 0.6394 0.5435 -0.4218 0.3434 0.7761 -0.1215 0.5032 0.3602 0.7198 0.1866 -0.634 -0.2122 0.7532 -0.0765 -0.6398 -0.1323 0.9551 -0.1959 0.2219 0.0065
0.6108 0.3821 -0.55 0.4224 0.5625 0.1678 -0.7231 0.364 0.7139 -0.0494 -0.6884 0.1188 0.7794 0.1813 -0.5859 0.128 0.5694 0.347 -0.6911 0.2788 0.6394 0.5435 -0.4218 0.3434 0.7761 -0.1215 0.5032 0.3602 0.7053 0.1926 -0.6571 -0.1835 0.7532 -0.0765 -0.6398 -0.1323 0.9551 -0.1959 0.2219 0.0065
0.6108 0.3821 -0.55 0.4224 0.5625 0.1678 -0.7231 0.364 0.7139 -0.0494 -0.6884 0.1188 0.7794 0.1813 -0.5859 0.128 0.5694 0.347 -0.6911 0.2788 0.6921 0.5619 -0.3508 0.2867 0.7761 -0.1215 0.5032 0.3602 0.7053 0.1926 -0.6571 -0.1835 0.7532 -0.0765 -0.6398 -0.1323 0.9317 -0.1788 0.314 0.0375
0.6108 0.3821 -0.55 0.4224 0.5625 0.1678 -0.7231 0.364 0.7139 -0.0494 -0.6884 0.1188 0.7794 0.1813 -0.5859 0.128 0.5694 0.347 -0.6911 0.2788 0.6921 0.5619 -0.3508 0.2867 0.7761 -0.1215 0.5032 0.3602 0.7053 0.1926 -0.6571 -0.1835 0.7532 -0.0765 -0.6398 -0.1323 0.9317 -0.1788 0.314 0.0375
0.6108 0.3821 -0.55 0.4224 0.5625 0.1678 -0.7231 0.364 0.7139 -0.0494 -0.6884 0.1188 0.7794 0.1813 -0.5859 0.128 0.5694 0.347 -0.6911 0.2788 0.6921 0.5619 -0.3508 0.2867 0.7761 -0.1215 0.5032 0.3602 0.7053 0.1926 -0.6571 -0.1835 0.7532 -0.0765 -0.6398 -0.1323 0.9317 -0.1788 0.314 0.0375
0.6113 0.3702 -0.5595 0.4197 0.554 0.1323 -0.7413 0.355 0.7139 -0.0494 -0.6884 0.1188 0.7846 0.1537 -0.5928 0.0964 0.5915 0.2982 -0.6702 0.3347 0.6921 0.5619 -0.3508 0.2867 0.7761 -0.1215 0.5032 0.3602 0.7053 0.1926 -0.6571 -0.1835 0.7532 -0.0765 -0.6398 -0.1323 0.9317 -0.1788 0.314 0.0375
0.6113 0.3702 -0.5595 0.4197 0.554 0.1323 -0.7413 0.355 0.7139 -0.0494 -0.6884 0.1188 0.7846 0.1537 -0.5928 0.0964 0.5915 0.2982 -0.6702 0.3347 0.6921 0.5619 -0.3508 0.2867 0.7761 -0.1215 0.5032 0.3602 0.7053 0.1926 -0.6571 -0.1835 0.7532 -0.0765 -0.6398 -0.1323 0.9317 -0.1788 0.314 0.0375
0.6113 0.3702 -0.5595 0.4197 0.554 0.1323 -0.7413 0.355 0.7234 -0.0713 -0.6849 0.0494 0.7846 0.1537 -0.5928 0.0964 0.5915 0.2982 -0.6702 0.3347 0.6921 0.5619 -0.3508 0.2867 0.7761 -0.1215 0.5032 0.3602 0.7053 0.1926 -0.6571 -0.1835 0.7423 -0.1799 -0.6357 -0.1119 0.9317 -0.1788 0.314 0.0375
0.6113 0.3702 -0.5595 0.4197 0.554 0.1323 -0.7413 0.355 0.7234 -0.0713 -0.6849 0.0494 0.7846 0.1537 -0.5928 0.0964 0.5915 0.2982 -0.6702 0.3347 0.7412 0.5863 -0.2714 0.1821 0.5969 -0.2808 0.7232 0.2045 0.6852 0.1448 -0.6994 -0.1425 0.7423 -0.1799 -0.6357 -0.1119 0.9317 -0.1788 0.314 0.0375
0.6113 0.3702 -0.5595 0.4197 0.554 0.1323 -0.7413 0.355 0.7234 -0.0713 -0.6849 0.0494 0.7846 0.1537 -0.5928 0.0964 0.5915 0.2982 -0.6702 0.3347 0.7412 0.5863 -0.2714 0.1821 0.5969 -0.2808 0.7232 0.2045 0.6852 0.1448 -0.6994 -0.1425 0.7423 -0.1799 -0.6357 -0.1119 0.9216 -0.1664 0.3492 0.0325
0.6113 0.3702 -0.5595 0.4197 0.554 0.1323 -0.7413 0.355 0.7234 -0.0713 -0.6849 0.0494 0.7846 0.1537 -0.5928 0.0964 0.5915 0.2982 -0.6702 0.3347 0.7412 0.5863 -0.2714 0.1821 0.5969 -0.2808 0.7232 0.2045 0.6852 0.1448 -0.6994 -0.1425 0.7423 -0.1799 -0.6357 -0.1119 0.9216 -0.1664 0.3492 0.0325
0.6078 0.3414 -0.5823 0.4183 0.5645 0.0862 -0.7506 0.3325 0.7234 -0.0713 -0.6849 0.0494 0.7846 0.1537 -0.5928 0.0964 0.5888 0.1652 -0.6675 0.4248 0.7412 0.5863 -0.2714 0.1821 0.5969 -0.2808 0.7232 0.2045 0.6852 0.1448 -0.6994 -0.1425 0.7423 -0.1799 -0.6357 -0.1119 0.9216 -0.1664 0.3492 0.0325
0.6078 0.3414 -0.5823 0.4183 0.5645 0.0862 -0.7506 0.3325 0.7234 -0.0713 -0.6849 0.0494 0.7825 0.1562 -0.6022 -0.0227 0.5888 0.1652 -0.6675 0.4248 0.7412 0.5863 -0.2714 0.1821 0.5969 -0.2808 0.7232 0.2045 0.6852 0.1448 -0.6994 -0.1425 0.7423 -0.1799 -0.6357 -0.1119 0.9216 -0.1664 0.3492 0.0325
0.6078 0.3414 -0.5823 0.4183 0.5645 0.0862 -0.7506 0.3325 0.743 -0.1101 -0.6595 -0.0285 0.7825 0.1562 -0.6022 -0.0227 0.5888 0.1652 -0.6675 0.4248 0.7412 0.5863 -0.2714 0.1821 0.5969 -0.2808 0.7232 0.2045 0.6852 0.1448 -0.6994 -0.1425 0.7423 -0.1799 -0.6357 -0.1119 0.9216 -0.1664 0.3492 0.0325
0.6078 0.3414 -0.5823 0.4183 0.5645 0.0862 -0.7506 0.3325 0.743 -0.1101 -0.6595 -0.0285 0.7825 0.1562 -0.6022 -0.0227 0.5888 0.1652 -0.6675 0.4248 0.7412 0.5863 -0.2714 0.1821 0.6922 -0.2094 0.6213 0.3016 0.6852 0.1448 -0.6994 -0.1425 0.7377 -0.2162 -0.6359 -0.0686 0.9216 -0.1664 0.3492 0.0325
0.6078 0.3414 -0.5823 0.4183 0.5645 0.0862 -0.7506 0.3325 0.743 -0.1101 -0.6595 -0.0285 0.7825 0.1562 -0.6022 -0.0227 0.5888 0.1652 -0.6675 0.4248 0.7412 0.5863 -0.2714 0.1821 0.6922 -0.2094 0.6213 0.3016 0.6711 0.1321 -0.7264 -0.0671 0.7377 -0.2162 -0.6359 -0.0686 0.9216 -0.1664 0.3492 0.0325
0.6078 0.3414 -0.5823 0.4183 0.5645 0.0862 -0.7506 0.3325 0.743 -0.1101 -0.6595 -0.0285 0.7825 0.1562 -0.6022 -0.0227 0.5888 0.1652 -0.6675 0.4248 0.6927 0.5751 -0.3524 0.2553 0.6922 -0.2094 0.6213 0.3016 0.6711 0.1321 -0.7264 -0.0671 0.7377 -0.2162 -0.6359 -0.0686 0.9138 -0.1632 0.3699 0.04
0.6364 0.3242 -0.5862 0.3824 0.5645 0.0862 -0.7506 0.3325 0.743 -0.1101 -0.6595 -0.0285 0.7825 0.1562 -0.6022 -0.0227 0.5888 0.1652 -0.6675 0.4248 0.6927 0.5751 -0.3524 0.2553 0.6922 -0.2094 0.6213 0.3016 0.6711 0.1321 -0.7264 -0.0671 0.7377 -0.2162 -0.6359 -0.0686 0.9138 -0.1632 0.3699 0.04
0.6364 0.3242 -0.5862 0.3824 0.5645 0.0862 -0.7506 0.3325 0.743 -0.1101 -0.6595 -0.0285 0.7825 0.1562 -0.6022 -0.0227 0.5888 0.1652 -0.6675 0.4248 0.6927 0.5751 -0.3524 0.2553 0.6922 -0.2094 0.6213 0.3016 0.6711 0.1321 -0.7264 -0.0671 0.7377 -0.2162 -0.6359 -0.0686 0.9138 -0.1632 0.3699 0.04
0.6364 0.3242 -0.5862 0.3824 0.5699 0.08 -0.7519 0.3215 0.743 -0.1101 -0.6595 -0.0285 0.775 0.1837 -0.5925 -0.1202 0.5205 0.1094 -0.6589 0.5319 0.6927 0.5751 -0.3524 0.2553 0.6922 -0.2094 0.6213 0.3016 0.6711 0.1321 -0.7264 -0.0671 0.7377 -0.2162 -0.6359 -0.0686 0.9138 -0.1632 0.3699 0.04
0.6364 0.3242 -0.5862 0.3824 0.5699 0.08 -0.7519 0.3215 0.743 -0.1101 -0.6595 -0.0285 0.775 0.1837 -0.5925 -0.1202 0.5205 0.1094 -0.6589 0.5319 0.6927 0.5751 -0.3524 0.2553 0.6922 -0.2094 0.6213 0.3016 0.6711 0.1321 -0.7264 -0.0671 0.7377 -0.2162 -0.6359 -0.0686 0.9138 -0.1632 0.3699 0.04
0.6364 0.3242 -0.5862 0.3824 0.5699 0.08 -0.7519 0.3215 0.7661 -0.1143 -0.6237 -0.1056 0.775 0.1837 -0.5925 -0.1202 0.5205 0.1094 -0.6589 0.5319 0.6927 0.5751 -0.3524 0.2553 0.6922 -0.2094 0.6213 0.3016 0.6711 0.1321 -0.7264 -0.0671 0.7306 -0.2578 -0.6302 -0.0515 0.9138 -0.1632 0.3699 0.04
0.6364 0.3242 -0.5862 0.3824 0.5699 0.08 -0.7519 0.3215 0.7661 -0.1143 -0.6237 -0.1056 0.775 0.1837 -0.5925 -0.1202 0.5205 0.1094 -0.6589 0.5319 0.6927 0.5751 -0.3524 0.2553 0.6922 -0.2094 0.6213 0.3016 0.6711 0.1321 -0.7264 -0.0671 0.7306 -0.2578 -0.6302 -0.0515 0.9138 -0.1632 0.3699 0.04
0.6364 0.3242 -0.5862 0.3824 0.5699 0.08 -0.7519 0.3215 0.7661 -0.1143 -0.6237 -0.1056 0.775 0.1837 -0.5925 -0.1202 0.5205 0.1094 -0.6589 0.5319 0.5961 0.4084 -0.5617 0.403 0.8267 -0.045 0.399 0.3943 0.6533 0.072 -0.7534 -0.0195 0.7306 -0.2578 -0.6302 -0.0515 0.9086 -0.1555 0.3828 0.0615
0.6364 0.3242 -0.5862 0.3824 0.5699 0.08 -0.7519 0.3215 0.7661 -0.1143 -0.6237 -0.1056 0.775 0.1837 -0.5925 -0.1202 0.5205 0.1094 -0.6589 0.5319 0.5961 0.4084 -0.5617 0.403 0.8267 -0.045 0.399 0.3943 0.6533 0.072 -0.7534 -0.0195 0.7306 -0.2578 -0.6302 -0.0515 0.9086 -0.1555 0.3828 0.0615
0.6746 0.2797 -0.5936 0.3379 0.5692 0.0154 -0.7703 0.2872 0.7661 -0.1143 -0.6237 -0.1056 0.775 0.1837 -0.5925 -0.1202 0.4872 0.1285 -0.6898 0.5199 0.5961 0.4084 -0.5617 0.403 0.8267 -0.045 0.399 0.3943 0.6533 0.072 -0.7534 -0.0195 0.7306 -0.2578 -0.6302 -0.0515 0.9086 -0.1555 0.3828 0.0615
0.6746 0.2797 -0.5936 0.3379 0.5692 0.0154 -0.7703 0.2872 0.7661 -0.1143 -0.6237 -0.1056 0.7423 0.2751 -0.5886 -0.1636 0.4872 0.1285 -0.6898 0.5199 0.5961 0.4084 -0.5617 0.403 0.8267 -0.045 0.399 0.3943 0.6533 0.072 -0.7534 -0.0195 0.7306 -0.2578 -0.6302 -0.0515 0.9086 -0.1555 0.3828 0.0615
0.6746 0.2797 -0.5936 0.3379 0.5692 0.0154 -0.7703 0.2872 0.7737 -0.098 -0.6151 -0.1158 0.7423 0.2751 -0.5886 -0.1636 0.4872 0.1285 -0.6898 0.5199 0.5961 0.4084 -0.5617 0.403 0.8267 -0.045 0.399 0.3943 0.6533 0.072 -0.7534 -0.0195 0.7306 -0.2578 -0.6302 -0.0515 0.9086 -0.1555 0.3828 0.0615
0.6746 0.2797 -0.5936 0.3379 0.5692 0.0154 -0.7703 0.2872 0.7737 -0.098 -0.6151 -0.1158 0.7423 0.2751 -0.5886 -0.1636 0.4872 0.1285 -0.6898 0.5199 0.5961 0.4084 -0.5617 0.403 0.8267 -0.045 0.399 0.3943 0.6533 0.072 -0.7534 -0.0195 0.7306 -0.2578 -0.6302 -0.0515 0.9086 -0.1555 0.3828 0.0615
0.6746 0.2797 -0.5936 0.3379 0.5692 0.0154 -0.7703 0.2872 0.7737 -0.098 -0.6151 -0.1158 0.7423 0.2751 -0.5886 -0.1636 0.4872 0.1285 -0.6898 0.5199 0.5961 0.4084 -0.5617 0.403 0.8407 0.1071 0.2026 0.4907 0.6448 0.0496 -0.762 0.0333 0.7288 -0.3155 -0.6077 0.0106 0.9086 -0.1555 0.3828 0.0615
0.6746 0.2797 -0.5936 0.3379 0.5692 0.0154 -0.7703 0.2872 0.7737 -0.098 -0.6151 -0.1158 0.7423 0.2751 -0.5886 -0.1636 0.4872 0.1285 -0.6898 0.5199 0.4791 0.3157 -0.6362 0.5158 0.8407 0.1071 0.2026 0.4907 0.6448 0.0496 -0.762 0.0333 0.7288 -0.3155 -0.6077 0.0106 0.9086 -0.1555 0.3828 0.0615
0.6746 0.2797 -0.5936 0.3379 0.5692 0.0154 -0.7703 0.2872 0.7737 -0.098 -0.6151 -0.1158 0.7423 0.2751 -0.5886 -0.1636 0.4872 0.1285 -0.6898 0.5199 0.4791 0.3157 -0.6362 0.5158 0.8407 0.1071 0.2026 0.4907 0.6448 0.0496 -0.762 0.0333 0.7288 -0.3155 -0.6077 0.0106 0.8667 -0.1594 0.4666 0.0756
0.6746 0.2797 -0.5936 0.3379 0.5692 0.0154 -0.7703 0.2872 0.7737 -0.098 -0.6151 -0.1158 0.7423 0.2751 -0.5886 -0.1636 0.4872 0.1285 -0.6898 0.5199 0.4791 0.3157 -0.6362 0.5158 0.8407 0.1071 0.2026 0.4907 0.6448 0.0496 -0.762 0.0333 0.7288 -0.3155 -0.6077 0.0106 0.8667 -0.1594 0.4666 0.0756
0.6778 0.2706 -0.6003 0.3272 0.5984 0.008 -0.7572 0.2618 0.7737 -0.098 -0.6151 -0.1158 0.7368 0.2964 -0.5887 -0.1506 0.4664 0.1738 -0.6893 0.5265 0.4791 0.3157 -0.6362 0.5158 0.8407 0.1071 0.2026 0.4907 0.6448 0.0496 -0.762 0.0333 0.7288 -0.3155 -0.6077 0.0106 0.8667 -0.1594 0.4666 0.0756
0.6778 0.2706 -0.6003 0.3272 0.5984 0.008 -0.7572 0.2618 0.7737 -0.098 -0.6151 -0.1158 0.7368 0.2964 -0.5887 -0.1506 0.4664 0.1738 -0.6893 0.5265 0.4791 0.3157 -0.6362 0.5158 0.8407 0.1071 0.2026 0.4907 0.6448 0.0496 -0.762 0.0333 0.7288 -0.3155 -0.6077 0.0106 0.8667 -0.1594 0.4666 0.0756
0.6778 0.2706 -0.6003 0.3272 0.5984 0.008 -0.7572 0.2618 0.7745 -0.067 -0.6249 -0.0716 0.7368 0.2964 -0.5887 -0.1506 0.4664 0.1738 -0.6893 0.5265 0.4791 0.3157 -0.6362 0.5158 0.8407 0.1071 0.2026 0.4907 0.6448 0.0496 -0.762 0.0333 0.7225 -0.3976 -0.5475 0.1417 0.8667 -0.1594 0.4666 0.0756
0.6778 0.2706 -0.6003 0.3272 0.5984 0.008 -0.7572 0.2618 0.7745 -0.067 -0.6249 -0.0716 0.7368 0.2964 -0.5887 -0.1506 0.4664 0.1738 -0.6893 0.5265 0.4791 0.3157 -0.6362 0.5158 0.8372 0.0123 0.2899 0.4636 0.6448 0.0496 -0.762 0.0333 0.7225 -0.3976 -0.5475 0.1417 0.8667 -0.1594 0.4666 0.0756
0.6778 0.2706 -0.6003 0.3272 0.5984 0.008 -0.7572 0.2618 0.7745 -0.067 -0.6249 -0.0716 0.7368 0.2964 -0.5887 -0.1506 0.4664 0.1738 -0.6893 0.5265 0.5207 0.4282 -0.5555 0.4868 0.8372 0.0123 0.2899 0.4636 0.6761 0.0838 -0.7313 0.0332 0.7225 -0.3976 -0.5475 0.1417 0.6467 -0.173 0.7324 0.1245
0.6778 0.2706 -0.6003 0.3272 0.5984 0.008 -0.7572 0.2618 0.7745 -0.067 -0.6249 -0.0716 0.7368 0.2964 -0.5887 -0.1506 0.4664 0.1738 -0.6893 0.5265 0.5207 0.4282 -0.5555 0.4868 0.8372 0.0123 0.2899 0.4636 0.6761 0.0838 -0.7313 0.0332 0.7225 -0.3976 -0.5475 0.1417 0.6467 -0.173 0.7324 0.1245
0.6548 0.2853 -0.5995 0.3611 0.6127 0.0403 -0.7347 0.2885 0.7745 -0.067 -0.6249 -0.0716 0.7368 0.2964 -0.5887 -0.1506 0.4747 0.194 -0.6995 0.4977 0.5207 0.4282 -0.5555 0.4868 0.8372 0.0123 0.2899 0.4636 0.6761 0.0838 -0.7313 0.0332 0.7225 -0.3976 -0.5475 0.1417 0.6467 -0.173 0.7324 0.1245
0.6548 0.2853 -0.5995 0.3611 0.6127 0.0403 -0.7347 0.2885 0.7745 -0.067 -0.6249 -0.0716 0.757 0.2695 -0.5903 -0.0765 0.4747 0.194 -0.6995 0.4977 0.5207 0.4282 -0.5555 0.4868 0.8372 0.0123 0.2899 0.4636 0.6761 0.0838 -0.7313 0.0332 0.7225 -0.3976 -0.5475 0.1417 0.6467 -0.173 0.7324 0.1245
0.6548 0.2853 -0.5995 0.3611 0.6127 0.0403 -0.7347 0.2885 0.7619 -0.0396 -0.6464 -4.0E-4 0.757 0.2695 -0.5903 -0.0765 0.4747 0.194 -0.6995 0.4977 0.5207 0.4282 -0.5555 0.4868 0.8372 0.0123 0.2899 0.4636 0.6761 0.0838 -0.7313 0.0332 0.7225 -0.3976 -0.5475 0.1417 0.6467 -0.173 0.7324 0.1245
0.6548 0.2853 -0.5995 0.3611 0.6127 0.0403 -0.7347 0.2885 0.7619 -0.0396 -0.6464 -4.0E-4 0.757 0.2695 -0.5903 -0.0765 0.4747 0.194 -0.6995 0.4977 0.5207 0.4282 -0.5555 0.4868 0.8372 0.0123 0.2899 0.4636 0.6761 0.0838 -0.7313 0.0332 0.7225 -0.3976 -0.5475 0.1417 0.6467 -0.173 0.7324 0.1245
0.6548 0.2853 -0.5995 0.3611 0.6127 0.0403 -0.7347 0.2885 0.7619 -0.0396 -0.6464 -4.0E-4 0.757 0.2695 -0.5903 -0.0765 0.4747 0.194 -0.6995 0.4977 0.5207 0.4282 -0.5555 0.4868 0.8171 -0.0313 0.3417 0.4631 0.7462 0.1834 -0.6349 -0.08 0.7153 -0.3958 -0.5017 0.2828 0.6467 -0.173 0.7324 0.1245
0.6548 0.2853 -0.5995 0.3611 0.6127 0.0403 -0.7347 0.2885 0.7619 -0.0396 -0.6464 -4.0E-4 0.757 0.2695 -0.5903 -0.0765 0.4747 0.194 -0.6995 0.4977 0.5551 0.4906 -0.5134 0.433 0.8171 -0.0313 0.3417 0.4631 0.7462 0.1834 -0.6349 -0.08 0.7153 -0.3958 -0.5017 0.2828 0.6135 -0.1903 0.7457 0.1771
0.6548 0.2853 -0.5995 0.3611 0.6127 0.0403 -0.7347 0.2885 0.7619 -0.0396 -0.6464 -4.0E-4 0.757 0.2695 -0.5903 -0.0765 0.4747 0.194 -0.6995 0.4977 0.5551 0.4906 -0.5134 0.433 0.8171 -0.0313 0.3417 0.4631 0.7462 0.1834 -0.6349 -0.08 0.7153 -0.3958 -0.5017 0.2828 0.6135 -0.1903 0.7457 0.1771
0.5952 0.3353 -0.5682 0.4587 0.568 0.0528 -0.7408 0.3546 0.7619 -0.0396 -0.6464 -4.0E-4 0.757 0.2695 -0.5903 -0.0765 0.5107 0.2277 -0.7203 0.4104 0.5551 0.4906 -0.5134 0.433 0.8171 -0.0313 0.3417 0.4631 0.7462 0.1834 -0.6349 -0.08 0.7153 -0.3958 -0.5017 0.2828 0.6135 -0.1903 0.7457 0.1771
0.5952 0.3353 -0.5682 0.4587 0.568 0.0528 -0.7408 0.3546 0.7619 -0.0396 -0.6464 -4.0E-4 0.7723 0.2303 -0.5917 0.0197 0.5107 0.2277 -0.7203 0.4104 0.5551 0.4906 -0.5134 0.433 0.8171 -0.0313 0.3417 0.4631 0.7462 0.1834 -0.6349 -0.08 0.7153 -0.3958 -0.5017 0.2828 0.6135 -0.1903 0.7457 0.1771
0.5952 0.3353 -0.5682 0.4587 0.568 0.0528 -0.7408 0.3546 0.7444 -0.0167 -0.6627 0.0806 0.7723 0.2303 -0.5917 0.0197 0.5107 0.2277 -0.7203 0.4104 0.5551 0.4906 -0.5134 0.433 0.8171 -0.0313 0.3417 0.4631 0.7462 0.1834 -0.6349 -0.08 0.7153 -0.3958 -0.5017 0.2828 0.6135 -0.1903 0.7457 0.1771
0.5952 0.3353 -0.5682 0.4587 0.568 0.0528 -0.7408 0.3546 0.7444 -0.0167 -0.6627 0.0806 0.7723 0.2303 -0.5917 0.0197 0.5107 0.2277 -0.7203 0.4104 0.5551 0.4906 -0.5134 0.433 0.8171 -0.0313 0.3417 0.4631 0.7462 0.1834 -0.6349 -0.08 0.7153 -0.3958 -0.5017 0.2828 0.6135 -0.1903 0.7457 0.1771
0.5952 0.3353 -0.5682 0.4587 0.568 0.0528 -0.7408 0.3546 0.7444 -0.0167 -0.6627 0.0806 0.7723 0.2303 -0.5917 0.0197 0.5107 0.2277 -0.7203 0.4104 0.5551 0.4906 -0.5134 0.433 0.8126 -0.0577 0.3621 0.453 0.7468 0.2153 -0.5994 -0.1918 0.7421 -0.3004 -0.5862 0.1241 0.6135 -0.1903 0.7457 0.1771
0.5952 0.3353 -0.5682 0.4587 0.568 0.0528 -0.7408 0.3546 0.7444 -0.0167 -0.6627 0.0806 0.7723 0.2303 -0.5917 0.0197 0.5107 0.2277 -0.7203 0.4104 0.5789 0.5059 -0.4981 0.401 0.8126 -0.0577 0.3621 0.453 0.7468 0.2153 -0.5994 -0.1918 0.7421 -0.3004 -0.5862 0.1241 0.8281 -0.213 0.5068 0.1094
0.5952 0.3353 -0.5682 0.4587 0.568 0.0528 -0.7408 0.3546 0.7444 -0.0167 -0.6627 0.0806 0.7723 0.2303 -0.5917 0.0197 0.5107 0.2277 -0.7203 0.4104 0.5789 0.5059 -0.4981 0.401 0.8126 -0.0577 0.3621 0.453 0.7468 0.2153 -0.5994 -0.1918 0.7421 -0.3004 -0.5862 0.1241 0.8281 -0.213 0.5068 0.1094
0.5778 0.3301 -0.5591 0.4946 0.4627 0.0243 -0.791 0.3995 0.7444 -0.0167 -0.6627 0.0806 0.7723 0.2303 -0.5917 0.0197 0.5325 0.2928 -0.7153 0.3452 0.5789 0.5059 -0.4981 0.401 0.8126 -0.0577 0.3621 0.453 0.7468 0.2153 -0.5994 -0.1918 0.7421 -0.3004 -0.5862 0.1241 0.8281 -0.213 0.5068 0.1094
0.5778 0.3301 -0.5591 0.4946 0.4627 0.0243 -0.791 0.3995 0.7444 -0.0167 -0.6627 0.0806 0.7781 0.218 -0.5812 0.0962 0.5325 0.2928 -0.7153 0.3452 0.5789 0.5059 -0.4981 0.401 0.8126 -0.0577 0.3621 0.453 0.7468 0.2153 -0.5994 -0.1918 0.7421 -0.3004 -0.5862 0.1241 0.8281 -0.213 0.5068 0.1094
0.5778 0.3301 -0.5591 0.4946 0.4627 0.0243 -0.791 0.3995 0.7258 -0.0144 -0.6712 0.1499 0.7781 0.218 -0.5812 0.0962 0.5325 0.2928 -0.7153 0.3452 0.5789 0.5059 -0.4981 0.401 0.8126 -0.0577 0.3621 0.453 0.7468 0.2153 -0.5994 -0.1918 0.7421 -0.3004 -0.5862 0.1241 0.8281 -0.213 0.5068 0.1094
0.5778 0.3301 -0.5591 0.4946 0.4627 0.0243 -0.791 0.3995 0.7258 -0.0144 -0.6712 0.1499 0.7781 0.218 -0.5812 0.0962 0.5325 0.2928 -0.7153 0.3452 0.5789 0.5059 -0.4981 0.401 0.8126 -0.0577 0.3621 0.453 0.7468 0.2153 -0.5994 -0.1918 0.7421 -0.3004 -0.5862 0.1241 0.8281 -0.213 0.5068 0.1094
0.5778 0.3301 -0.5591 0.4946 0.4627 0.0243 -0.791 0.3995 0.7258 -0.0144 -0.6712 0.1499 0.7781 0.218 -0.5812 0.0962 0.5325 0.2928 -0.7153 0.3452 0.5789 0.5059 -0.4981 0.401 0.8094 -0.0754 0.3853 0.4367 0.725 0.2158 -0.6229 -0.1998 0.7544 -0.0623 -0.6447 -0.1065 0.8281 -0.213 0.5068 0.1094
0.5778 0.3301 -0.5591 0.4946 0.4627 0.0243 -0.791 0.3995 0.7258 -0.0144 -0.6712 0.1499 0.7781 0.218 -0.5812 0.0962 0.5325 0.2928 -0.7153 0.3452 0.6146 0.529 -0.4602 0.3615 0.8094 -0.0754 0.3853 0.4367 0.725 0.2158 -0.6229 -0.1998 0.7544 -0.0623 -0.6447 -0.1065 0.9438 -0.2244 0.2375 0.0489
0.5778 0.3301 -0.5591 0.4946 0.4627 0.0243 -0.791 0.3995 0.7258 -0.0144 -0.6712 0.1499 0.7781 0.218 -0.5812 0.0962 0.5325 0.2928 -0.7153 0.3452 0.6146 0.529 -0.4602 0.3615 0.8094 -0.0754 0.3853 0.4367 0.725 0.2158 -0.6229 -0.1998 0.7544 -0.0623 -0.6447 -0.1065 0.9438 -0.2244 0.2375 0.0489
0.574 0.3189 -0.5571 0.5083 0.4043 0.0019 -0.8094 0.426 0.7258 -0.0144 -0.6712 0.1499 0.7781 0.218 -0.5812 0.0962 0.5518 0.3298 -0.7097 0.2881 0.6146 0.529 -0.4602 0.3615 0.8094 -0.0754 0.3853 0.4367 0.725 0.2158 -0.6229 -0.1998 0.7544 -0.0623 -0.6447 -0.1065 0.9438 -0.2244 0.2375 0.0489
0.574 0.3189 -0.5571 0.5083 0.4043 0.0019 -0.8094 0.426 0.7258 -0.0144 -0.6712 0.1499 0.7848 0.1918 -0.5718 0.1427 0.5518 0.3298 -0.7097 0.2881 0.6146 0.529 -0.4602 0.3615 0.8094 -0.0754 0.3853 0.4367 0.725 0.2158 -0.6229 -0.1998 0.7544 -0.0623 -0.6447 -0.1065 0.9438 -0.2244 0.2375 0.0489
0.574 0.3189 -0.5571 0.5083 0.4043 0.0019 -0.8094 0.426 0.7213 -0.0157 -0.6682 0.1818 0.7848 0.1918 -0.5718 0.1427 0.5518 0.3298 -0.7097 0.2881 0.6146 0.529 -0.4602 0.3615 0.8094 -0.0754 0.3853 0.4367 0.725 0.2158 -0.6229 -0.1998 0.7544 -0.0623 -0.6447 -0.1065 0.9438 -0.2244 0.2375 0.0489
0.574 0.3189 -0.5571 0.5083 0.4043 0.0019 -0.8094 0.426 0.7213 -0.0157 -0.6682 0.1818 0.7848 0.1918 -0.5718 0.1427 0.5518 0.3298 -0.7097 0.2881 0.6146 0.529 -0.4602 0.3615 0.8094 -0.0754 0.3853 0.4367 0.725 0.2158 -0.6229 -0.1998 0.7544 -0.0623 -0.6447 -0.1065 0.9438 -0.2244 0.2375 0.0489
0.574 0.3189 -0.5571 0.5083 0.4043 0.0019 -0.8094 0.426 0.7213 -0.0157 -0.6682 0.1818 0.7848 0.1918 -0.5718 0.1427 0.5518 0.3298 -0.7097 0.2881 0.6146 0.529 -0.4602 0.3615 0.7883 -0.1123 0.4628 0.3895 0.7063 0.1751 -0.6464 -0.2295 0.7218 0.0201 -0.6676 -0.1814 0.9438 -0.2244 0.2375 0.0489
0.574 0.3189 -0.5571 0.5083 0.4043 0.0019 -0.8094 0.426 0.7213 -0.0157 -0.6682 0.1818 0.7848 0.1918 -0.5718 0.1427 0.5518 0.3298 -0.7097 0.2881 0.6566 0.5656 -0.3939 0.3063 0.7883 -0.1123 0.4628 0.3895 0.7063 0.1751 -0.6464 -0.2295 0.7218 0.0201 -0.6676 -0.1814 0.9489 -0.217 0.2263 0.038
0.574 0.3189 -0.5571 0.5083 0.4043 0.0019 -0.8094 0.426 0.7213 -0.0157 -0.6682 0.1818 0.7848 0.1918 -0.5718 0.1427 0.5518 0.3298 -0.7097 0.2881 0.6566 0.5656 -0.3939 0.3063 0.7883 -0.1123 0.4628 0.3895 0.7063 0.1751 -0.6464 -0.2295 0.7218 0.0201 -0.6676 -0.1814 0.9489 -0.217 0.2263 0.038
0.5919 0.3052 -0.5729 0.4778 0.4626 -4.0E-4 -0.7933 0.3958 0.7213 -0.0157 -0.6682 0.1818 0.7848 0.1918 -0.5718 0.1427 0.5731 0.3279 -0.6961 0.2819 0.6566 0.5656 -0.3939 0.3063 0.7883 -0.1123 0.4628 0.3895 0.7063 0.1751 -0.6464 -0.2295 0.7218 0.0201 -0.6676 -0.1814 0.9489 -0.217 0.2263 0.038
0.5919 0.3052 -0.5729 0.4778 0.4626 -4.0E-4 -0.7933 0.3958 0.7213 -0.0157 -0.6682 0.1818 0.79 0.1561 -0.569 0.1663 0.5731 0.3279 -0.6961 0.2819 0.6566 0.5656 -0.3939 0.3063 0.7883 -0.1123 0.4628 0.3895 0.7063 0.1751 -0.6464 -0.2295 0.7218 0.0201 -0.6676 -0.1814 0.9489 -0.217 0.2263 0.038
0.5919 0.3052 -0.5729 0.4778 0.4626 -4.0E-4 -0.7933 0.3958 0.723 -0.015 -0.6774 0.1349 0.79 0.1561 -0.569 0.1663 0.5731 0.3279 -0.6961 0.2819 0.6566 0.5656 -0.3939 0.3063 0.7883 -0.1123 0.4628 0.3895 0.7063 0.1751 -0.6464 -0.2295 0.7218 0.0201 -0.6676 -0.1814 0.9489 -0.217 0.2263 0.038
0.5919 0.3052 -0.5729 0.4778 0.4626 -4.0E-4 -0.7933 0.3958 0.723 -0.015 -0.6774 0.1349 0.79 0.1561 -0.569 0.1663 0.5731 0.3279 -0.6961 0.2819 0.6566 0.5656 -0.3939 0.3063 0.7883 -0.1123 0.4628 0.3895 0.7063 0.1751 -0.6464 -0.2295 0.7218 0.0201 -0.6676 -0.1814 0.9489 -0.217 0.2263 0.038
0.5919 0.3052 -0.5729 0.4778 0.4626 -4.0E-4 -0.7933 0.3958 0.723 -0.015 -0.6774 0.1349 0.79 0.1561 -0.569 0.1663 0.5731 0.3279 -0.6961 0.2819 0.6566 0.5656 -0.3939 0.3063 0.5994 -0.2307 0.7319 0.2278 0.683 0.1803 -0.6843 -0.1812 0.7252 -0.1473 -0.6561 -0.1481 0.9489 -0.217 0.2263 0.038
0.5919 0.3052 -0.5729 0.4778 0.4626 -4.0E-4 -0.7933 0.3958 0.723 -0.015 -0.6774 0.1349 0.79 0.1561 -0.569 0.1663 0.5731 0.3279 -0.6961 0.2819 0.6566 0.5656 -0.3939 0.3063 0.5994 -0.2307 0.7319 0.2278 0.683 0.1803 -0.6843 -0.1812 0.7252 -0.1473 -0.6561 -0.1481 0.9489 -0.217 0.2263 0.038
0.5919 0.3052 -0.5729 0.4778 0.4626 -4.0E-4 -0.7933 0.3958 0.723 -0.015 -0.6774 0.1349 0.79 0.1561 -0.569 0.1663 0.5731 0.3279 -0.6961 0.2819 0.7385 0.5818 -0.2961 0.1685 0.5994 -0.2307 0.7319 0.2278 0.683 0.1803 -0.6843 -0.1812 0.7252 -0.1473 -0.6561 -0.1481 0.9218 -0.1708 0.3444 0.0505
0.6096 0.3076 -0.5881 0.4336 0.5718 0.0197 -0.7512 0.3292 0.723 -0.015 -0.6774 0.1349 0.79 0.1561 -0.569 0.1663 0.5903 0.1873 -0.6782 0.3957 0.7385 0.5818 -0.2961 0.1685 0.5994 -0.2307 0.7319 0.2278 0.683 0.1803 -0.6843 -0.1812 0.7252 -0.1473 -0.6561 -0.1481 0.9218 -0.1708 0.3444 0.0505
0.6096 0.3076 -0.5881 0.4336 0.5718 0.0197 -0.7512 0.3292 0.723 -0.015 -0.6774 0.1349 0.7885 0.1555 -0.5916 0.0653 0.5903 0.1873 -0.6782 0.3957 0.7385 0.5818 -0.2961 0.1685 0.5994 -0.2307 0.7319 0.2278 0.683 0.1803 -0.6843 -0.1812 0.7252 -0.1473 -0.6561 -0.1481 0.9218 -0.1708 0.3444 0.0505
0.6096 0.3076 -0.5881 0.4336 0.5718 0.0197 -0.7512 0.3292 0.74 -0.0723 -0.6685 0.0184 0.7885 0.1555 -0.5916 0.0653 0.5903 0.1873 -0.6782 0.3957 0.7385 0.5818 -0.2961 0.1685 0.5994 -0.2307 0.7319 0.2278 0.683 0.1803 -0.6843 -0.1812 0.7252 -0.1473 -0.6561 -0.1481 0.9218 -0.1708 0.3444 0.0505
0.6096 0.3076 -0.5881 0.4336 0.5718 0.0197 -0.7512 0.3292 0.74 -0.0723 -0.6685 0.0184 0.7885 0.1555 -0.5916 0.0653 0.5903 0.1873 -0.6782 0.3957 0.7385 0.5818 -0.2961 0.1685 0.5994 -0.2307 0.7319 0.2278 0.683 0.1803 -0.6843 -0.1812 0.7252 -0.1473 -0.6561 -0.1481 0.9218 -0.1708 0.3444 0.0505
0.6096 0.3076 -0.5881 0.4336 0.5718 0.0197 -0.7512 0.3292 0.74 -0.0723 -0.6685 0.0184 0.7885 0.1555 -0.5916 0.0653 0.5903 0.1873 -0.6782 0.3957 0.7385 0.5818 -0.2961 0.1685 0.6347 -0.2294 0.6935 0.2522 0.6689 0.1414 -0.7236 -0.0949 0.7231 -0.2053 -0.6534 -0.0897 0.9218 -0.1708 0.3444 0.0505
0.6096 0.3076 -0.5881 0.4336 0.5718 0.0197 -0.7512 0.3292 0.74 -0.0723 -0.6685 0.0184 0.7885 0.1555 -0.5916 0.0653 0.5903 0.1873 -0.6782 0.3957 0.7047 0.5931 -0.3354 0.1977 0.6347 -0.2294 0.6935 0.2522 0.6689 0.1414 -0.7236 -0.0949 0.7231 -0.2053 -0.6534 -0.0897 0.9069 -0.1725 0.3809 0.0518
0.6096 0.3076 -0.5881 0.4336 0.5718 0.0197 -0.7512 0.3292 0.74 -0.0723 -0.6685 0.0184 0.7885 0.1555 -0.5916 0.0653 0.5903 0.1873 -0.6782 0.3957 0.7047 0.5931 -0.3354 0.1977 0.6347 -0.2294 0.6935 0.2522 0.6689 0.1414 -0.7236 -0.0949 0.7231 -0.2053 -0.6534 -0.0897 0.9069 -0.1725 0.3809 0.0518
0.6528 0.2891 -0.5989 0.3629 0.6187 0.0488 -0.7281 0.291 0.74 -0.0723 -0.6685 0.0184 0.7885 0.1555 -0.5916 0.0653 0.5316 0.109 -0.6563 0.5243 0.7047 0.5931 -0.3354 0.1977 0.6347 -0.2294 0.6935 0.2522 0.6689 0.1414 -0.7236 -0.0949 0.7231 -0.2053 -0.6534 -0.0897 0.9069 -0.1725 0.3809 0.0518
0.6528 0.2891 -0.5989 0.3629 0.6187 0.0488 -0.7281 0.291 0.74 -0.0723 -0.6685 0.0184 0.7678 0.1993 -0.5994 -0.1069 0.5316 0.109 -0.6563 0.5243 0.7047 0.5931 -0.3354 0.1977 0.6347 -0.2294 0.6935 0.2522 0.6689 0.1414 -0.7236 -0.0949 0.7231 -0.2053 -0.6534 -0.0897 0.9069 -0.1725 0.3809 0.0518
0.6528 0.2891 -0.5989 0.3629 0.6187 0.0488 -0.7281 0.291 0.7667 -0.0983 -0.6277 -0.0918 0.7678 0.1993 -0.5994 -0.1069 0.5316 0.109 -0.6563 0.5243 0.7047 0.5931 -0.3354 0.1977 0.6347 -0.2294 0.6935 0.2522 0.6689 0.1414 -0.7236 -0.0949 0.7231 -0.2053 -0.6534 -0.0897 0.9069 -0.1725 0.3809 0.0518
0.6528 0.2891 -0.5989 0.3629 0.6187 0.0488 -0.7281 0.291 0.7667 -0.0983 -0.6277 -0.0918 0.7678 0.1993 -0.5994 -0.1069 0.5316 0.109 -0.6563 0.5243 0.7047 0.5931 -0.3354 0.1977 0.6347 -0.2294 0.6935 0.2522 0.6689 0.1414 -0.7236 -0.0949 0.7249 -0.2462 -0.6425 -0.0356 0.9069 -0.1725 0.3809 0.0518
0.6528 0.2891 -0.5989 0.3629 0.6187 0.0488 -0.7281 0.291 0.7667 -0.0983 -0.6277 -0.0918 0.7678 0.1993 -0.5994 -0.1069 0.5316 0.109 -0.6563 0.5243 0.6324 0.4417 -0.5309 0.3508 0.7996 -0.0602 0.475 0.3624 0.652 0.0994 -0.7509 -0.0351 0.7249 -0.2462 -0.6425 -0.0356 0.9069 -0.1725 0.3809 0.0518
0.6528 0.2891 -0.5989 0.3629 0.6187 0.0488 -0.7281 0.291 0.7667 -0.0983 -0.6277 -0.0918 0.7678 0.1993 -0.5994 -0.1069 0.5316 0.109 -0.6563 0.5243 0.6324 0.4417 -0.5309 0.3508 0.7996 -0.0602 0.475 0.3624 0.652 0.0994 -0.7509 -0.0351 0.7249 -0.2462 -0.6425 -0.0356 0.8978 -0.1656 0.4021 0.07
0.6528 0.2891 -0.5989 0.3629 0.6187 0.0488 -0.7281 0.291 0.7667 -0.0983 -0.6277 -0.0918 0.7678 0.1993 -0.5994 -0.1069 0.5316 0.109 -0.6563 0.5243 0.6324 0.4417 -0.5309 0.3508 0.7996 -0.0602 0.475 0.3624 0.652 0.0994 -0.7509 -0.0351 0.7249 -0.2462 -0.6425 -0.0356 0.8978 -0.1656 0.4021 0.07
0.6808 0.2863 -0.5946 0.3179 0.6398 0.0698 -0.7133 0.2774 0.7667 -0.0983 -0.6277 -0.0918 0.7678 0.1993 -0.5994 -0.1069 0.4814 0.109 -0.69 0.5294 0.6324 0.4417 -0.5309 0.3508 0.7996 -0.0602 0.475 0.3624 0.652 0.0994 -0.7509 -0.0351 0.7249 -0.2462 -0.6425 -0.0356 0.8978 -0.1656 0.4021 0.07
0.6808 0.2863 -0.5946 0.3179 0.6398 0.0698 -0.7133 0.2774 0.7667 -0.0983 -0.6277 -0.0918 0.7252 0.2744 -0.5922 -0.2192 0.4814 0.109 -0.69 0.5294 0.6324 0.4417 -0.5309 0.3508 0.7996 -0.0602 0.475 0.3624 0.652 0.0994 -0.7509 -0.0351 0.7249 -0.2462 -0.6425 -0.0356 0.8978 -0.1656 0.4021 0.07
0.6808 0.2863 -0.5946 0.3179 0.6398 0.0698 -0.7133 0.2774 0.7894 -0.0873 -0.5889 -0.1493 0.7252 0.2744 -0.5922 -0.2192 0.4814 0.109 -0.69 0.5294 0.6324 0.4417 -0.5309 0.3508 0.7996 -0.0602 0.475 0.3624 0.652 0.0994 -0.7509 -0.0351 0.7249 -0.2462 -0.6425 -0.0356 0.8978 -0.1656 0.4021 0.07
0.6808 0.2863 -0.5946 0.3179 0.6398 0.0698 -0.7133 0.2774 0.7894 -0.0873 -0.5889 -0.1493 0.7252 0.2744 -0.5922 -0.2192 0.4814 0.109 -0.69 0.5294 0.6324 0.4417 -0.5309 0.3508 0.7996 -0.0602 0.475 0.3624 0.652 0.0994 -0.7509 -0.0351 0.7249 -0.2462 -0.6425 -0.0356 0.8978 -0.1656 0.4021 0.07
0.6808 0.2863 -0.5946 0.3179 0.6398 0.0698 -0.7133 0.2774 0.7894 -0.0873 -0.5889 -0.1493 0.7252 0.2744 -0.5922 -0.2192 0.4814 0.109 -0.69 0.5294 0.6324 0.4417 -0.5309 0.3508 0.8378 0.1345 0.2158 0.4832 0.6449 0.0842 -0.7581 0.049 0.7267 -0.3048 -0.6139 0.046 0.8978 -0.1656 0.4021 0.07
0.6808 0.2863 -0.5946 0.3179 0.6398 0.0698 -0.7133 0.2774 0.7894 -0.0873 -0.5889 -0.1493 0.7252 0.2744 -0.5922 -0.2192 0.4814 0.109 -0.69 0.5294 0.4767 0.296 -0.6585 0.5015 0.8378 0.1345 0.2158 0.4832 0.6449 0.0842 -0.7581 0.049 0.7267 -0.3048 -0.6139 0.046 0.8527 -0.1705 0.4852 0.0916
0.6808 0.2863 -0.5946 0.3179 0.6398 0.0698 -0.7133 0.2774 0.7894 -0.0873 -0.5889 -0.1493 0.7252 0.2744 -0.5922 -0.2192 0.4814 0.109 -0.69 0.5294 0.4767 0.296 -0.6585 0.5015 0.8378 0.1345 0.2158 0.4832 0.6449 0.0842 -0.7581 0.049 0.7267 -0.3048 -0.6139 0.046 0.8527 -0.1705 0.4852 0.0916
0.684 0.2687 -0.6053 0.306 0.6493 0.064 -0.7115 0.2607 0.7894 -0.0873 -0.5889 -0.1493 0.7252 0.2744 -0.5922 -0.2192 0.4548 0.1806 -0.6812 0.5446 0.4767 0.296 -0.6585 0.5015 0.8378 0.1345 0.2158 0.4832 0.6449 0.0842 -0.7581 0.049 0.7267 -0.3048 -0.6139 0.046 0.8527 -0.1705 0.4852 0.0916
0.684 0.2687 -0.6053 0.306 0.6493 0.064 -0.7115 0.2607 0.7894 -0.0873 -0.5889 -0.1493 0.6957 0.3259 -0.587 -0.2552 0.4548 0.1806 -0.6812 0.5446 0.4767 0.296 -0.6585 0.5015 0.8378 0.1345 0.2158 0.4832 0.6449 0.0842 -0.7581 0.049 0.7267 -0.3048 -0.6139 0.046 0.8527 -0.1705 0.4852 0.0916
0.684 0.2687 -0.6053 0.306 0.6493 0.064 -0.7115 0.2607 0.7933 -0.0548 -0.5948 -0.1174 0.6957 0.3259 -0.587 -0.2552 0.4548 0.1806 -0.6812 0.5446 0.4767 0.296 -0.6585 0.5015 0.8378 0.1345 0.2158 0.4832 0.6449 0.0842 -0.7581 0.049 0.7267 -0.3048 -0.6139 0.046 0.8527 -0.1705 0.4852 0.0916
0.684 0.2687 -0.6053 0.306 0.6493 0.064 -0.7115 0.2607 0.7933 -0.0548 -0.5948 -0.1174 0.6957 0.3259 -0.587 -0.2552 0.4548 0.1806 -0.6812 0.5446 0.4767 0.296 -0.6585 0.5015 0.8378 0.1345 0.2158 0.4832 0.6449 0.0842 -0.7581 0.049 0.7267 -0.3048 -0.6139 0.046 0.8527 -0.1705 0.4852 0.0916
0.684 0.2687 -0.6053 0.306 0.6493 0.064 -0.7115 0.2607 0.7933 -0.0548 -0.5948 -0.1174 0.6957 0.3259 -0.587 -0.2552 0.4548 0.1806 -0.6812 0.5446 0.4767 0.296 -0.6585 0.5015 0.8398 6.0E-4 0.2909 0.4583 0.674 0.0912 -0.7315 0.049 0.7187 -0.3915 -0.5482 0.1725 0.8527 -0.1705 0.4852 0.0916
0.684 0.2687 -0.6053 0.306 0.6493 0.064 -0.7115 0.2607 0.7933 -0.0548 -0.5948 -0.1174 0.6957 0.3259 -0.587 -0.2552 0.4548 0.1806 -0.6812 0.5446 0.5171 0.4263 -0.5668 0.4791 0.8398 6.0E-4 0.2909 0.4583 0.674 0.0912 -0.7315 0.049 0.7187 -0.3915 -0.5482 0.1725 0.5837 -0.2054 0.7753 0.1262
0.684 0.2687 -0.6053 0.306 0.6493 0.064 -0.7115 0.2607 0.7933 -0.0548 -0.5948 -0.1174 0.6957 0.3259 -0.587 -0.2552 0.4548 0.1806 -0.6812 0.5446 0.5171 0.4263 -0.5668 0.4791 0.8398 6.0E-4 0.2909 0.4583 0.674 0.0912 -0.7315 0.049 0.7187 -0.3915 -0.5482 0.1725 0.5837 -0.2054 0.7753 0.1262
0.6382 0.3036 -0.602 0.3717 0.6286 0.0773 -0.7149 0.2963 0.7933 -0.0548 -0.5948 -0.1174 0.6957 0.3259 -0.587 -0.2552 0.4818 0.1732 -0.7064 0.4888 0.5171 0.4263 -0.5668 0.4791 0.8398 6.0E-4 0.2909 0.4583 0.674 0.0912 -0.7315 0.049 0.7187 -0.3915 -0.5482 0.1725 0.5837 -0.2054 0.7753 0.1262
0.6382 0.3036 -0.602 0.3717 0.6286 0.0773 -0.7149 0.2963 0.7933 -0.0548 -0.5948 -0.1174 0.7301 0.2902 -0.6054 -0.1274 0.4818 0.1732 -0.7064 0.4888 0.5171 0.4263 -0.5668 0.4791 0.8398 6.0E-4 0.2909 0.4583 0.674 0.0912 -0.7315 0.049 0.7187 -0.3915 -0.5482 0.1725 0.5837 -0.2054 0.7753 0.1262
0.6382 0.3036 -0.602 0.3717 0.6286 0.0773 -0.7149 0.2963 0.7667 -0.029 -0.6394 -0.0491 0.7301 0.2902 -0.6054 -0.1274 0.4818 0.1732 -0.7064 0.4888 0.5171 0.4263 -0.5668 0.4791 0.8398 6.0E-4 0.2909 0.4583 0.674 0.0912 -0.7315 0.049 0.7187 -0.3915 -0.5482 0.1725 0.5837 -0.2054 0.7753 0.1262
0.6382 0.3036 -0.602 0.3717 0.6286 0.0773 -0.7149 0.2963 0.7667 -0.029 -0.6394 -0.0491 0.7301 0.2902 -0.6054 -0.1274 0.4818 0.1732 -0.7064 0.4888 0.5171 0.4263 -0.5668 0.4791 0.8398 6.0E-4 0.2909 0.4583 0.674 0.0912 -0.7315 0.049 0.7187 -0.3915 -0.5482 0.1725 0.5837 -0.2054 0.7753 0.1262
0.6382 0.3036 -0.602 0.3717 0.6286 0.0773 -0.7149 0.2963 0.7667 -0.029 -0.6394 -0.0491 0.7301 0.2902 -0.6054 -0.1274 0.4818 0.1732 -0.7064 0.4888 0.5171 0.4263 -0.5668 0.4791 0.8195 -0.0444 0.3459 0.4547 0.7369 0.1827 -0.6467 -0.073 0.7095 -0.4012 -0.5065 0.2813 0.5837 -0.2054 0.7753 0.1262
0.6382 0.3036 -0.602 0.3717 0.6286 0.0773 -0.7149 0.2963 0.7667 -0.029 -0.6394 -0.0491 0.7301 0.2902 -0.6054 -0.1274 0.4818 0.1732 -0.7064 0.4888 0.5519 0.4788 -0.5304 0.4299 0.8195 -0.0444 0.3459 0.4547 0.7369 0.1827 -0.6467 -0.073 0.7095 -0.4012 -0.5065 0.2813 0.5967 -0.1809 0.7625 0.1731
0.6382 0.3036 -0.602 0.3717 0.6286 0.0773 -0.7149 0.2963 0.7667 -0.029 -0.6394 -0.0491 0.7301 0.2902 -0.6054 -0.1274 0.4818 0.1732 -0.7064 0.4888 0.5519 0.4788 -0.5304 0.4299 0.8195 -0.0444 0.3459 0.4547 0.7369 0.1827 -0.6467 -0.073 0.7095 -0.4012 -0.5065 0.2813 0.5967 -0.1809 0.7625 0.1731
0.5951 0.3318 -0.5734 0.455 0.557 0.0597 -0.7471 0.3579 0.7667 -0.029 -0.6394 -0.0491 0.7301 0.2902 -0.6054 -0.1274 0.517 0.2249 -0.7232 0.3989 0.5519 0.4788 -0.5304 0.4299 0.8195 -0.0444 0.3459 0.4547 0.7369 0.1827 -0.6467 -0.073 0.7095 -0.4012 -0.5065 0.2813 0.5967 -0.1809 0.7625 0.1731
0.5951 0.3318 -0.5734 0.455 0.557 0.0597 -0.7471 0.3579 0.7667 -0.029 -0.6394 -0.0491 0.7629 0.2265 -0.6055 0.0095 0.517 0.2249 -0.7232 0.3989 0.5519 0.4788 -0.5304 0.4299 0.8195 -0.0444 0.3459 0.4547 0.7369 0.1827 -0.6467 -0.073 0.7095 -0.4012 -0.5065 0.2813 0.5967 -0.1809 0.7625 0.1731
0.5951 0.3318 -0.5734 0.455 0.557 0.0597 -0.7471 0.3579 0.7456 -7.0E-4 -0.6644 0.0517 0.7629 0.2265 -0.6055 0.0095 0.517 0.2249 -0.7232 0.3989 0.5519 0.4788 -0.5304 0.4299 0.8195 -0.0444 0.3459 0.4547 0.7369 0.1827 -0.6467 -0.073 0.7095 -0.4012 -0.5065 0.2813 0.5967 -0.1809 0.7625 0.1731
0.5951 0.3318 -0.5734 0.455 0.557 0.0597 -0.7471 0.3579 0.7456 -7.0E-4 -0.6644 0.0517 0.7629 0.2265 -0.6055 0.0095 0.517 0.2249 -0.7232 0.3989 0.5519 0.4788 -0.5304 0.4299 0.8195 -0.0444 0.3459 0.4547 0.7369 0.1827 -0.6467 -0.073 0.7095 -0.4012 -0.5065 0.2813 0.5967 -0.1809 0.7625 0.1731
0.5951 0.3318 -0.5734 0.455 0.557 0.0597 -0.7471 0.3579 0.7456 -7.0E-4 -0.6644 0.0517 0.7629 0.2265 -0.6055 0.0095 0.517 0.2249 -0.7232 0.3989 0.5519 0.4788 -0.5304 0.4299 0.8201 -0.0698 0.3704 0.4304 0.743 0.1971 -0.5984 -0.226 0.7537 -0.2714 -0.5862 0.1212 0.5967 -0.1809 0.7625 0.1731
0.5951 0.3318 -0.5734 0.455 0.557 0.0597 -0.7471 0.3579 0.7456 -7.0E-4 -0.6644 0.0517 0.7629 0.2265 -0.6055 0.0095 0.517 0.2249 -0.7232 0.3989 0.5836 0.4982 -0.504 0.3966 0.8201 -0.0698 0.3704 0.4304 0.743 0.1971 -0.5984 -0.226 0.7537 -0.2714 -0.5862 0.1212 0.809 -0.2115 0.5315 0.135
0.5951 0.3318 -0.5734 0.455 0.557 0.0597 -0.7471 0.3579 0.7456 -7.0E-4 -0.6644 0.0517 0.7629 0.2265 -0.6055 0.0095 0.517 0.2249 -0.7232 0.3989 0.5836 0.4982 -0.504 0.3966 0.8201 -0.0698 0.3704 0.4304 0.743 0.1971 -0.5984 -0.226 0.7537 -0.2714 -0.5862 0.1212 0.809 -0.2115 0.5315 0.135
0.5754 0.3282 -0.564 0.4931 0.4657 0.0087 -0.7972 0.384 0.7456 -7.0E-4 -0.6644 0.0517 0.7629 0.2265 -0.6055 0.0095 0.5362 0.296 -0.7137 0.34 0.5836 0.4982 -0.504 0.3966 0.8201 -0.0698 0.3704 0.4304 0.743 0.1971 -0.5984 -0.226 0.7537 -0.2714 -0.5862 0.1212 0.809 -0.2115 0.5315 0.135
0.5754 0.3282 -0.564 0.4931 0.4657 0.0087 -0.7972 0.384 0.7456 -7.0E-4 -0.6644 0.0517 0.778 0.1907 -0.5897 0.1036 0.5362 0.296 -0.7137 0.34 0.5836 0.4982 -0.504 0.3966 0.8201 -0.0698 0.3704 0.4304 0.743 0.1971 -0.5984 -0.226 0.7537 -0.2714 -0.5862 0.1212 0.809 -0.2115 0.5315 0.135
0.5754 0.3282 -0.564 0.4931 0.4657 0.0087 -0.7972 0.384 0.7246 -0.0085 -0.6713 0.1559 0.778 0.1907 -0.5897 0.1036 0.5362 0.296 -0.7137 0.34 0.5836 0.4982 -0.504 0.3966 0.8201 -0.0698 0.3704 0.4304 0.743 0.1971 -0.5984 -0.226 0.7537 -0.2714 -0.5862 0.1212 0.809 -0.2115 0.5315 0.135
0.5754 0.3282 -0.564 0.4931 0.4657 0.0087 -0.7972 0.384 0.7246 -0.0085 -0.6713 0.1559 0.778 0.1907 -0.5897 0.1036 0.5362 0.296 -0.7137 0.34 0.5836 0.4982 -0.504 0.3966 0.8201 -0.0698 0.3704 0.4304 0.743 0.1971 -0.5984 -0.226 0.7537 -0.2714 -0.5862 0.1212 0.809 -0.2115 0.5315 0.135
0.5754 0.3282 -0.564 0.4931 0.4657 0.0087 -0.7972 0.384 0.7246 -0.0085 -0.6713 0.1559 0.778 0.1907 -0.5897 0.1036 0.5362 0.296 -0.7137 0.34 0.5836 0.4982 -0.504 0.3966 0.8145 -0.0996 0.3997 0.4087 0.7217 0.221 -0.6271 -0.1927 0.7462 -0.0396 -0.6528 -0.1247 0.809 -0.2115 0.5315 0.135
0.5754 0.3282 -0.564 0.4931 0.4657 0.0087 -0.7972 0.384 0.7246 -0.0085 -0.6713 0.1559 0.778 0.1907 -0.5897 0.1036 0.5362 0.296 -0.7137 0.34 0.6241 0.5311 -0.453 0.3512 0.8145 -0.0996 0.3997 0.4087 0.7217 0.221 -0.6271 -0.1927 0.7462 -0.0396 -0.6528 -0.1247 0.95 -0.2335 0.2062 0.0222
0.5754 0.3282 -0.564 0.4931 0.4657 0.0087 -0.7972 0.384 0.7246 -0.0085 -0.6713 0.1559 0.778 0.1907 -0.5897 0.1036 0.5362 0.296 -0.7137 0.34 0.6241 0.5311 -0.453 0.3512 0.8145 -0.0996 0.3997 0.4087 0.7217 0.221 -0.6271 -0.1927 0.7462 -0.0396 -0.6528 -0.1247 0.95 -0.2335 0.2062 0.0222
0.5704 0.3082 -0.569 0.5058 0.4294 -0.0276 -0.8145 0.3893 0.7246 -0.0085 -0.6713 0.1559 0.778 0.1907 -0.5897 0.1036 0.5578 0.3328 -0.7054 0.2837 0.6241 0.5311 -0.453 0.3512 0.8145 -0.0996 0.3997 0.4087 0.7217 0.221 -0.6271 -0.1927 0.7462 -0.0396 -0.6528 -0.1247 0.95 -0.2335 0.2062 0.0222
0.5704 0.3082 -0.569 0.5058 0.4294 -0.0276 -0.8145 0.3893 0.7246 -0.0085 -0.6713 0.1559 0.7878 0.1731 -0.564 0.1768 0.5578 0.3328 -0.7054 0.2837 0.6241 0.5311 -0.453 0.3512 0.8145 -0.0996 0.3997 0.4087 0.7217 0.221 -0.6271 -0.1927 0.7462 -0.0396 -0.6528 -0.1247 0.95 -0.2335 0.2062 0.0222
0.5704 0.3082 -0.569 0.5058 0.4294 -0.0276 -0.8145 0.3893 0.7166 -3.0E-4 -0.6664 0.2056 0.7878 0.1731 -0.564 0.1768 0.5578 0.3328 -0.7054 0.2837 0.6241 0.5311 -0.453 0.3512 0.8145 -0.0996 0.3997 0.4087 0.7217 0.221 -0.6271 -0.1927 0.7462 -0.0396 -0.6528 -0.1247 0.95 -0.2335 0.2062 0.0222
0.5704 0.3082 -0.569 0.5058 0.4294 -0.0276 -0.8145 0.3893 0.7166 -3.0E-4 -0.6664 0.2056 0.7878 0.1731 -0.564 0.1768 0.5578 0.3328 -0.7054 0.2837 0.6241 0.5311 -0.453 0.3512 0.8145 -0.0996 0.3997 0.4087 0.7217 0.221 -0.6271 -0.1927 0.7249 -0.0054 -0.669 -0.1642 0.95 -0.2335 0.2062 0.0222
0.5704 0.3082 -0.569 0.5058 0.4294 -0.0276 -0.8145 0.3893 0.7166 -3.0E-4 -0.6664 0.2056 0.7878 0.1731 -0.564 0.1768 0.5578 0.3328 -0.7054 0.2837 0.6241 0.5311 -0.453 0.3512 0.7682 -0.1458 0.5141 0.3525 0.7033 0.1776 -0.6491 -0.229 0.7249 -0.0054 -0.669 -0.1642 0.95 -0.2335 0.2062 0.0222
0.5704 0.3082 -0.569 0.5058 0.4294 -0.0276 -0.8145 0.3893 0.7166 -3.0E-4 -0.6664 0.2056 0.7878 0.1731 -0.564 0.1768 0.5578 0.3328 -0.7054 0.2837 0.6241 0.5311 -0.453 0.3512 0.7682 -0.1458 0.5141 0.3525 0.7033 0.1776 -0.6491 -0.229 0.7249 -0.0054 -0.669 -0.1642 0.95 -0.2335 0.2062 0.0222
0.5704 0.3082 -0.569 0.5058 0.4294 -0.0276 -0.8145 0.3893 0.7166 -3.0E-4 -0.6664 0.2056 0.7878 0.1731 -0.564 0.1768 0.5578 0.3328 -0.7054 0.2837 0.6241 0.5311 -0.453 0.3512 0.7682 -0.1458 0.5141 0.3525 0.7033 0.1776 -0.6491 -0.229 0.7249 -0.0054 -0.669 -0.1642 0.95 -0.2335 0.2062 0.0222
0.5859 0.2939 -0.5867 0.4755 0.4829 -0.0319 -0.7961 0.3633 0.7166 -3.0E-4 -0.6664 0.2056 0.7901 0.1537 -0.5608 0.1941 0.5886 0.3071 -0.6853 0.2993 0.6241 0.5311 -0.453 0.3512 0.7682 -0.1458 0.5141 0.3525 0.7033 0.1776 -0.6491 -0.229 0.7249 -0.0054 -0.669 -0.1642 0.95 -0.2335 0.2062 0.0222
0.5859 0.2939 -0.5867 0.4755 0.4829 -0.0319 -0.7961 0.3633 0.719 -0.0044 -0.6774 0.1555 0.7901 0.1537 -0.5608 0.1941 0.5886 0.3071 -0.6853 0.2993 0.6241 0.5311 -0.453 0.3512 0.7682 -0.1458 0.5141 0.3525 0.7033 0.1776 -0.6491 -0.229 0.7249 -0.0054 -0.669 -0.1642 0.95 -0.2335 0.2062 0.0222
0.5859 0.2939 -0.5867 0.4755 0.4829 -0.0319 -0.7961 0.3633 0.719 -0.0044 -0.6774 0.1555 0.7901 0.1537 -0.5608 0.1941 0.5886 0.3071 -0.6853 0.2993 0.6241 0.5311 -0.453 0.3512 0.7682 -0.1458 0.5141 0.3525 0.7033 0.1776 -0.6491 -0.229 0.7249 -0.0054 -0.669 -0.1642 0.95 -0.2335 0.2062 0.0222
0.5859 0.2939 -0.5867 0.4755 0.4829 -0.0319 -0.7961 0.3633 0.719 -0.0044 -0.6774 0.1555 0.7901 0.1537 -0.5608 0.1941 0.5886 0.3071 -0.6853 0.2993 0.6241 0.5311 -0.453 0.3512 0.7682 -0.1458 0.5141 0.3525 0.7033 0.1776 -0.6491 -0.229 0.7249 -0.0054 -0.669 -0.1642 0.95 -0.2335 0.2062 0.0222
0.5859 0.2939 -0.5867 0.4755 0.4829 -0.0319 -0.7961 0.3633 0.719 -0.0044 -0.6774 0.1555 0.7901 0.1537 -0.5608 0.1941 0.5886 0.3071 -0.6853 0.2993 0.6241 0.5311 -0.453 0.3512 0.5544 -0.2858 0.7606 0.18 0.6926 0.1625 -0.6827 -0.1669 0.73 -0.1509 -0.6569 -0.1129 0.95 -0.2335 0.2062 0.0222
0.5859 0.2939 -0.5867 0.4755 0.4829 -0.0319 -0.7961 0.3633 0.719 -0.0044 -0.6774 0.1555 0.7901 0.1537 -0.5608 0.1941 0.5886 0.3071 -0.6853 0.2993 0.7277 0.6046 -0.2755 0.1708 0.5544 -0.2858 0.7606 0.18 0.6926 0.1625 -0.6827 -0.1669 0.73 -0.1509 -0.6569 -0.1129 0.9118 -0.1815 0.3651 0.048
0.5859 0.2939 -0.5867 0.4755 0.4829 -0.0319 -0.7961 0.3633 0.719 -0.0044 -0.6774 0.1555 0.7901 0.1537 -0.5608 0.1941 0.5886 0.3071 -0.6853 0.2993 0.7277 0.6046 -0.2755 0.1708 0.5544 -0.2858 0.7606 0.18 0.6926 0.1625 -0.6827 -0.1669 0.73 -0.1509 -0.6569 -0.1129 0.9118 -0.1815 0.3651 0.048
0.6039 0.2856 -0.6085 0.4283 0.5629 -0.0388 -0.772 0.2927 0.719 -0.0044 -0.6774 0.1555 0.7901 0.1537 -0.5608 0.1941 0.5708 0.1844 -0.6761 0.4279 0.7277 0.6046 -0.2755 0.1708 0.5544 -0.2858 0.7606 0.18 0.6926 0.1625 -0.6827 -0.1669 0.73 -0.1509 -0.6569 -0.1129 0.9118 -0.1815 0.3651 0.048
0.6039 0.2856 -0.6085 0.4283 0.5629 -0.0388 -0.772 0.2927 0.719 -0.0044 -0.6774 0.1555 0.7896 0.1721 -0.5865 0.054 0.5708 0.1844 -0.6761 0.4279 0.7277 0.6046 -0.2755 0.1708 0.5544 -0.2858 0.7606 0.18 0.6926 0.1625 -0.6827 -0.1669 0.73 -0.1509 -0.6569 -0.1129 0.9118 -0.1815 0.3651 0.048
0.6039 0.2856 -0.6085 0.4283 0.5629 -0.0388 -0.772 0.2927 0.7453 -0.0601 -0.6629 0.0392 0.7896 0.1721 -0.5865 0.054 0.5708 0.1844 -0.6761 0.4279 0.7277 0.6046 -0.2755 0.1708 0.5544 -0.2858 0.7606 0.18 0.6926 0.1625 -0.6827 -0.1669 0.73 -0.1509 -0.6569 -0.1129 0.9118 -0.1815 0.3651 0.048
0.6039 0.2856 -0.6085 0.4283 0.5629 -0.0388 -0.772 0.2927 0.7453 -0.0601 -0.6629 0.0392 0.7896 0.1721 -0.5865 0.054 0.5708 0.1844 -0.6761 0.4279 0.7277 0.6046 -0.2755 0.1708 0.5544 -0.2858 0.7606 0.18 0.6926 0.1625 -0.6827 -0.1669 0.73 -0.1509 -0.6569 -0.1129 0.9118 -0.1815 0.3651 0.048
0.6039 0.2856 -0.6085 0.4283 0.5629 -0.0388 -0.772 0.2927 0.7453 -0.0601 -0.6629 0.0392 0.7896 0.1721 -0.5865 0.054 0.5708 0.1844 -0.6761 0.4279 0.7277 0.6046 -0.2755 0.1708 0.5544 -0.2858 0.7606 0.18 0.674 0.1506 -0.7204 -0.0634 0.73 -0.1509 -0.6569 -0.1129 0.9118 -0.1815 0.3651 0.048
0.6039 0.2856 -0.6085 0.4283 0.5629 -0.0388 -0.772 0.2927 0.7453 -0.0601 -0.6629 0.0392 0.7896 0.1721 -0.5865 0.054 0.5708 0.1844 -0.6761 0.4279 0.689 0.5574 -0.3822 0.2619 0.5544 -0.2858 0.7606 0.18 0.674 0.1506 -0.7204 -0.0634 0.73 -0.1509 -0.6569 -0.1129 0.8962 -0.1801 0.4005 0.0625
0.6039 0.2856 -0.6085 0.4283 0.5629 -0.0388 -0.772 0.2927 0.7453 -0.0601 -0.6629 0.0392 0.7896 0.1721 -0.5865 0.054 0.5708 0.1844 -0.6761 0.4279 0.689 0.5574 -0.3822 0.2619 0.5544 -0.2858 0.7606 0.18 0.674 0.1506 -0.7204 -0.0634 0.73 -0.1509 -0.6569 -0.1129 0.8962 -0.1801 0.4005 0.0625
0.6531 0.2609 -0.613 0.3599 0.6084 -0.0134 -0.746 0.2707 0.7453 -0.0601 -0.6629 0.0392 0.7896 0.1721 -0.5865 0.054 0.4998 0.1429 -0.6564 0.5468 0.689 0.5574 -0.3822 0.2619 0.5544 -0.2858 0.7606 0.18 0.674 0.1506 -0.7204 -0.0634 0.73 -0.1509 -0.6569 -0.1129 0.8962 -0.1801 0.4005 0.0625
0.6531 0.2609 -0.613 0.3599 0.6084 -0.0134 -0.746 0.2707 0.7453 -0.0601 -0.6629 0.0392 0.7667 0.2249 -0.5874 -0.129 0.4998 0.1429 -0.6564 0.5468 0.689 0.5574 -0.3822 0.2619 0.5544 -0.2858 0.7606 0.18 0.674 0.1506 -0.7204 -0.0634 0.73 -0.1509 -0.6569 -0.1129 0.8962 -0.1801 0.4005 0.0625
0.6531 0.2609 -0.613 0.3599 0.6084 -0.0134 -0.746 0.2707 0.7822 -0.0799 -0.6124 -0.0822 0.7667 0.2249 -0.5874 -0.129 0.4998 0.1429 -0.6564 0.5468 0.689 0.5574 -0.3822 0.2619 0.5544 -0.2858 0.7606 0.18 0.674 0.1506 -0.7204 -0.0634 0.73 -0.1509 -0.6569 -0.1129 0.8962 -0.1801 0.4005 0.0625
0.6531 0.2609 -0.613 0.3599 0.6084 -0.0134 -0.746 0.2707 0.7822 -0.0799 -0.6124 -0.0822 0.7667 0.2249 -0.5874 -0.129 0.4998 0.1429 -0.6564 0.5468 0.689 0.5574 -0.3822 0.2619 0.8358 -0.0104 0.3713 0.4044 0.674 0.1506 -0.7204 -0.0634 0.73 -0.1509 -0.6569 -0.1129 0.8962 -0.1801 0.4005 0.0625
0.6531 0.2609 -0.613 0.3599 0.6084 -0.0134 -0.746 0.2707 0.7822 -0.0799 -0.6124 -0.0822 0.7667 0.2249 -0.5874 -0.129 0.4998 0.1429 -0.6564 0.5468 0.689 0.5574 -0.3822 0.2619 0.8358 -0.0104 0.3713 0.4044 0.6519 0.0915 -0.7527 -0.0056 0.7242 -0.2589 -0.6391 -0.0019 0.8962 -0.1801 0.4005 0.0625
0.6531 0.2609 -0.613 0.3599 0.6084 -0.0134 -0.746 0.2707 0.7822 -0.0799 -0.6124 -0.0822 0.7667 0.2249 -0.5874 -0.129 0.4998 0.1429 -0.6564 0.5468 0.689 0.5574 -0.3822 0.2619 0.8358 -0.0104 0.3713 0.4044 0.6519 0.0915 -0.7527 -0.0056 0.7242 -0.2589 -0.6391 -0.0019 0.8962 -0.1801 0.4005 0.0625
0.6531 0.2609 -0.613 0.3599 0.6084 -0.0134 -0.746 0.2707 0.7822 -0.0799 -0.6124 -0.0822 0.7667 0.2249 -0.5874 -0.129 0.4998 0.1429 -0.6564 0.5468 0.689 0.5574 -0.3822 0.2619 0.8358 -0.0104 0.3713 0.4044 0.6519 0.0915 -0.7527 -0.0056 0.7242 -0.2589 -0.6391 -0.0019 0.8962 -0.1801 0.4005 0.0625
0.6531 0.2609 -0.613 0.3599 0.6084 -0.0134 -0.746 0.2707 0.7822 -0.0799 -0.6124 -0.0822 0.7667 0.2249 -0.5874 -0.129 0.4998 0.1429 -0.6564 0.5468 0.689 0.5574 -0.3822 0.2619 0.8358 -0.0104 0.3713 0.4044 0.6519 0.0915 -0.7527 -0.0056 0.7242 -0.2589 -0.6391 -0.0019 0.8962 -0.1801 0.4005 0.0625
0.6866 0.2501 -0.6091 0.3084 0.6447 0.0065 -0.7218 0.2516 0.7957 -0.0829 -0.5826 -0.1434 0.7224 0.3002 -0.5784 -0.2311 0.4661 0.1642 -0.6833 0.5374 0.689 0.5574 -0.3822 0.2619 0.8358 -0.0104 0.3713 0.4044 0.6519 0.0915 -0.7527 -0.0056 0.7242 -0.2589 -0.6391 -0.0019 0.8962 -0.1801 0.4005 0.0625
0.6866 0.2501 -0.6091 0.3084 0.6447 0.0065 -0.7218 0.2516 0.7957 -0.0829 -0.5826 -0.1434 0.7224 0.3002 -0.5784 -0.2311 0.4661 0.1642 -0.6833 0.5374 0.689 0.5574 -0.3822 0.2619 0.8358 -0.0104 0.3713 0.4044 0.6519 0.0915 -0.7527 -0.0056 0.7242 -0.2589 -0.6391 -0.0019 0.8962 -0.1801 0.4005 0.0625
0.6866 0.2501 -0.6091 0.3084 0.6447 0.0065 -0.7218 0.2516 0.7957 -0.0829 -0.5826 -0.1434 0.7224 0.3002 -0.5784 -0.2311 0.4661 0.1642 -0.6833 0.5374 0.689 0.5574 -0.3822 0.2619 0.8358 -0.0104 0.3713 0.4044 0.6519 0.0915 -0.7527 -0.0056 0.7242 -0.2589 -0.6391 -0.0019 0.8962 -0.1801 0.4005 0.0625
0.6866 0.2501 -0.6091 0.3084 0.6447 0.0065 -0.7218 0.2516 0.7957 -0.0829 -0.5826 -0.1434 0.7224 0.3002 -0.5784 -0.2311 0.4661 0.1642 -0.6833 0.5374 0.689 0.5574 -0.3822 0.2619 0.8215 0.1415 0.1714 0.5251 0.6479 0.0781 -0.7557 0.0545 0.7211 -0.3346 -0.6015 0.0787 0.8962 -0.1801 0.4005 0.0625
0.6866 0.2501 -0.6091 0.3084 0.6447 0.0065 -0.7218 0.2516 0.7957 -0.0829 -0.5826 -0.1434 0.7224 0.3002 -0.5784 -0.2311 0.4661 0.1642 -0.6833 0.5374 0.4759 0.3291 -0.6334 0.5138 0.8215 0.1415 0.1714 0.5251 0.6479 0.0781 -0.7557 0.0545 0.7211 -0.3346 -0.6015 0.0787 0.8024 -0.1667 0.5633 0.1047
0.6866 0.2501 -0.6091 0.3084 0.6447 0.0065 -0.7218 0.2516 0.7957 -0.0829 -0.5826 -0.1434 0.7224 0.3002 -0.5784 -0.2311 0.4661 0.1642 -0.6833 0.5374 0.4759 0.3291 -0.6334 0.5138 0.8215 0.1415 0.1714 0.5251 0.6479 0.0781 -0.7557 0.0545 0.7211 -0.3346 -0.6015 0.0787 0.8024 -0.1667 0.5633 0.1047
0.6899 0.2402 -0.616 0.2949 0.6548 0.0383 -0.7124 0.2495 0.7957 -0.0829 -0.5826 -0.1434 0.7224 0.3002 -0.5784 -0.2311 0.4555 0.1701 -0.6902 0.536 0.4759 0.3291 -0.6334 0.5138 0.8215 0.1415 0.1714 0.5251 0.6479 0.0781 -0.7557 0.0545 0.7211 -0.3346 -0.6015 0.0787 0.8024 -0.1667 0.5633 0.1047
0.6899 0.2402 -0.616 0.2949 0.6548 0.0383 -0.7124 0.2495 0.7957 -0.0829 -0.5826 -0.1434 0.6953 0.3228 -0.5861 -0.2626 0.4555 0.1701 -0.6902 0.536 0.4759 0.3291 -0.6334 0.5138 0.8215 0.1415 0.1714 0.5251 0.6479 0.0781 -0.7557 0.0545 0.7211 -0.3346 -0.6015 0.0787 0.8024 -0.1667 0.5633 0.1047
0.6899 0.2402 -0.616 0.2949 0.6548 0.0383 -0.7124 0.2495 0.7933 -0.0474 -0.598 -0.1036 0.6953 0.3228 -0.5861 -0.2626 0.4555 0.1701 -0.6902 0.536 0.4759 0.3291 -0.6334 0.5138 0.8215 0.1415 0.1714 0.5251 0.6479 0.0781 -0.7557 0.0545 0.7211 -0.3346 -0.6015 0.0787 0.8024 -0.1667 0.5633 0.1047
0.6899 0.2402 -0.616 0.2949 0.6548 0.0383 -0.7124 0.2495 0.7933 -0.0474 -0.598 -0.1036 0.6953 0.3228 -0.5861 -0.2626 0.4555 0.1701 -0.6902 0.536 0.4759 0.3291 -0.6334 0.5138 0.8171 -0.0123 0.3051 0.4889 0.6479 0.0781 -0.7557 0.0545 0.7211 -0.3346 -0.6015 0.0787 0.8024 -0.1667 0.5633 0.1047
0.6899 0.2402 -0.616 0.2949 0.6548 0.0383 -0.7124 0.2495 0.7933 -0.0474 -0.598 -0.1036 0.6953 0.3228 -0.5861 -0.2626 0.4555 0.1701 -0.6902 0.536 0.4759 0.3291 -0.6334 0.5138 0.8171 -0.0123 0.3051 0.4889 0.6943 0.1235 -0.7086 0.0244 0.7109 -0.3884 -0.5344 0.2411 0.8024 -0.1667 0.5633 0.1047
0.6899 0.2402 -0.616 0.2949 0.6548 0.0383 -0.7124 0.2495 0.7933 -0.0474 -0.598 -0.1036 0.6953 0.3228 -0.5861 -0.2626 0.4555 0.1701 -0.6902 0.536 0.5127 0.4643 -0.5332 0.4871 0.8171 -0.0123 0.3051 0.4889 0.6943 0.1235 -0.7086 0.0244 0.7109 -0.3884 -0.5344 0.2411 0.4396 -0.1858 0.8627 0.1677
0.6899 0.2402 -0.616 0.2949 0.6548 0.0383 -0.7124 0.2495 0.7933 -0.0474 -0.598 -0.1036 0.6953 0.3228 -0.5861 -0.2626 0.4555 0.1701 -0.6902 0.536 0.5127 0.4643 -0.5332 0.4871 0.8171 -0.0123 0.3051 0.4889 0.6943 0.1235 -0.7086 0.0244 0.7109 -0.3884 -0.5344 0.2411 0.4396 -0.1858 0.8627 0.1677
0.6523 0.2794 -0.6097 0.3532 0.6125 0.0681 -0.7283 0.2996 0.7933 -0.0474 -0.598 -0.1036 0.6953 0.3228 -0.5861 -0.2626 0.476 0.2051 -0.7027 0.4874 0.5127 0.4643 -0.5332 0.4871 0.8171 -0.0123 0.3051 0.4889 0.6943 0.1235 -0.7086 0.0244 0.7109 -0.3884 -0.5344 0.2411 0.4396 -0.1858 0.8627 0.1677
0.6523 0.2794 -0.6097 0.3532 0.6125 0.0681 -0.7283 0.2996 0.7933 -0.0474 -0.598 -0.1036 0.7208 0.285 -0.6151 -0.1448 0.476 0.2051 -0.7027 0.4874 0.5127 0.4643 -0.5332 0.4871 0.8171 -0.0123 0.3051 0.4889 0.6943 0.1235 -0.7086 0.0244 0.7109 -0.3884 -0.5344 0.2411 0.4396 -0.1858 0.8627 0.1677
0.6523 0.2794 -0.6097 0.3532 0.6125 0.0681 -0.7283 0.2996 0.7656 -0.0206 -0.6422 -0.0321 0.7208 0.285 -0.6151 -0.1448 0.476 0.2051 -0.7027 0.4874 0.5127 0.4643 -0.5332 0.4871 0.8171 -0.0123 0.3051 0.4889 0.6943 0.1235 -0.7086 0.0244 0.7109 -0.3884 -0.5344 0.2411 0.4396 -0.1858 0.8627 0.1677
0.6523 0.2794 -0.6097 0.3532 0.6125 0.0681 -0.7283 0.2996 0.7656 -0.0206 -0.6422 -0.0321 0.7208 0.285 -0.6151 -0.1448 0.476 0.2051 -0.7027 0.4874 0.5127 0.4643 -0.5332 0.4871 0.8171 -0.0123 0.3051 0.4889 0.6943 0.1235 -0.7086 0.0244 0.7109 -0.3884 -0.5344 0.2411 0.4396 -0.1858 0.8627 0.1677
0.6523 0.2794 -0.6097 0.3532 0.6125 0.0681 -0.7283 0.2996 0.7656 -0.0206 -0.6422 -0.0321 0.7208 0.285 -0.6151 -0.1448 0.476 0.2051 -0.7027 0.4874 0.5127 0.4643 -0.5332 0.4871 0.7937 -0.0644 0.3596 0.4864 0.7474 0.1717 -0.6255 -0.1437 0.7188 -0.353 -0.537 0.2653 0.4396 -0.1858 0.8627 0.1677
0.6523 0.2794 -0.6097 0.3532 0.6125 0.0681 -0.7283 0.2996 0.7656 -0.0206 -0.6422 -0.0321 0.7208 0.285 -0.6151 -0.1448 0.476 0.2051 -0.7027 0.4874 0.5127 0.4643 -0.5332 0.4871 0.7937 -0.0644 0.3596 0.4864 0.7474 0.1717 -0.6255 -0.1437 0.7188 -0.353 -0.537 0.2653 0.4396 -0.1858 0.8627 0.1677
0.6523 0.2794 -0.6097 0.3532 0.6125 0.0681 -0.7283 0.2996 0.7656 -0.0206 -0.6422 -0.0321 0.7208 0.285 -0.6151 -0.1448 0.476 0.2051 -0.7027 0.4874 0.5127 0.4643 -0.5332 0.4871 0.7937 -0.0644 0.3596 0.4864 0.7474 0.1717 -0.6255 -0.1437 0.7188 -0.353 -0.537 0.2653 0.4396 -0.1858 0.8627 0.1677
0.6028 0.3179 -0.5781 0.4487 0.5319 0.0458 -0.7643 0.3619 0.7656 -0.0206 -0.6422 -0.0321 0.7208 0.285 -0.6151 -0.1448 0.5199 0.2492 -0.7187 0.3887 0.5127 0.4643 -0.5332 0.4871 0.7937 -0.0644 0.3596 0.4864 0.7474 0.1717 -0.6255 -0.1437 0.7188 -0.353 -0.537 0.2653 0.4396 -0.1858 0.8627 0.1677
0.6028 0.3179 -0.5781 0.4487 0.5319 0.0458 -0.7643 0.3619 0.7394 0.0051 -0.6672 0.09 0.7556 0.2271 -0.6144 0.006 0.5199 0.2492 -0.7187 0.3887 0.5127 0.4643 -0.5332 0.4871 0.7937 -0.0644 0.3596 0.4864 0.7474 0.1717 -0.6255 -0.1437 0.7188 -0.353 -0.537 0.2653 0.4396 -0.1858 0.8627 0.1677
0.6028 0.3179 -0.5781 0.4487 0.5319 0.0458 -0.7643 0.3619 0.7394 0.0051 -0.6672 0.09 0.7556 0.2271 -0.6144 0.006 0.5199 0.2492 -0.7187 0.3887 0.5127 0.4643 -0.5332 0.4871 0.7937 -0.0644 0.3596 0.4864 0.7474 0.1717 -0.6255 -0.1437 0.7188 -0.353 -0.537 0.2653 0.4396 -0.1858 0.8627 0.1677
0.6028 0.3179 -0.5781 0.4487 0.5319 0.0458 -0.7643 0.3619 0.7394 0.0051 -0.6672 0.09 0.7556 0.2271 -0.6144 0.006 0.5199 0.2492 -0.7187 0.3887 0.5127 0.4643 -0.5332 0.4871 0.7937 -0.0644 0.3596 0.4864 0.7474 0.1717 -0.6255 -0.1437 0.7188 -0.353 -0.537 0.2653 0.4396 -0.1858 0.8627 0.1677
0.6028 0.3179 -0.5781 0.4487 0.5319 0.0458 -0.7643 0.3619 0.7394 0.0051 -0.6672 0.09 0.7556 0.2271 -0.6144 0.006 0.5199 0.2492 -0.7187 0.3887 0.5127 0.4643 -0.5332 0.4871 0.7946 -0.0828 0.3831 0.4638 0.7394 0.228 -0.6008 -0.2007 0.7556 -0.1835 -0.6247 0.0714 0.4396 -0.1858 0.8627 0.1677
0.6028 0.3179 -0.5781 0.4487 0.5319 0.0458 -0.7643 0.3619 0.7394 0.0051 -0.6672 0.09 0.7556 0.2271 -0.6144 0.006 0.5199 0.2492 -0.7187 0.3887 0.5127 0.4643 -0.5332 0.4871 0.7946 -0.0828 0.3831 0.4638 0.7394 0.228 -0.6008 -0.2007 0.7556 -0.1835 -0.6247 0.0714 0.4396 -0.1858 0.8627 0.1677
0.5806 0.3035 -0.5724 0.4931 0.5319 0.0458 -0.7643 0.3619 0.7394 0.0051 -0.6672 0.09 0.7556 0.2271 -0.6144 0.006 0.5199 0.2492 -0.7187 0.3887 0.5127 0.4643 -0.5332 0.4871 0.7946 -0.0828 0.3831 0.4638 0.7394 0.228 -0.6008 -0.2007 0.7556 -0.1835 -0.6247 0.0714 0.4396 -0.1858 0.8627 0.1677
0.5806 0.3035 -0.5724 0.4931 0.5319 0.0458 -0.7643 0.3619 0.7394 0.0051 -0.6672 0.09 0.7556 0.2271 -0.6144 0.006 0.5199 0.2492 -0.7187 0.3887 0.5127 0.4643 -0.5332 0.4871 0.7946 -0.0828 0.3831 0.4638 0.7394 0.228 -0.6008 -0.2007 0.7556 -0.1835 -0.6247 0.0714 0.4396 -0.1858 0.8627 0.1677
0.5806 0.3035 -0.5724 0.4931 0.5319 0.0458 -0.7643 0.3619 0.7394 0.0051 -0.6672 0.09 0.783 0.1704 -0.5849 0.1255 0.5381 0.3143 -0.7108 0.3264 0.5127 0.4643 -0.5332 0.4871 0.7946 -0.0828 0.3831 0.4638 0.7394 0.228 -0.6008 -0.2007 0.7556 -0.1835 -0.6247 0.0714 0.4396 -0.1858 0.8627 0.1677
0.5806 0.3035 -0.5724 0.4931 0.5319 0.0458 -0.7643 0.3619 0.7215 -0.0031 -0.6717 0.168 0.783 0.1704 -0.5849 0.1255 0.5381 0.3143 -0.7108 0.3264 0.5127 0.4643 -0.5332 0.4871 0.7946 -0.0828 0.3831 0.4638 0.7394 0.228 -0.6008 -0.2007 0.7556 -0.1835 -0.6247 0.0714 0.4396 -0.1858 0.8627 0.1677
0.5806 0.3035 -0.5724 0.4931 0.5319 0.0458 -0.7643 0.3619 0.7215 -0.0031 -0.6717 0.168 0.783 0.1704 -0.5849 0.1255 0.5381 0.3143 -0.7108 0.3264 0.5127 0.4643 -0.5332 0.4871 0.7946 -0.0828 0.3831 0.4638 0.7394 0.228 -0.6008 -0.2007 0.7556 -0.1835 -0.6247 0.0714 0.4396 -0.1858 0.8627 0.1677
0.5806 0.3035 -0.5724 0.4931 0.5319 0.0458 -0.7643 0.3619 0.7215 -0.0031 -0.6717 0.168 0.783 0.1704 -0.5849 0.1255 0.5381 0.3143 -0.7108 0.3264 0.5127 0.4643 -0.5332 0.4871 0.7911 -0.125 0.4205 0.4263 0.7239 0.2094 -0.6295 -0.1895 0.7189 0.0612 -0.6797 -0.1318 0.4396 -0.1858 0.8627 0.1677
0.5806 0.3035 -0.5724 0.4931 0.5319 0.0458 -0.7643 0.3619 0.7215 -0.0031 -0.6717 0.168 0.783 0.1704 -0.5849 0.1255 0.5381 0.3143 -0.7108 0.3264 0.6222 0.5594 -0.4227 0.3482 0.7911 -0.125 0.4205 0.4263 0.7239 0.2094 -0.6295 -0.1895 0.7189 0.0612 -0.6797 -0.1318 0.958 -0.2559 0.1134 0.0621
0.5806 0.3035 -0.5724 0.4931 0.5319 0.0458 -0.7643 0.3619 0.7215 -0.0031 -0.6717 0.168 0.783 0.1704 -0.5849 0.1255 0.5381 0.3143 -0.7108 0.3264 0.6222 0.5594 -0.4227 0.3482 0.7911 -0.125 0.4205 0.4263 0.7239 0.2094 -0.6295 -0.1895 0.7189 0.0612 -0.6797 -0.1318 0.958 -0.2559 0.1134 0.0621
0.5716 0.2897 -0.5687 0.5157 0.4118 -0.0406 -0.8164 0.4028 0.7215 -0.0031 -0.6717 0.168 0.783 0.1704 -0.5849 0.1255 0.5626 0.3463 -0.6982 0.2759 0.6222 0.5594 -0.4227 0.3482 0.7911 -0.125 0.4205 0.4263 0.7239 0.2094 -0.6295 -0.1895 0.7189 0.0612 -0.6797 -0.1318 0.958 -0.2559 0.1134 0.0621
0.5716 0.2897 -0.5687 0.5157 0.4118 -0.0406 -0.8164 0.4028 0.7215 -0.0031 -0.6717 0.168 0.783 0.1704 -0.5849 0.1255 0.5626 0.3463 -0.6982 0.2759 0.6222 0.5594 -0.4227 0.3482 0.7911 -0.125 0.4205 0.4263 0.7239 0.2094 -0.6295 -0.1895 0.7189 0.0612 -0.6797 -0.1318 0.958 -0.2559 0.1134 0.0621
0.5716 0.2897 -0.5687 0.5157 0.4118 -0.0406 -0.8164 0.4028 0.7139 0.0188 -0.666 0.2158 0.79 0.1666 -0.5518 0.2088 0.5626 0.3463 -0.6982 0.2759 0.6222 0.5594 -0.4227 0.3482 0.7911 -0.125 0.4205 0.4263 0.7239 0.2094 -0.6295 -0.1895 0.7189 0.0612 -0.6797 -0.1318 0.958 -0.2559 0.1134 0.0621
0.5716 0.2897 -0.5687 0.5157 0.4118 -0.0406 -0.8164 0.4028 0.7139 0.0188 -0.666 0.2158 0.79 0.1666 -0.5518 0.2088 0.5626 0.3463 -0.6982 0.2759 0.6222 0.5594 -0.4227 0.3482 0.7102 -0.2032 0.588 0.3296 0.7239 0.2094 -0.6295 -0.1895 0.7189 0.0612 -0.6797 -0.1318 0.958 -0.2559 0.1134 0.0621
0.5716 0.2897 -0.5687 0.5157 0.4118 -0.0406 -0.8164 0.4028 0.7139 0.0188 -0.666 0.2158 0.79 0.1666 -0.5518 0.2088 0.5626 0.3463 -0.6982 0.2759 0.6222 0.5594 -0.4227 0.3482 0.7102 -0.2032 0.588 0.3296 0.6923 0.197 -0.6633 -0.2047 0.7247 -0.0306 -0.6721 -0.1487 0.958 -0.2559 0.1134 0.0621
0.5716 0.2897 -0.5687 0.5157 0.4118 -0.0406 -0.8164 0.4028 0.7139 0.0188 -0.666 0.2158 0.79 0.1666 -0.5518 0.2088 0.5626 0.3463 -0.6982 0.2759 0.6222 0.5594 -0.4227 0.3482 0.7102 -0.2032 0.588 0.3296 0.6923 0.197 -0.6633 -0.2047 0.7247 -0.0306 -0.6721 -0.1487 0.958 -0.2559 0.1134 0.0621
0.5716 0.2897 -0.5687 0.5157 0.4118 -0.0406 -0.8164 0.4028 0.7139 0.0188 -0.666 0.2158 0.79 0.1666 -0.5518 0.2088 0.5626 0.3463 -0.6982 0.2759 0.6222 0.5594 -0.4227 0.3482 0.7102 -0.2032 0.588 0.3296 0.6923 0.197 -0.6633 -0.2047 0.7247 -0.0306 -0.6721 -0.1487 0.958 -0.2559 0.1134 0.0621
0.5821 0.2837 -0.5906 0.4815 0.4717 -0.0209 -0.7924 0.3864 0.7139 0.0188 -0.666 0.2158 0.7919 0.1583 -0.5623 0.1779 0.5907 0.255 -0.684 0.3438 0.6222 0.5594 -0.4227 0.3482 0.7102 -0.2032 0.588 0.3296 0.6923 0.197 -0.6633 -0.2047 0.7247 -0.0306 -0.6721 -0.1487 0.958 -0.2559 0.1134 0.0621
0.5821 0.2837 -0.5906 0.4815 0.4717 -0.0209 -0.7924 0.3864 0.7227 0.0013 -0.6737 0.1545 0.7919 0.1583 -0.5623 0.1779 0.5907 0.255 -0.684 0.3438 0.6222 0.5594 -0.4227 0.3482 0.7102 -0.2032 0.588 0.3296 0.6923 0.197 -0.6633 -0.2047 0.7247 -0.0306 -0.6721 -0.1487 0.958 -0.2559 0.1134 0.0621
0.5821 0.2837 -0.5906 0.4815 0.4717 -0.0209 -0.7924 0.3864 0.7227 0.0013 -0.6737 0.1545 0.7919 0.1583 -0.5623 0.1779 0.5907 0.255 -0.684 0.3438 0.6222 0.5594 -0.4227 0.3482 0.7102 -0.2032 0.588 0.3296 0.6923 0.197 -0.6633 -0.2047 0.7247 -0.0306 -0.6721 -0.1487 0.958 -0.2559 0.1134 0.0621
0.5821 0.2837 -0.5906 0.4815 0.4717 -0.0209 -0.7924 0.3864 0.7227 0.0013 -0.6737 0.1545 0.7919 0.1583 -0.5623 0.1779 0.5907 0.255 -0.684 0.3438 0.6222 0.5594 -0.4227 0.3482 0.7102 -0.2032 0.588 0.3296 0.6923 0.197 -0.6633 -0.2047 0.7247 -0.0306 -0.6721 -0.1487 0.958 -0.2559 0.1134 0.0621
0.5821 0.2837 -0.5906 0.4815 0.4717 -0.0209 -0.7924 0.3864 0.7227 0.0013 -0.6737 0.1545 0.7919 0.1583 -0.5623 0.1779 0.5907 0.255 -0.684 0.3438 0.6222 0.5594 -0.4227 0.3482 0.5502 -0.3052 0.7527 0.1937 0.6849 0.1603 -0.6919 -0.1629 0.7238 -0.1621 -0.6647 -0.0897 0.958 -0.2559 0.1134 0.0621
0.5821 0.2837 -0.5906 0.4815 0.4717 -0.0209 -0.7924 0.3864 0.7227 0.0013 -0.6737 0.1545 0.7919 0.1583 -0.5623 0.1779 0.5907 0.255 -0.684 0.3438 0.7319 0.5891 -0.2942 0.1751 0.5502 -0.3052 0.7527 0.1937 0.6849 0.1603 -0.6919 -0.1629 0.7238 -0.1621 -0.6647 -0.0897 0.9094 -0.1782 0.3679 0.0772
0.5821 0.2837 -0.5906 0.4815 0.4717 -0.0209 -0.7924 0.3864 0.7227 0.0013 -0.6737 0.1545 0.7919 0.1583 -0.5623 0.1779 0.5907 0.255 -0.684 0.3438 0.7319 0.5891 -0.2942 0.1751 0.5502 -0.3052 0.7527 0.1937 0.6849 0.1603 -0.6919 -0.1629 0.7238 -0.1621 -0.6647 -0.0897 0.9094 -0.1782 0.3679 0.0772
0.6059 0.2707 -0.605 0.44 0.5345 0.0107 -0.7695 0.3495 0.7227 0.0013 -0.6737 0.1545 0.7919 0.1583 -0.5623 0.1779 0.5615 0.1414 -0.6733 0.4599 0.7319 0.5891 -0.2942 0.1751 0.5502 -0.3052 0.7527 0.1937 0.6849 0.1603 -0.6919 -0.1629 0.7238 -0.1621 -0.6647 -0.0897 0.9094 -0.1782 0.3679 0.0772
0.6059 0.2707 -0.605 0.44 0.5345 0.0107 -0.7695 0.3495 0.7607 -0.0477 -0.6473 0.0037 0.789 0.1746 -0.5889 -0.014 0.5615 0.1414 -0.6733 0.4599 0.7319 0.5891 -0.2942 0.1751 0.5502 -0.3052 0.7527 0.1937 0.6849 0.1603 -0.6919 -0.1629 0.7238 -0.1621 -0.6647 -0.0897 0.9094 -0.1782 0.3679 0.0772
0.6059 0.2707 -0.605 0.44 0.5345 0.0107 -0.7695 0.3495 0.7607 -0.0477 -0.6473 0.0037 0.789 0.1746 -0.5889 -0.014 0.5615 0.1414 -0.6733 0.4599 0.7319 0.5891 -0.2942 0.1751 0.5502 -0.3052 0.7527 0.1937 0.6849 0.1603 -0.6919 -0.1629 0.7238 -0.1621 -0.6647 -0.0897 0.9094 -0.1782 0.3679 0.0772
0.6059 0.2707 -0.605 0.44 0.5345 0.0107 -0.7695 0.3495 0.7607 -0.0477 -0.6473 0.0037 0.789 0.1746 -0.5889 -0.014 0.5615 0.1414 -0.6733 0.4599 0.7319 0.5891 -0.2942 0.1751 0.5502 -0.3052 0.7527 0.1937 0.6849 0.1603 -0.6919 -0.1629 0.7238 -0.1621 -0.6647 -0.0897 0.9094 -0.1782 0.3679 0.0772
0.6059 0.2707 -0.605 0.44 0.5345 0.0107 -0.7695 0.3495 0.7607 -0.0477 -0.6473 0.0037 0.789 0.1746 -0.5889 -0.014 0.5615 0.1414 -0.6733 0.4599 0.7319 0.5891 -0.2942 0.1751 0.7557 -0.15 0.5421 0.3354 0.6608 0.1447 -0.734 -0.0605 0.7206 -0.2152 -0.6585 -0.0267 0.9094 -0.1782 0.3679 0.0772
0.6059 0.2707 -0.605 0.44 0.5345 0.0107 -0.7695 0.3495 0.7607 -0.0477 -0.6473 0.0037 0.789 0.1746 -0.5889 -0.014 0.5615 0.1414 -0.6733 0.4599 0.6571 0.4747 -0.4811 0.3337 0.7557 -0.15 0.5421 0.3354 0.6608 0.1447 -0.734 -0.0605 0.7206 -0.2152 -0.6585 -0.0267 0.8942 -0.1738 0.4014 0.0953
0.6059 0.2707 -0.605 0.44 0.5345 0.0107 -0.7695 0.3495 0.7607 -0.0477 -0.6473 0.0037 0.789 0.1746 -0.5889 -0.014 0.5615 0.1414 -0.6733 0.4599 0.6571 0.4747 -0.4811 0.3337 0.7557 -0.15 0.5421 0.3354 0.6608 0.1447 -0.734 -0.0605 0.7206 -0.2152 -0.6585 -0.0267 0.8942 -0.1738 0.4014 0.0953
0.6467 0.2659 -0.6102 0.3725 0.591 0.038 -0.7427 0.3127 0.7607 -0.0477 -0.6473 0.0037 0.789 0.1746 -0.5889 -0.014 0.4759 0.1453 -0.6518 0.5724 0.6571 0.4747 -0.4811 0.3337 0.7557 -0.15 0.5421 0.3354 0.6608 0.1447 -0.734 -0.0605 0.7206 -0.2152 -0.6585 -0.0267 0.8942 -0.1738 0.4014 0.0953
0.6467 0.2659 -0.6102 0.3725 0.591 0.038 -0.7427 0.3127 0.7607 -0.0477 -0.6473 0.0037 0.7432 0.2504 -0.5923 -0.1846 0.4759 0.1453 -0.6518 0.5724 0.6571 0.4747 -0.4811 0.3337 0.7557 -0.15 0.5421 0.3354 0.6608 0.1447 -0.734 -0.0605 0.7206 -0.2152 -0.6585 -0.0267 0.8942 -0.1738 0.4014 0.0953
0.6467 0.2659 -0.6102 0.3725 0.591 0.038 -0.7427 0.3127 0.7898 -0.0712 -0.6013 -0.0983 0.7432 0.2504 -0.5923 -0.1846 0.4759 0.1453 -0.6518 0.5724 0.6571 0.4747 -0.4811 0.3337 0.8596 0.1013 0.287 0.4103 0.6608 0.1447 -0.734 -0.0605 0.7206 -0.2152 -0.6585 -0.0267 0.8942 -0.1738 0.4014 0.0953
0.6467 0.2659 -0.6102 0.3725 0.591 0.038 -0.7427 0.3127 0.7898 -0.0712 -0.6013 -0.0983 0.7432 0.2504 -0.5923 -0.1846 0.4759 0.1453 -0.6518 0.5724 0.6571 0.4747 -0.4811 0.3337 0.8596 0.1013 0.287 0.4103 0.6608 0.1447 -0.734 -0.0605 0.7206 -0.2152 -0.6585 -0.0267 0.8942 -0.1738 0.4014 0.0953
0.6467 0.2659 -0.6102 0.3725 0.591 0.038 -0.7427 0.3127 0.7898 -0.0712 -0.6013 -0.0983 0.7432 0.2504 -0.5923 -0.1846 0.4759 0.1453 -0.6518 0.5724 0.6571 0.4747 -0.4811 0.3337 0.8596 0.1013 0.287 0.4103 0.6455 0.1125 -0.7554 0.0112 0.7188 -0.2745 -0.6381 0.0284 0.8942 -0.1738 0.4014 0.0953
0.6467 0.2659 -0.6102 0.3725 0.591 0.038 -0.7427 0.3127 0.7898 -0.0712 -0.6013 -0.0983 0.7432 0.2504 -0.5923 -0.1846 0.4759 0.1453 -0.6518 0.5724 0.5012 0.2951 -0.6656 0.4676 0.8596 0.1013 0.287 0.4103 0.6455 0.1125 -0.7554 0.0112 0.7188 -0.2745 -0.6381 0.0284 0.8713 -0.1751 0.4453 0.1087
0.6747 0.256 -0.6113 0.3248 0.591 0.038 -0.7427 0.3127 0.7898 -0.0712 -0.6013 -0.0983 0.7432 0.2504 -0.5923 -0.1846 0.4759 0.1453 -0.6518 0.5724 0.5012 0.2951 -0.6656 0.4676 0.8596 0.1013 0.287 0.4103 0.6455 0.1125 -0.7554 0.0112 0.7188 -0.2745 -0.6381 0.0284 0.8713 -0.1751 0.4453 0.1087
0.6747 0.256 -0.6113 0.3248 0.591 0.038 -0.7427 0.3127 0.7898 -0.0712 -0.6013 -0.0983 0.7432 0.2504 -0.5923 -0.1846 0.4759 0.1453 -0.6518 0.5724 0.5012 0.2951 -0.6656 0.4676 0.8596 0.1013 0.287 0.4103 0.6455 0.1125 -0.7554 0.0112 0.7188 -0.2745 -0.6381 0.0284 0.8713 -0.1751 0.4453 0.1087
0.6747 0.256 -0.6113 0.3248 0.591 0.038 -0.7427 0.3127 0.8029 -0.0667 -0.5731 -0.1503 0.6898 0.32 -0.5782 -0.2957 0.4759 0.1453 -0.6518 0.5724 0.5012 0.2951 -0.6656 0.4676 0.8596 0.1013 0.287 0.4103 0.6455 0.1125 -0.7554 0.0112 0.7188 -0.2745 -0.6381 0.0284 0.8713 -0.1751 0.4453 0.1087
0.6747 0.256 -0.6113 0.3248 0.591 0.038 -0.7427 0.3127 0.8029 -0.0667 -0.5731 -0.1503 0.6898 0.32 -0.5782 -0.2957 0.4759 0.1453 -0.6518 0.5724 0.5012 0.2951 -0.6656 0.4676 0.8596 0.1013 0.287 0.4103 0.6455 0.1125 -0.7554 0.0112 0.7188 -0.2745 -0.6381 0.0284 0.8713 -0.1751 0.4453 0.1087
0.6747 0.256 -0.6113 0.3248 0.591 0.038 -0.7427 0.3127 0.8029 -0.0667 -0.5731 -0.1503 0.6898 0.32 -0.5782 -0.2957 0.4759 0.1453 -0.6518 0.5724 0.5012 0.2951 -0.6656 0.4676 0.8195 0.0942 0.2265 0.5179 0.6455 0.1125 -0.7554 0.0112 0.7188 -0.2745 -0.6381 0.0284 0.8713 -0.1751 0.4453 0.1087
0.6747 0.256 -0.6113 0.3248 0.591 0.038 -0.7427 0.3127 0.8029 -0.0667 -0.5731 -0.1503 0.6898 0.32 -0.5782 -0.2957 0.4759 0.1453 -0.6518 0.5724 0.5012 0.2951 -0.6656 0.4676 0.8195 0.0942 0.2265 0.5179 0.6437 0.0806 -0.759 0.0556 0.7065 -0.3629 -0.5981 0.107 0.8713 -0.1751 0.4453 0.1087
0.6747 0.256 -0.6113 0.3248 0.591 0.038 -0.7427 0.3127 0.8029 -0.0667 -0.5731 -0.1503 0.6898 0.32 -0.5782 -0.2957 0.4759 0.1453 -0.6518 0.5724 0.477 0.3758 -0.6074 0.5122 0.8195 0.0942 0.2265 0.5179 0.6437 0.0806 -0.759 0.0556 0.7065 -0.3629 -0.5981 0.107 0.7477 -0.1954 0.6248 0.1107
0.6747 0.256 -0.6113 0.3248 0.591 0.038 -0.7427 0.3127 0.8029 -0.0667 -0.5731 -0.1503 0.6898 0.32 -0.5782 -0.2957 0.4759 0.1453 -0.6518 0.5724 0.477 0.3758 -0.6074 0.5122 0.8195 0.0942 0.2265 0.5179 0.6437 0.0806 -0.759 0.0556 0.7065 -0.3629 -0.5981 0.107 0.7477 -0.1954 0.6248 0.1107
0.6748 0.2432 -0.6243 0.3093 0.6542 0.0532 -0.7092 0.2574 0.8029 -0.0667 -0.5731 -0.1503 0.6846 0.3215 -0.5989 -0.2634 0.4579 0.1763 -0.692 0.5295 0.477 0.3758 -0.6074 0.5122 0.8195 0.0942 0.2265 0.5179 0.6437 0.0806 -0.759 0.0556 0.7065 -0.3629 -0.5981 0.107 0.7477 -0.1954 0.6248 0.1107
0.6748 0.2432 -0.6243 0.3093 0.6542 0.0532 -0.7092 0.2574 0.7889 -0.0351 -0.6054 -0.0988 0.6846 0.3215 -0.5989 -0.2634 0.4579 0.1763 -0.692 0.5295 0.477 0.3758 -0.6074 0.5122 0.8195 0.0942 0.2265 0.5179 0.6437 0.0806 -0.759 0.0556 0.7065 -0.3629 -0.5981 0.107 0.7477 -0.1954 0.6248 0.1107
0.6748 0.2432 -0.6243 0.3093 0.6542 0.0532 -0.7092 0.2574 0.7889 -0.0351 -0.6054 -0.0988 0.6846 0.3215 -0.5989 -0.2634 0.4579 0.1763 -0.692 0.5295 0.477 0.3758 -0.6074 0.5122 0.8195 0.0942 0.2265 0.5179 0.6437 0.0806 -0.759 0.0556 0.7065 -0.3629 -0.5981 0.107 0.7477 -0.1954 0.6248 0.1107
0.6748 0.2432 -0.6243 0.3093 0.6542 0.0532 -0.7092 0.2574 0.7889 -0.0351 -0.6054 -0.0988 0.6846 0.3215 -0.5989 -0.2634 0.4579 0.1763 -0.692 0.5295 0.477 0.3758 -0.6074 0.5122 0.8195 0.0942 0.2265 0.5179 0.6437 0.0806 -0.759 0.0556 0.7065 -0.3629 -0.5981 0.107 0.7477 -0.1954 0.6248 0.1107
0.6748 0.2432 -0.6243 0.3093 0.6542 0.0532 -0.7092 0.2574 0.7889 -0.0351 -0.6054 -0.0988 0.6846 0.3215 -0.5989 -0.2634 0.4579 0.1763 -0.692 0.5295 0.477 0.3758 -0.6074 0.5122 0.7963 -0.0524 0.338 0.4988 0.7055 0.146 -0.6934 0.0091 0.702 -0.372 -0.5364 0.2845 0.7477 -0.1954 0.6248 0.1107
0.6748 0.2432 -0.6243 0.3093 0.6542 0.0532 -0.7092 0.2574 0.7889 -0.0351 -0.6054 -0.0988 0.6846 0.3215 -0.5989 -0.2634 0.4579 0.1763 -0.692 0.5295 0.5128 0.488 -0.5173 0.4809 0.7963 -0.0524 0.338 0.4988 0.7055 0.146 -0.6934 0.0091 0.702 -0.372 -0.5364 0.2845 0.4879 -0.2205 0.8257 0.1774
0.6318 0.3026 -0.5959 0.3927 0.6542 0.0532 -0.7092 0.2574 0.7889 -0.0351 -0.6054 -0.0988 0.6846 0.3215 -0.5989 -0.2634 0.4579 0.1763 -0.692 0.5295 0.5128 0.488 -0.5173 0.4809 0.7963 -0.0524 0.338 0.4988 0.7055 0.146 -0.6934 0.0091 0.702 -0.372 -0.5364 0.2845 0.4879 -0.2205 0.8257 0.1774
0.6318 0.3026 -0.5959 0.3927 0.6542 0.0532 -0.7092 0.2574 0.7889 -0.0351 -0.6054 -0.0988 0.6846 0.3215 -0.5989 -0.2634 0.4579 0.1763 -0.692 0.5295 0.5128 0.488 -0.5173 0.4809 0.7963 -0.0524 0.338 0.4988 0.7055 0.146 -0.6934 0.0091 0.702 -0.372 -0.5364 0.2845 0.4879 -0.2205 0.8257 0.1774
0.6318 0.3026 -0.5959 0.3927 0.6542 0.0532 -0.7092 0.2574 0.7625 -0.0079 -0.6464 -0.0256 0.7321 0.2623 -0.6194 -0.1071 0.4849 0.2138 -0.7095 0.4646 0.5128 0.488 -0.5173 0.4809 0.7963 -0.0524 0.338 0.4988 0.7055 0.146 -0.6934 0.0091 0.702 -0.372 -0.5364 0.2845 0.4879 -0.2205 0.8257 0.1774
0.6318 0.3026 -0.5959 0.3927 0.6542 0.0532 -0.7092 0.2574 0.7625 -0.0079 -0.6464 -0.0256 0.7321 0.2623 -0.6194 -0.1071 0.4849 0.2138 -0.7095 0.4646 0.5128 0.488 -0.5173 0.4809 0.7963 -0.0524 0.338 0.4988 0.7055 0.146 -0.6934 0.0091 0.702 -0.372 -0.5364 0.2845 0.4879 -0.2205 0.8257 0.1774
0.6318 0.3026 -0.5959 0.3927 0.6542 0.0532 -0.7092 0.2574 0.7625 -0.0079 -0.6464 -0.0256 0.7321 0.2623 -0.6194 -0.1071 0.4849 0.2138 -0.7095 0.4646 0.5128 0.488 -0.5173 0.4809 0.7987 -0.0848 0.3567 0.4771 0.7055 0.146 -0.6934 0.0091 0.702 -0.372 -0.5364 0.2845 0.4879 -0.2205 0.8257 0.1774
0.6318 0.3026 -0.5959 0.3927 0.6542 0.0532 -0.7092 0.2574 0.7625 -0.0079 -0.6464 -0.0256 0.7321 0.2623 -0.6194 -0.1071 0.4849 0.2138 -0.7095 0.4646 0.5128 0.488 -0.5173 0.4809 0.7987 -0.0848 0.3567 0.4771 0.7521 0.1966 -0.6135 -0.1393 0.7092 -0.3246 -0.572 0.2539 0.4879 -0.2205 0.8257 0.1774
0.6318 0.3026 -0.5959 0.3927 0.6542 0.0532 -0.7092 0.2574 0.7625 -0.0079 -0.6464 -0.0256 0.7321 0.2623 -0.6194 -0.1071 0.4849 0.2138 -0.7095 0.4646 0.5469 0.5252 -0.4812 0.4399 0.7987 -0.0848 0.3567 0.4771 0.7521 0.1966 -0.6135 -0.1393 0.7092 -0.3246 -0.572 0.2539 0.6823 -0.2493 0.6609 0.1884
0.6318 0.3026 -0.5959 0.3927 0.6542 0.0532 -0.7092 0.2574 0.7625 -0.0079 -0.6464 -0.0256 0.7321 0.2623 -0.6194 -0.1071 0.4849 0.2138 -0.7095 0.4646 0.5469 0.5252 -0.4812 0.4399 0.7987 -0.0848 0.3567 0.4771 0.7521 0.1966 -0.6135 -0.1393 0.7092 -0.3246 -0.572 0.2539 0.6823 -0.2493 0.6609 0.1884
0.6318 0.3026 -0.5959 0.3927 0.6542 0.0532 -0.7092 0.2574 0.7625 -0.0079 -0.6464 -0.0256 0.7321 0.2623 -0.6194 -0.1071 0.4849 0.2138 -0.7095 0.4646 0.5469 0.5252 -0.4812 0.4399 0.7987 -0.0848 0.3567 0.4771 0.7521 0.1966 -0.6135 -0.1393 0.7092 -0.3246 -0.572 0.2539 0.6823 -0.2493 0.6609 0.1884
0.6318 0.3026 -0.5959 0.3927 0.5358 0.0398 -0.7569 0.3721 0.7417 0.0134 -0.6639 0.0942 0.7652 0.2175 -0.6043 0.0446 0.5069 0.2911 -0.7078 0.3967 0.5469 0.5252 -0.4812 0.4399 0.7987 -0.0848 0.3567 0.4771 0.7521 0.1966 -0.6135 -0.1393 0.7092 -0.3246 -0.572 0.2539 0.6823 -0.2493 0.6609 0.1884
0.6318 0.3026 -0.5959 0.3927 0.5358 0.0398 -0.7569 0.3721 0.7417 0.0134 -0.6639 0.0942 0.7652 0.2175 -0.6043 0.0446 0.5069 0.2911 -0.7078 0.3967 0.5469 0.5252 -0.4812 0.4399 0.7987 -0.0848 0.3567 0.4771 0.7521 0.1966 -0.6135 -0.1393 0.7092 -0.3246 -0.572 0.2539 0.6823 -0.2493 0.6609 0.1884
0.6318 0.3026 -0.5959 0.3927 0.5358 0.0398 -0.7569 0.3721 0.7417 0.0134 -0.6639 0.0942 0.7652 0.2175 -0.6043 0.0446 0.5069 0.2911 -0.7078 0.3967 0.5469 0.5252 -0.4812 0.4399 0.7983 -0.1224 0.3812 0.45 0.7521 0.1966 -0.6135 -0.1393 0.7092 -0.3246 -0.572 0.2539 0.6823 -0.2493 0.6609 0.1884
0.6318 0.3026 -0.5959 0.3927 0.5358 0.0398 -0.7569 0.3721 0.7417 0.0134 -0.6639 0.0942 0.7652 0.2175 -0.6043 0.0446 0.5069 0.2911 -0.7078 0.3967 0.5469 0.5252 -0.4812 0.4399 0.7983 -0.1224 0.3812 0.45 0.7521 0.1966 -0.6135 -0.1393 0.7092 -0.3246 -0.572 0.2539 0.6823 -0.2493 0.6609 0.1884
0.6318 0.3026 -0.5959 0.3927 0.5358 0.0398 -0.7569 0.3721 0.7417 0.0134 -0.6639 0.0942 0.7652 0.2175 -0.6043 0.0446 0.5069 0.2911 -0.7078 0.3967 0.579 0.5499 -0.4465 0.4038 0.7983 -0.1224 0.3812 0.45 0.7308 0.2468 -0.6075 -0.1898 0.7607 -0.1115 -0.6387 0.0293 0.9066 -0.2387 0.3203 0.1359
0.5607 0.3051 -0.5649 0.5229 0.5358 0.0398 -0.7569 0.3721 0.7417 0.0134 -0.6639 0.0942 0.7652 0.2175 -0.6043 0.0446 0.5069 0.2911 -0.7078 0.3967 0.579 0.5499 -0.4465 0.4038 0.7983 -0.1224 0.3812 0.45 0.7308 0.2468 -0.6075 -0.1898 0.7607 -0.1115 -0.6387 0.0293 0.9066 -0.2387 0.3203 0.1359
0.5607 0.3051 -0.5649 0.5229 0.4323 -0.0123 -0.8082 0.3998 0.7417 0.0134 -0.6639 0.0942 0.7842 0.1955 -0.5685 0.1537 0.5304 0.344 -0.7014 0.3291 0.579 0.5499 -0.4465 0.4038 0.7983 -0.1224 0.3812 0.45 0.7308 0.2468 -0.6075 -0.1898 0.7607 -0.1115 -0.6387 0.0293 0.9066 -0.2387 0.3203 0.1359
0.5607 0.3051 -0.5649 0.5229 0.4323 -0.0123 -0.8082 0.3998 0.7256 0.0248 -0.66 0.1927 0.7842 0.1955 -0.5685 0.1537 0.5304 0.344 -0.7014 0.3291 0.579 0.5499 -0.4465 0.4038 0.7983 -0.1224 0.3812 0.45 0.7308 0.2468 -0.6075 -0.1898 0.7607 -0.1115 -0.6387 0.0293 0.9066 -0.2387 0.3203 0.1359
0.5607 0.3051 -0.5649 0.5229 0.4323 -0.0123 -0.8082 0.3998 0.7256 0.0248 -0.66 0.1927 0.7842 0.1955 -0.5685 0.1537 0.5304 0.344 -0.7014 0.3291 0.579 0.5499 -0.4465 0.4038 0.7983 -0.1224 0.3812 0.45 0.7308 0.2468 -0.6075 -0.1898 0.7607 -0.1115 -0.6387 0.0293 0.9066 -0.2387 0.3203 0.1359
0.5607 0.3051 -0.5649 0.5229 0.4323 -0.0123 -0.8082 0.3998 0.7256 0.0248 -0.66 0.1927 0.7842 0.1955 -0.5685 0.1537 0.5304 0.344 -0.7014 0.3291 0.579 0.5499 -0.4465 0.4038 0.7983 -0.1224 0.3812 0.45 0.7308 0.2468 -0.6075 -0.1898 0.7607 -0.1115 -0.6387 0.0293 0.9066 -0.2387 0.3203 0.1359
0.5607 0.3051 -0.5649 0.5229 0.4323 -0.0123 -0.8082 0.3998 0.7256 0.0248 -0.66 0.1927 0.7842 0.1955 -0.5685 0.1537 0.5304 0.344 -0.7014 0.3291 0.579 0.5499 -0.4465 0.4038 0.7813 -0.1608 0.4413 0.4111 0.7279 0.1942 -0.6361 -0.1667 0.718 0.0869 -0.6724 -0.1579 0.9066 -0.2387 0.3203 0.1359
0.5607 0.3051 -0.5649 0.5229 0.4323 -0.0123 -0.8082 0.3998 0.7256 0.0248 -0.66 0.1927 0.7842 0.1955 -0.5685 0.1537 0.5304 0.344 -0.7014 0.3291 0.6253 0.5832 -0.3856 0.3467 0.7813 -0.1608 0.4413 0.4111 0.7279 0.1942 -0.6361 -0.1667 0.718 0.0869 -0.6724 -0.1579 0.9569 -0.2568 0.1241 0.0539
0.5607 0.3051 -0.5649 0.5229 0.4323 -0.0123 -0.8082 0.3998 0.7256 0.0248 -0.66 0.1927 0.7842 0.1955 -0.5685 0.1537 0.5304 0.344 -0.7014 0.3291 0.6253 0.5832 -0.3856 0.3467 0.7813 -0.1608 0.4413 0.4111 0.7279 0.1942 -0.6361 -0.1667 0.718 0.0869 -0.6724 -0.1579 0.9569 -0.2568 0.1241 0.0539
0.5524 0.2924 -0.572 0.5313 0.4323 -0.0123 -0.8082 0.3998 0.7256 0.0248 -0.66 0.1927 0.7834 0.2 -0.5391 0.2356 0.5593 0.3575 -0.6856 0.2988 0.6253 0.5832 -0.3856 0.3467 0.7813 -0.1608 0.4413 0.4111 0.7279 0.1942 -0.6361 -0.1667 0.718 0.0869 -0.6724 -0.1579 0.9569 -0.2568 0.1241 0.0539
0.5524 0.2924 -0.572 0.5313 0.4323 -0.0123 -0.8082 0.3998 0.7168 0.0504 -0.6536 0.2377 0.7834 0.2 -0.5391 0.2356 0.5593 0.3575 -0.6856 0.2988 0.6253 0.5832 -0.3856 0.3467 0.7813 -0.1608 0.4413 0.4111 0.7279 0.1942 -0.6361 -0.1667 0.718 0.0869 -0.6724 -0.1579 0.9569 -0.2568 0.1241 0.0539
0.5524 0.2924 -0.572 0.5313 0.4323 -0.0123 -0.8082 0.3998 0.7168 0.0504 -0.6536 0.2377 0.7834 0.2 -0.5391 0.2356 0.5593 0.3575 -0.6856 0.2988 0.6253 0.5832 -0.3856 0.3467 0.7813 -0.1608 0.4413 0.4111 0.7279 0.1942 -0.6361 -0.1667 0.718 0.0869 -0.6724 -0.1579 0.9569 -0.2568 0.1241 0.0539
0.5524 0.2924 -0.572 0.5313 0.4323 -0.0123 -0.8082 0.3998 0.7168 0.0504 -0.6536 0.2377 0.7834 0.2 -0.5391 0.2356 0.5593 0.3575 -0.6856 0.2988 0.6253 0.5832 -0.3856 0.3467 0.6211 -0.2747 0.6873 0.2578 0.7279 0.1942 -0.6361 -0.1667 0.718 0.0869 -0.6724 -0.1579 0.9569 -0.2568 0.1241 0.0539
0.5524 0.2924 -0.572 0.5313 0.4323 -0.0123 -0.8082 0.3998 0.7168 0.0504 -0.6536 0.2377 0.7834 0.2 -0.5391 0.2356 0.5593 0.3575 -0.6856 0.2988 0.6253 0.5832 -0.3856 0.3467 0.6211 -0.2747 0.6873 0.2578 0.7279 0.1942 -0.6361 -0.1667 0.718 0.0869 -0.6724 -0.1579 0.9146 -0.1989 0.3466 0.0621
0.5524 0.2924 -0.572 0.5313 0.4323 -0.0123 -0.8082 0.3998 0.7168 0.0504 -0.6536 0.2377 0.7834 0.2 -0.5391 0.2356 0.5593 0.3575 -0.6856 0.2988 0.7274 0.5892 -0.2871 0.2032 0.6211 -0.2747 0.6873 0.2578 0.7279 0.1942 -0.6361 -0.1667 0.718 0.0869 -0.6724 -0.1579 0.9146 -0.1989 0.3466 0.0621
0.5524 0.2924 -0.572 0.5313 0.4649 -0.0276 -0.8042 0.3692 0.7168 0.0504 -0.6536 0.2377 0.7834 0.2 -0.5391 0.2356 0.5593 0.3575 -0.6856 0.2988 0.7274 0.5892 -0.2871 0.2032 0.6211 -0.2747 0.6873 0.2578 0.7279 0.1942 -0.6361 -0.1667 0.718 0.0869 -0.6724 -0.1579 0.9146 -0.1989 0.3466 0.0621
0.5524 0.2924 -0.572 0.5313 0.4649 -0.0276 -0.8042 0.3692 0.7168 0.0504 -0.6536 0.2377 0.7939 0.1854 -0.5511 0.1777 0.571 0.2331 -0.6833 0.3906 0.7274 0.5892 -0.2871 0.2032 0.6211 -0.2747 0.6873 0.2578 0.7279 0.1942 -0.6361 -0.1667 0.718 0.0869 -0.6724 -0.1579 0.9146 -0.1989 0.3466 0.0621
0.5524 0.2924 -0.572 0.5313 0.4649 -0.0276 -0.8042 0.3692 0.7335 0.0024 -0.6656 0.1376 0.7939 0.1854 -0.5511 0.1777 0.571 0.2331 -0.6833 0.3906 0.7274 0.5892 -0.2871 0.2032 0.6211 -0.2747 0.6873 0.2578 0.7279 0.1942 -0.6361 -0.1667 0.718 0.0869 -0.6724 -0.1579 0.9146 -0.1989 0.3466 0.0621
0.5524 0.2924 -0.572 0.5313 0.4649 -0.0276 -0.8042 0.3692 0.7335 0.0024 -0.6656 0.1376 0.7939 0.1854 -0.5511 0.1777 0.571 0.2331 -0.6833 0.3906 0.7274 0.5892 -0.2871 0.2032 0.6211 -0.2747 0.6873 0.2578 0.7279 0.1942 -0.6361 -0.1667 0.718 0.0869 -0.6724 -0.1579 0.9146 -0.1989 0.3466 0.0621
0.5524 0.2924 -0.572 0.5313 0.4649 -0.0276 -0.8042 0.3692 0.7335 0.0024 -0.6656 0.1376 0.7939 0.1854 -0.5511 0.1777 0.571 0.2331 -0.6833 0.3906 0.7274 0.5892 -0.2871 0.2032 0.6311 -0.2869 0.6831 0.2299 0.7279 0.1942 -0.6361 -0.1667 0.718 0.0869 -0.6724 -0.1579 0.9146 -0.1989 0.3466 0.0621
0.5524 0.2924 -0.572 0.5313 0.4649 -0.0276 -0.8042 0.3692 0.7335 0.0024 -0.6656 0.1376 0.7939 0.1854 -0.5511 0.1777 0.571 0.2331 -0.6833 0.3906 0.7274 0.5892 -0.2871 0.2032 0.6311 -0.2869 0.6831 0.2299 0.7279 0.1942 -0.6361 -0.1667 0.7233 -0.1823 -0.6626 -0.0681 0.9146 -0.1989 0.3466 0.0621
0.5524 0.2924 -0.572 0.5313 0.4649 -0.0276 -0.8042 0.3692 0.7335 0.0024 -0.6656 0.1376 0.7939 0.1854 -0.5511 0.1777 0.571 0.2331 -0.6833 0.3906 0.731 0.5692 -0.3176 0.2019 0.6311 -0.2869 0.6831 0.2299 0.7279 0.1942 -0.6361 -0.1667 0.7233 -0.1823 -0.6626 -0.0681 0.8995 -0.1807 0.3886 0.0854
0.5524 0.2924 -0.572 0.5313 0.4649 -0.0276 -0.8042 0.3692 0.7335 0.0024 -0.6656 0.1376 0.7939 0.1854 -0.5511 0.1777 0.571 0.2331 -0.6833 0.3906 0.731 0.5692 -0.3176 0.2019 0.6311 -0.2869 0.6831 0.2299 0.7279 0.1942 -0.6361 -0.1667 0.7233 -0.1823 -0.6626 -0.0681 0.8995 -0.1807 0.3886 0.0854
0.6078 0.2527 -0.6165 0.4319 0.4649 -0.0276 -0.8042 0.3692 0.7335 0.0024 -0.6656 0.1376 0.7939 0.1854 -0.5511 0.1777 0.5214 0.1308 -0.6665 0.5165 0.731 0.5692 -0.3176 0.2019 0.6311 -0.2869 0.6831 0.2299 0.7279 0.1942 -0.6361 -0.1667 0.7233 -0.1823 -0.6626 -0.0681 0.8995 -0.1807 0.3886 0.0854
0.6078 0.2527 -0.6165 0.4319 0.4649 -0.0276 -0.8042 0.3692 0.7723 -0.0405 -0.6339 0.009 0.7938 0.1945 -0.5759 -0.0198 0.5214 0.1308 -0.6665 0.5165 0.731 0.5692 -0.3176 0.2019 0.6311 -0.2869 0.6831 0.2299 0.7279 0.1942 -0.6361 -0.1667 0.7233 -0.1823 -0.6626 -0.0681 0.8995 -0.1807 0.3886 0.0854
0.6078 0.2527 -0.6165 0.4319 0.4649 -0.0276 -0.8042 0.3692 0.7723 -0.0405 -0.6339 0.009 0.7938 0.1945 -0.5759 -0.0198 0.5214 0.1308 -0.6665 0.5165 0.731 0.5692 -0.3176 0.2019 0.6311 -0.2869 0.6831 0.2299 0.7279 0.1942 -0.6361 -0.1667 0.7233 -0.1823 -0.6626 -0.0681 0.8995 -0.1807 0.3886 0.0854
0.6078 0.2527 -0.6165 0.4319 0.4649 -0.0276 -0.8042 0.3692 0.7723 -0.0405 -0.6339 0.009 0.7938 0.1945 -0.5759 -0.0198 0.5214 0.1308 -0.6665 0.5165 0.731 0.5692 -0.3176 0.2019 0.6311 -0.2869 0.6831 0.2299 0.7279 0.1942 -0.6361 -0.1667 0.7233 -0.1823 -0.6626 -0.0681 0.8995 -0.1807 0.3886 0.0854
0.6078 0.2527 -0.6165 0.4319 0.4649 -0.0276 -0.8042 0.3692 0.7723 -0.0405 -0.6339 0.009 0.7938 0.1945 -0.5759 -0.0198 0.5214 0.1308 -0.6665 0.5165 0.731 0.5692 -0.3176 0.2019 0.806 -0.0756 0.4744 0.3456 0.663 0.1449 -0.7332 -0.0428 0.7249 -0.2183 -0.6533 -0.0109 0.8874 -0.179 0.4131 0.0992
0.6078 0.2527 -0.6165 0.4319 0.4649 -0.0276 -0.8042 0.3692 0.7723 -0.0405 -0.6339 0.009 0.7938 0.1945 -0.5759 -0.0198 0.5214 0.1308 -0.6665 0.5165 0.6387 0.4067 -0.5493 0.3534 0.806 -0.0756 0.4744 0.3456 0.663 0.1449 -0.7332 -0.0428 0.7249 -0.2183 -0.6533 -0.0109 0.8874 -0.179 0.4131 0.0992
0.655 0.2391 -0.6204 0.3591 0.4649 -0.0276 -0.8042 0.3692 0.7723 -0.0405 -0.6339 0.009 0.7938 0.1945 -0.5759 -0.0198 0.5214 0.1308 -0.6665 0.5165 0.6387 0.4067 -0.5493 0.3534 0.806 -0.0756 0.4744 0.3456 0.663 0.1449 -0.7332 -0.0428 0.7249 -0.2183 -0.6533 -0.0109 0.8874 -0.179 0.4131 0.0992
0.655 0.2391 -0.6204 0.3591 0.4649 -0.0276 -0.8042 0.3692 0.7723 -0.0405 -0.6339 0.009 0.7938 0.1945 -0.5759 -0.0198 0.5214 0.1308 -0.6665 0.5165 0.6387 0.4067 -0.5493 0.3534 0.806 -0.0756 0.4744 0.3456 0.663 0.1449 -0.7332 -0.0428 0.7249 -0.2183 -0.6533 -0.0109 0.8874 -0.179 0.4131 0.0992
0.655 0.2391 -0.6204 0.3591 0.4649 -0.0276 -0.8042 0.3692 0.8063 -0.0622 -0.579 -0.1035 0.7493 0.2748 -0.5698 -0.196 0.462 0.1495 -0.6666 0.5656 0.6387 0.4067 -0.5493 0.3534 0.806 -0.0756 0.4744 0.3456 0.663 0.1449 -0.7332 -0.0428 0.7249 -0.2183 -0.6533 -0.0109 0.8874 -0.179 0.4131 0.0992
0.655 0.2391 -0.6204 0.3591 0.4649 -0.0276 -0.8042 0.3692 0.8063 -0.0622 -0.579 -0.1035 0.7493 0.2748 -0.5698 -0.196 0.462 0.1495 -0.6666 0.5656 0.6387 0.4067 -0.5493 0.3534 0.806 -0.0756 0.4744 0.3456 0.663 0.1449 -0.7332 -0.0428 0.7249 -0.2183 -0.6533 -0.0109 0.8874 -0.179 0.4131 0.0992
0.655 0.2391 -0.6204 0.3591 0.4649 -0.0276 -0.8042 0.3692 0.8063 -0.0622 -0.579 -0.1035 0.7493 0.2748 -0.5698 -0.196 0.462 0.1495 -0.6666 0.5656 0.6387 0.4067 -0.5493 0.3534 0.8309 0.1156 0.2248 0.4956 0.663 0.1449 -0.7332 -0.0428 0.7249 -0.2183 -0.6533 -0.0109 0.8874 -0.179 0.4131 0.0992
0.655 0.2391 -0.6204 0.3591 0.4649 -0.0276 -0.8042 0.3692 0.8063 -0.0622 -0.579 -0.1035 0.7493 0.2748 -0.5698 -0.196 0.462 0.1495 -0.6666 0.5656 0.6387 0.4067 -0.5493 0.3534 0.8309 0.1156 0.2248 0.4956 0.651 0.1191 -0.749 0.0311 0.7261 -0.2722 -0.6293 0.0505 0.8621 -0.1797 0.4597 0.1147
0.655 0.2391 -0.6204 0.3591 0.4649 -0.0276 -0.8042 0.3692 0.8063 -0.0622 -0.579 -0.1035 0.7493 0.2748 -0.5698 -0.196 0.462 0.1495 -0.6666 0.5656 0.4711 0.3011 -0.65 0.5148 0.8309 0.1156 0.2248 0.4956 0.651 0.1191 -0.749 0.0311 0.7261 -0.2722 -0.6293 0.0505 0.8621 -0.1797 0.4597 0.1147
0.655 0.2391 -0.6204 0.3591 0.4649 -0.0276 -0.8042 0.3692 0.8063 -0.0622 -0.579 -0.1035 0.7493 0.2748 -0.5698 -0.196 0.462 0.1495 -0.6666 0.5656 0.4711 0.3011 -0.65 0.5148 0.8309 0.1156 0.2248 0.4956 0.651 0.1191 -0.749 0.0311 0.7261 -0.2722 -0.6293 0.0505 0.8621 -0.1797 0.4597 0.1147
0.655 0.2391 -0.6204 0.3591 0.4649 -0.0276 -0.8042 0.3692 0.8063 -0.0622 -0.579 -0.1035 0.7493 0.2748 -0.5698 -0.196 0.462 0.1495 -0.6666 0.5656 0.4711 0.3011 -0.65 0.5148 0.8309 0.1156 0.2248 0.4956 0.651 0.1191 -0.749 0.0311 0.7261 -0.2722 -0.6293 0.0505 0.8621 -0.1797 0.4597 0.1147
0.655 0.2391 -0.6204 0.3591 0.4649 -0.0276 -0.8042 0.3692 0.8141 -0.0547 -0.5598 -0.1442 0.7 0.3392 -0.5619 -0.2817 0.4463 0.2001 -0.6658 0.5634 0.4711 0.3011 -0.65 0.5148 0.8309 0.1156 0.2248 0.4956 0.651 0.1191 -0.749 0.0311 0.7261 -0.2722 -0.6293 0.0505 0.8621 -0.1797 0.4597 0.1147
0.655 0.2391 -0.6204 0.3591 0.4649 -0.0276 -0.8042 0.3692 0.8141 -0.0547 -0.5598 -0.1442 0.7 0.3392 -0.5619 -0.2817 0.4463 0.2001 -0.6658 0.5634 0.4711 0.3011 -0.65 0.5148 0.8309 0.1156 0.2248 0.4956 0.651 0.1191 -0.749 0.0311 0.7261 -0.2722 -0.6293 0.0505 0.8621 -0.1797 0.4597 0.1147
0.655 0.2391 -0.6204 0.3591 0.4649 -0.0276 -0.8042 0.3692 0.8141 -0.0547 -0.5598 -0.1442 0.7 0.3392 -0.5619 -0.2817 0.4463 0.2001 -0.6658 0.5634 0.4711 0.3011 -0.65 0.5148 0.8229 0.0502 0.2583 0.5036 0.651 0.1191 -0.749 0.0311 0.7261 -0.2722 -0.6293 0.0505 0.8621 -0.1797 0.4597 0.1147
0.655 0.2391 -0.6204 0.3591 0.4649 -0.0276 -0.8042 0.3692 0.8141 -0.0547 -0.5598 -0.1442 0.7 0.3392 -0.5619 -0.2817 0.4463 0.2001 -0.6658 0.5634 0.4711 0.3011 -0.65 0.5148 0.8229 0.0502 0.2583 0.5036 0.6622 0.1006 -0.7404 0.0566 0.7261 -0.2722 -0.6293 0.0505 0.8621 -0.1797 0.4597 0.1147
0.655 0.2391 -0.6204 0.3591 0.4649 -0.0276 -0.8042 0.3692 0.8141 -0.0547 -0.5598 -0.1442 0.7 0.3392 -0.5619 -0.2817 0.4463 0.2001 -0.6658 0.5634 0.4991 0.4207 -0.5737 0.4948 0.8229 0.0502 0.2583 0.5036 0.6622 0.1006 -0.7404 0.0566 0.7261 -0.2722 -0.6293 0.0505 0.6865 -0.2107 0.6827 0.1352
0.6828 0.2116 -0.6364 0.2898 0.4649 -0.0276 -0.8042 0.3692 0.8141 -0.0547 -0.5598 -0.1442 0.7 0.3392 -0.5619 -0.2817 0.4463 0.2001 -0.6658 0.5634 0.4991 0.4207 -0.5737 0.4948 0.8229 0.0502 0.2583 0.5036 0.6622 0.1006 -0.7404 0.0566 0.7261 -0.2722 -0.6293 0.0505 0.6865 -0.2107 0.6827 0.1352
0.6828 0.2116 -0.6364 0.2898 0.4649 -0.0276 -0.8042 0.3692 0.8141 -0.0547 -0.5598 -0.1442 0.7 0.3392 -0.5619 -0.2817 0.4463 0.2001 -0.6658 0.5634 0.4991 0.4207 -0.5737 0.4948 0.8229 0.0502 0.2583 0.5036 0.6622 0.1006 -0.7404 0.0566 0.7261 -0.2722 -0.6293 0.0505 0.6865 -0.2107 0.6827 0.1352
0.6828 0.2116 -0.6364 0.2898 0.4649 -0.0276 -0.8042 0.3692 0.7975 -0.0076 -0.5989 -0.0721 0.6888 0.3375 -0.5906 -0.2505 0.4557 0.1854 -0.7003 0.5173 0.4991 0.4207 -0.5737 0.4948 0.8229 0.0502 0.2583 0.5036 0.6622 0.1006 -0.7404 0.0566 0.7261 -0.2722 -0.6293 0.0505 0.6865 -0.2107 0.6827 0.1352
0.6828 0.2116 -0.6364 0.2898 0.4649 -0.0276 -0.8042 0.3692 0.7975 -0.0076 -0.5989 -0.0721 0.6888 0.3375 -0.5906 -0.2505 0.4557 0.1854 -0.7003 0.5173 0.4991 0.4207 -0.5737 0.4948 0.8229 0.0502 0.2583 0.5036 0.6622 0.1006 -0.7404 0.0566 0.7261 -0.2722 -0.6293 0.0505 0.6865 -0.2107 0.6827 0.1352
0.6828 0.2116 -0.6364 0.2898 0.4649 -0.0276 -0.8042 0.3692 0.7975 -0.0076 -0.5989 -0.0721 0.6888 0.3375 -0.5906 -0.2505 0.4557 0.1854 -0.7003 0.5173 0.4991 0.4207 -0.5737 0.4948 0.8047 -0.0485 0.3409 0.4835 0.6622 0.1006 -0.7404 0.0566 0.7261 -0.2722 -0.6293 0.0505 0.6865 -0.2107 0.6827 0.1352
0.6828 0.2116 -0.6364 0.2898 0.4649 -0.0276 -0.8042 0.3692 0.7975 -0.0076 -0.5989 -0.0721 0.6888 0.3375 -0.5906 -0.2505 0.4557 0.1854 -0.7003 0.5173 0.4991 0.4207 -0.5737 0.4948 0.8047 -0.0485 0.3409 0.4835 0.7371 0.1881 -0.6488 -0.0197 0.707 -0.3609 -0.5256 0.306 0.6865 -0.2107 0.6827 0.1352
0.6828 0.2116 -0.6364 0.2898 0.4649 -0.0276 -0.8042 0.3692 0.7975 -0.0076 -0.5989 -0.0721 0.6888 0.3375 -0.5906 -0.2505 0.4557 0.1854 -0.7003 0.5173 0.5299 0.5043 -0.517 0.4445 0.8047 -0.0485 0.3409 0.4835 0.7371 0.1881 -0.6488 -0.0197 0.707 -0.3609 -0.5256 0.306 0.5159 -0.2092 0.8033 0.2115
0.6828 0.2116 -0.6364 0.2898 0.6223 0.0085 -0.7169 0.314 0.7975 -0.0076 -0.5989 -0.0721 0.6888 0.3375 -0.5906 -0.2505 0.4557 0.1854 -0.7003 0.5173 0.5299 0.5043 -0.517 0.4445 0.8047 -0.0485 0.3409 0.4835 0.7371 0.1881 -0.6488 -0.0197 0.707 -0.3609 -0.5256 0.306 0.5159 -0.2092 0.8033 0.2115
0.6828 0.2116 -0.6364 0.2898 0.6223 0.0085 -0.7169 0.314 0.7975 -0.0076 -0.5989 -0.0721 0.6888 0.3375 -0.5906 -0.2505 0.4557 0.1854 -0.7003 0.5173 0.5299 0.5043 -0.517 0.4445 0.8047 -0.0485 0.3409 0.4835 0.7371 0.1881 -0.6488 -0.0197 0.707 -0.3609 -0.5256 0.306 0.5159 -0.2092 0.8033 0.2115
0.6828 0.2116 -0.6364 0.2898 0.6223 0.0085 -0.7169 0.314 0.7705 0.0107 -0.637 -0.0221 0.7361 0.2666 -0.6153 -0.0916 0.48 0.2281 -0.7165 0.4518 0.5299 0.5043 -0.517 0.4445 0.8047 -0.0485 0.3409 0.4835 0.7371 0.1881 -0.6488 -0.0197 0.707 -0.3609 -0.5256 0.306 0.5159 -0.2092 0.8033 0.2115
0.6828 0.2116 -0.6364 0.2898 0.6223 0.0085 -0.7169 0.314 0.7705 0.0107 -0.637 -0.0221 0.7361 0.2666 -0.6153 -0.0916 0.48 0.2281 -0.7165 0.4518 0.5299 0.5043 -0.517 0.4445 0.8047 -0.0485 0.3409 0.4835 0.7371 0.1881 -0.6488 -0.0197 0.707 -0.3609 -0.5256 0.306 0.5159 -0.2092 0.8033 0.2115
0.6828 0.2116 -0.6364 0.2898 0.6223 0.0085 -0.7169 0.314 0.7705 0.0107 -0.637 -0.0221 0.7361 0.2666 -0.6153 -0.0916 0.48 0.2281 -0.7165 0.4518 0.5299 0.5043 -0.517 0.4445 0.8042 -0.0681 0.3621 0.4664 0.7371 0.1881 -0.6488 -0.0197 0.707 -0.3609 -0.5256 0.306 0.5159 -0.2092 0.8033 0.2115
0.6828 0.2116 -0.6364 0.2898 0.6223 0.0085 -0.7169 0.314 0.7705 0.0107 -0.637 -0.0221 0.7361 0.2666 -0.6153 -0.0916 0.48 0.2281 -0.7165 0.4518 0.5299 0.5043 -0.517 0.4445 0.8042 -0.0681 0.3621 0.4664 0.7371 0.1881 -0.6488 -0.0197 0.707 -0.3609 -0.5256 0.306 0.5159 -0.2092 0.8033 0.2115
0.6828 0.2116 -0.6364 0.2898 0.6223 0.0085 -0.7169 0.314 0.7705 0.0107 -0.637 -0.0221 0.7361 0.2666 -0.6153 -0.0916 0.48 0.2281 -0.7165 0.4518 0.5624 0.5244 -0.494 0.4058 0.8042 -0.0681 0.3621 0.4664 0.761 0.2161 -0.5903 -0.1605 0.7332 -0.296 -0.5731 0.2153 0.7245 -0.2532 0.6173 0.1729
0.6231 0.2728 -0.5898 0.4352 0.6223 0.0085 -0.7169 0.314 0.7705 0.0107 -0.637 -0.0221 0.7361 0.2666 -0.6153 -0.0916 0.48 0.2281 -0.7165 0.4518 0.5624 0.5244 -0.494 0.4058 0.8042 -0.0681 0.3621 0.4664 0.761 0.2161 -0.5903 -0.1605 0.7332 -0.296 -0.5731 0.2153 0.7245 -0.2532 0.6173 0.1729
0.6231 0.2728 -0.5898 0.4352 0.6223 0.0085 -0.7169 0.314 0.7444 0.0358 -0.6598 0.0956 0.7599 0.2502 -0.5961 0.0677 0.5098 0.2596 -0.7207 0.3914 0.5624 0.5244 -0.494 0.4058 0.8042 -0.0681 0.3621 0.4664 0.761 0.2161 -0.5903 -0.1605 0.7332 -0.296 -0.5731 0.2153 0.7245 -0.2532 0.6173 0.1729
