rt-uaw rt-uax rt-uay rt-uaz rt-faw rt-fax rt-fay rt-faz rt-thw rt-thx rt-thy rt-thz rt-llw rt-llx rt-lly rt-llz rt-ftw rt-ftx rt-fty rt-ftz lt-uaw lt-uax lt-uay lt-uaz lt-faw lt-fax lt-fay lt-faz lt-thw lt-thx lt-thy lt-thz lt-llw lt-llx lt-lly lt-llz lt-ftw lt-ftx lt-fty lt-ftz 
0.771 -0.0726 -0.6308 -0.0493 0.6373 -0.292 -0.7131 -0.0065 0.7293 -0.2559 -0.6071 -0.1844 0.7816 0.1305 -0.6063 -0.0669 0.6333 0.1456 -0.7248 0.2289 0.7672 -0.0184 -0.6408 -0.023 0.949 0.0558 0.3042 -0.0607 0.6564 0.1823 -0.6978 0.2213 0.703 -0.0781 -0.694 -0.1348 0.9345 0.037 0.3477 0.0663
0.771 -0.0726 -0.6308 -0.0493 0.6373 -0.292 -0.7131 -0.0065 0.7293 -0.2559 -0.6071 -0.1844 0.7816 0.1305 -0.6063 -0.0669 0.6333 0.1456 -0.7248 0.2289 0.7672 -0.0184 -0.6408 -0.023 0.949 0.0558 0.3042 -0.0607 0.6564 0.1823 -0.6978 0.2213 0.703 -0.0781 -0.694 -0.1348 0.9345 0.037 0.3477 0.0663
0.7707 -0.0693 -0.6315 -0.0491 0.6373 -0.292 -0.7131 -0.0065 0.7291 -0.2562 -0.6083 -0.1811 0.7816 0.1305 -0.6063 -0.0669 0.6333 0.1456 -0.7248 0.2289 0.7672 -0.0184 -0.6408 -0.023 0.9465 0.0573 0.3115 -0.0623 0.6564 0.1823 -0.6978 0.2213 0.703 -0.0781 -0.694 -0.1348 0.9345 0.037 0.3477 0.0663
0.7707 -0.0693 -0.6315 -0.0491 0.6373 -0.292 -0.7131 -0.0065 0.7291 -0.2562 -0.6083 -0.1811 0.7816 0.1305 -0.6063 -0.0669 0.6333 0.1456 -0.7248 0.2289 0.7672 -0.0184 -0.6408 -0.023 0.9465 0.0573 0.3115 -0.0623 0.6564 0.1823 -0.6978 0.2213 0.703 -0.0781 -0.694 -0.1348 0.9345 0.037 0.3477 0.0663
0.7707 -0.0693 -0.6315 -0.0491 0.6373 -0.292 -0.7131 -0.0065 0.7291 -0.2562 -0.6083 -0.1811 0.7816 0.1305 -0.6063 -0.0669 0.6333 0.1456 -0.7248 0.2289 0.7672 -0.0184 -0.6408 -0.023 0.9465 0.0573 0.3115 -0.0623 0.6564 0.1823 -0.6978 0.2213 0.703 -0.0781 -0.694 -0.1348 0.9345 0.037 0.3477 0.0663
0.7707 -0.0693 -0.6315 -0.0491 0.6373 -0.292 -0.7131 -0.0065 0.7291 -0.2562 -0.6083 -0.1811 0.7816 0.1305 -0.6063 -0.0669 0.6333 0.1456 -0.7248 0.2289 0.7672 -0.0184 -0.6408 -0.023 0.9465 0.0573 0.3115 -0.0623 0.6564 0.1823 -0.6978 0.2213 0.703 -0.0781 -0.694 -0.1348 0.9345 0.037 0.3477 0.0663
0.7707 -0.0693 -0.6315 -0.0491 0.6373 -0.292 -0.7131 -0.0065 0.7291 -0.2562 -0.6083 -0.1811 0.7816 0.1305 -0.6063 -0.0669 0.6333 0.1456 -0.7248 0.2289 0.7672 -0.0184 -0.6408 -0.023 0.9465 0.0573 0.3115 -0.0623 0.6564 0.1823 -0.6978 0.2213 0.7017 -0.0845 -0.6937 -0.1385 0.939 0.0363 0.3352 0.0675
0.7707 -0.0693 -0.6315 -0.0491 0.6373 -0.292 -0.7131 -0.0065 0.7291 -0.2562 -0.6083 -0.1811 0.7816 0.1305 -0.6063 -0.0669 0.6307 0.1443 -0.7244 0.2379 0.7672 -0.0184 -0.6408 -0.023 0.9465 0.0573 0.3115 -0.0623 0.6564 0.1823 -0.6978 0.2213 0.7017 -0.0845 -0.6937 -0.1385 0.939 0.0363 0.3352 0.0675
0.7715 -0.0708 -0.6298 -0.0563 0.6373 -0.292 -0.7131 -0.0065 0.7291 -0.2562 -0.6083 -0.1811 0.7816 0.1305 -0.6063 -0.0669 0.6307 0.1443 -0.7244 0.2379 0.7672 -0.0184 -0.6408 -0.023 0.9465 0.0573 0.3115 -0.0623 0.6564 0.1823 -0.6978 0.2213 0.7017 -0.0845 -0.6937 -0.1385 0.939 0.0363 0.3352 0.0675
0.7715 -0.0708 -0.6298 -0.0563 0.6373 -0.292 -0.7131 -0.0065 0.7308 -0.2557 -0.6083 -0.1747 0.7816 0.1305 -0.6063 -0.0669 0.6307 0.1443 -0.7244 0.2379 0.7672 -0.0184 -0.6408 -0.023 0.9472 0.0541 0.3096 -0.0636 0.6564 0.1823 -0.6978 0.2213 0.7017 -0.0845 -0.6937 -0.1385 0.939 0.0363 0.3352 0.0675
0.7715 -0.0708 -0.6298 -0.0563 0.6373 -0.292 -0.7131 -0.0065 0.7308 -0.2557 -0.6083 -0.1747 0.7816 0.1305 -0.6063 -0.0669 0.6307 0.1443 -0.7244 0.2379 0.7672 -0.0184 -0.6408 -0.023 0.9472 0.0541 0.3096 -0.0636 0.6564 0.1823 -0.6978 0.2213 0.7017 -0.0845 -0.6937 -0.1385 0.939 0.0363 0.3352 0.0675
0.7715 -0.0708 -0.6298 -0.0563 0.6373 -0.292 -0.7131 -0.0065 0.7308 -0.2557 -0.6083 -0.1747 0.7816 0.1305 -0.6063 -0.0669 0.6307 0.1443 -0.7244 0.2379 0.7672 -0.0184 -0.6408 -0.023 0.9472 0.0541 0.3096 -0.0636 0.6564 0.1823 -0.6978 0.2213 0.7017 -0.0845 -0.6937 -0.1385 0.939 0.0363 0.3352 0.0675
0.7715 -0.0708 -0.6298 -0.0563 0.6373 -0.292 -0.7131 -0.0065 0.7308 -0.2557 -0.6083 -0.1747 0.7856 0.115 -0.605 -0.0593 0.6307 0.1443 -0.7244 0.2379 0.7637 0.0085 -0.6453 -0.0203 0.9472 0.0541 0.3096 -0.0636 0.6564 0.1823 -0.6978 0.2213 0.7017 -0.0845 -0.6937 -0.1385 0.9419 0.0375 0.3268 0.0679
0.7715 -0.0708 -0.6298 -0.0563 0.6373 -0.292 -0.7131 -0.0065 0.7308 -0.2557 -0.6083 -0.1747 0.7856 0.115 -0.605 -0.0593 0.6307 0.1443 -0.7244 0.2379 0.7637 0.0085 -0.6453 -0.0203 0.9472 0.0541 0.3096 -0.0636 0.6564 0.1823 -0.6978 0.2213 0.7053 -0.0861 -0.6896 -0.14 0.9419 0.0375 0.3268 0.0679
0.7715 -0.0708 -0.6298 -0.0563 0.6373 -0.292 -0.7131 -0.0065 0.7308 -0.2557 -0.6083 -0.1747 0.7856 0.115 -0.605 -0.0593 0.6274 0.1467 -0.7275 0.2359 0.7637 0.0085 -0.6453 -0.0203 0.9472 0.0541 0.3096 -0.0636 0.6564 0.1823 -0.6978 0.2213 0.7053 -0.0861 -0.6896 -0.14 0.9419 0.0375 0.3268 0.0679
0.7764 -0.0699 -0.623 -0.0643 0.6373 -0.292 -0.7131 -0.0065 0.7308 -0.2557 -0.6083 -0.1747 0.7856 0.115 -0.605 -0.0593 0.6274 0.1467 -0.7275 0.2359 0.7637 0.0085 -0.6453 -0.0203 0.9472 0.0541 0.3096 -0.0636 0.6564 0.1823 -0.6978 0.2213 0.7053 -0.0861 -0.6896 -0.14 0.9419 0.0375 0.3268 0.0679
0.7764 -0.0699 -0.623 -0.0643 0.6373 -0.292 -0.7131 -0.0065 0.733 -0.2673 -0.6027 -0.1677 0.7856 0.115 -0.605 -0.0593 0.6274 0.1467 -0.7275 0.2359 0.7637 0.0085 -0.6453 -0.0203 0.9481 0.0535 0.3071 -0.0624 0.6564 0.1823 -0.6978 0.2213 0.7053 -0.0861 -0.6896 -0.14 0.9419 0.0375 0.3268 0.0679
0.7764 -0.0699 -0.623 -0.0643 0.6373 -0.292 -0.7131 -0.0065 0.733 -0.2673 -0.6027 -0.1677 0.7856 0.115 -0.605 -0.0593 0.6274 0.1467 -0.7275 0.2359 0.7637 0.0085 -0.6453 -0.0203 0.9481 0.0535 0.3071 -0.0624 0.6564 0.1823 -0.6978 0.2213 0.7053 -0.0861 -0.6896 -0.14 0.9419 0.0375 0.3268 0.0679
0.7764 -0.0699 -0.623 -0.0643 0.6373 -0.292 -0.7131 -0.0065 0.733 -0.2673 -0.6027 -0.1677 0.7856 0.115 -0.605 -0.0593 0.6274 0.1467 -0.7275 0.2359 0.7637 0.0085 -0.6453 -0.0203 0.9481 0.0535 0.3071 -0.0624 0.6564 0.1823 -0.6978 0.2213 0.7053 -0.0861 -0.6896 -0.14 0.9419 0.0375 0.3268 0.0679
0.7764 -0.0699 -0.623 -0.0643 0.6373 -0.292 -0.7131 -0.0065 0.733 -0.2673 -0.6027 -0.1677 0.7856 0.115 -0.605 -0.0593 0.6274 0.1467 -0.7275 0.2359 0.7637 0.0085 -0.6453 -0.0203 0.9481 0.0535 0.3071 -0.0624 0.6564 0.1823 -0.6978 0.2213 0.7053 -0.0861 -0.6896 -0.14 0.9405 0.0377 0.3306 0.0692
0.7764 -0.0699 -0.623 -0.0643 0.6373 -0.292 -0.7131 -0.0065 0.733 -0.2673 -0.6027 -0.1677 0.7856 0.115 -0.605 -0.0593 0.6274 0.1467 -0.7275 0.2359 0.7637 0.0085 -0.6453 -0.0203 0.9481 0.0535 0.3071 -0.0624 0.6564 0.1823 -0.6978 0.2213 0.7174 -0.0942 -0.6769 -0.135 0.9405 0.0377 0.3306 0.0692
0.7764 -0.0699 -0.623 -0.0643 0.6373 -0.292 -0.7131 -0.0065 0.733 -0.2673 -0.6027 -0.1677 0.7856 0.115 -0.605 -0.0593 0.6193 0.1497 -0.7347 0.233 0.7637 0.0085 -0.6453 -0.0203 0.9481 0.0535 0.3071 -0.0624 0.6564 0.1823 -0.6978 0.2213 0.7174 -0.0942 -0.6769 -0.135 0.9405 0.0377 0.3306 0.0692
0.7781 -0.0595 -0.6219 -0.0645 0.6373 -0.292 -0.7131 -0.0065 0.733 -0.2673 -0.6027 -0.1677 0.7856 0.115 -0.605 -0.0593 0.6193 0.1497 -0.7347 0.233 0.7637 0.0085 -0.6453 -0.0203 0.9481 0.0535 0.3071 -0.0624 0.6564 0.1823 -0.6978 0.2213 0.7174 -0.0942 -0.6769 -0.135 0.9405 0.0377 0.3306 0.0692
0.7781 -0.0595 -0.6219 -0.0645 0.6373 -0.292 -0.7131 -0.0065 0.7438 -0.2752 -0.594 -0.1348 0.7856 0.115 -0.605 -0.0593 0.6193 0.1497 -0.7347 0.233 0.7637 0.0085 -0.6453 -0.0203 0.9485 0.0511 0.3066 -0.0606 0.6564 0.1823 -0.6978 0.2213 0.7174 -0.0942 -0.6769 -0.135 0.9405 0.0377 0.3306 0.0692
0.7781 -0.0595 -0.6219 -0.0645 0.6373 -0.292 -0.7131 -0.0065 0.7438 -0.2752 -0.594 -0.1348 0.7856 0.115 -0.605 -0.0593 0.6193 0.1497 -0.7347 0.233 0.7637 0.0085 -0.6453 -0.0203 0.9485 0.0511 0.3066 -0.0606 0.6564 0.1823 -0.6978 0.2213 0.7174 -0.0942 -0.6769 -0.135 0.9405 0.0377 0.3306 0.0692
0.7781 -0.0595 -0.6219 -0.0645 0.6373 -0.292 -0.7131 -0.0065 0.7438 -0.2752 -0.594 -0.1348 0.7856 0.115 -0.605 -0.0593 0.6193 0.1497 -0.7347 0.233 0.7637 0.0085 -0.6453 -0.0203 0.9485 0.0511 0.3066 -0.0606 0.6564 0.1823 -0.6978 0.2213 0.7174 -0.0942 -0.6769 -0.135 0.9405 0.0377 0.3306 0.0692
0.7781 -0.0595 -0.6219 -0.0645 0.6254 -0.2798 -0.7278 -0.0291 0.7438 -0.2752 -0.594 -0.1348 0.8 0.0876 -0.5932 -0.0197 0.6193 0.1497 -0.7347 0.233 0.752 0.0528 -0.6564 -0.027 0.9485 0.0511 0.3066 -0.0606 0.6791 0.1448 -0.6896 0.2053 0.7174 -0.0942 -0.6769 -0.135 0.9405 0.0377 0.3306 0.0692
0.7781 -0.0595 -0.6219 -0.0645 0.6254 -0.2798 -0.7278 -0.0291 0.7438 -0.2752 -0.594 -0.1348 0.8 0.0876 -0.5932 -0.0197 0.6193 0.1497 -0.7347 0.233 0.752 0.0528 -0.6564 -0.027 0.9485 0.0511 0.3066 -0.0606 0.6791 0.1448 -0.6896 0.2053 0.7522 -0.1425 -0.6375 -0.0867 0.9226 0.0438 0.3767 0.0706
0.7781 -0.0595 -0.6219 -0.0645 0.6254 -0.2798 -0.7278 -0.0291 0.7438 -0.2752 -0.594 -0.1348 0.8 0.0876 -0.5932 -0.0197 0.6157 0.1445 -0.7431 0.2186 0.752 0.0528 -0.6564 -0.027 0.9485 0.0511 0.3066 -0.0606 0.6791 0.1448 -0.6896 0.2053 0.7522 -0.1425 -0.6375 -0.0867 0.9226 0.0438 0.3767 0.0706
0.778 -0.0304 -0.6247 -0.0592 0.6254 -0.2798 -0.7278 -0.0291 0.7438 -0.2752 -0.594 -0.1348 0.8 0.0876 -0.5932 -0.0197 0.6157 0.1445 -0.7431 0.2186 0.752 0.0528 -0.6564 -0.027 0.9485 0.0511 0.3066 -0.0606 0.6791 0.1448 -0.6896 0.2053 0.7522 -0.1425 -0.6375 -0.0867 0.9226 0.0438 0.3767 0.0706
0.778 -0.0304 -0.6247 -0.0592 0.6254 -0.2798 -0.7278 -0.0291 0.7488 -0.2817 -0.5915 -0.0999 0.8 0.0876 -0.5932 -0.0197 0.6157 0.1445 -0.7431 0.2186 0.752 0.0528 -0.6564 -0.027 0.9506 0.0513 0.3 -0.0599 0.6791 0.1448 -0.6896 0.2053 0.7522 -0.1425 -0.6375 -0.0867 0.9226 0.0438 0.3767 0.0706
0.778 -0.0304 -0.6247 -0.0592 0.6254 -0.2798 -0.7278 -0.0291 0.7488 -0.2817 -0.5915 -0.0999 0.8 0.0876 -0.5932 -0.0197 0.6157 0.1445 -0.7431 0.2186 0.752 0.0528 -0.6564 -0.027 0.9506 0.0513 0.3 -0.0599 0.6791 0.1448 -0.6896 0.2053 0.7522 -0.1425 -0.6375 -0.0867 0.9226 0.0438 0.3767 0.0706
0.778 -0.0304 -0.6247 -0.0592 0.6182 -0.2606 -0.7411 -0.0264 0.7488 -0.2817 -0.5915 -0.0999 0.8045 0.0864 -0.5871 0.025 0.6157 0.1445 -0.7431 0.2186 0.752 0.0528 -0.6564 -0.027 0.9506 0.0513 0.3 -0.0599 0.7546 0.1274 -0.6318 0.1226 0.7522 -0.1425 -0.6375 -0.0867 0.9226 0.0438 0.3767 0.0706
0.778 -0.0304 -0.6247 -0.0592 0.6182 -0.2606 -0.7411 -0.0264 0.7488 -0.2817 -0.5915 -0.0999 0.8045 0.0864 -0.5871 0.025 0.6157 0.1445 -0.7431 0.2186 0.752 0.0528 -0.6564 -0.027 0.9506 0.0513 0.3 -0.0599 0.7546 0.1274 -0.6318 0.1226 0.7522 -0.1425 -0.6375 -0.0867 0.9226 0.0438 0.3767 0.0706
0.778 -0.0304 -0.6247 -0.0592 0.6182 -0.2606 -0.7411 -0.0264 0.7488 -0.2817 -0.5915 -0.0999 0.8045 0.0864 -0.5871 0.025 0.6157 0.1445 -0.7431 0.2186 0.7437 0.0758 -0.6632 -0.0358 0.9506 0.0513 0.3 -0.0599 0.7546 0.1274 -0.6318 0.1226 0.7522 -0.1425 -0.6375 -0.0867 0.8495 0.0464 0.5214 0.0659
0.778 -0.0304 -0.6247 -0.0592 0.6182 -0.2606 -0.7411 -0.0264 0.7488 -0.2817 -0.5915 -0.0999 0.8045 0.0864 -0.5871 0.025 0.6157 0.1445 -0.7431 0.2186 0.7437 0.0758 -0.6632 -0.0358 0.9506 0.0513 0.3 -0.0599 0.7546 0.1274 -0.6318 0.1226 0.7522 -0.1425 -0.6375 -0.0867 0.8495 0.0464 0.5214 0.0659
0.778 -0.0304 -0.6247 -0.0592 0.6182 -0.2606 -0.7411 -0.0264 0.7488 -0.2817 -0.5915 -0.0999 0.8045 0.0864 -0.5871 0.025 0.6208 0.1461 -0.7451 0.1952 0.7437 0.0758 -0.6632 -0.0358 0.9506 0.0513 0.3 -0.0599 0.7546 0.1274 -0.6318 0.1226 0.7809 -0.1851 -0.5966 1.0E-4 0.8495 0.0464 0.5214 0.0659
0.7798 -0.0054 -0.6249 -0.0372 0.6182 -0.2606 -0.7411 -0.0264 0.7514 -0.2737 -0.5982 -0.0513 0.8045 0.0864 -0.5871 0.025 0.6208 0.1461 -0.7451 0.1952 0.7437 0.0758 -0.6632 -0.0358 0.9461 0.0466 0.314 -0.0646 0.7546 0.1274 -0.6318 0.1226 0.7809 -0.1851 -0.5966 1.0E-4 0.8495 0.0464 0.5214 0.0659
0.7798 -0.0054 -0.6249 -0.0372 0.6182 -0.2606 -0.7411 -0.0264 0.7514 -0.2737 -0.5982 -0.0513 0.8045 0.0864 -0.5871 0.025 0.6208 0.1461 -0.7451 0.1952 0.7437 0.0758 -0.6632 -0.0358 0.9461 0.0466 0.314 -0.0646 0.7546 0.1274 -0.6318 0.1226 0.7809 -0.1851 -0.5966 1.0E-4 0.8495 0.0464 0.5214 0.0659
0.7798 -0.0054 -0.6249 -0.0372 0.6182 -0.2606 -0.7411 -0.0264 0.7514 -0.2737 -0.5982 -0.0513 0.8045 0.0864 -0.5871 0.025 0.6208 0.1461 -0.7451 0.1952 0.7437 0.0758 -0.6632 -0.0358 0.9461 0.0466 0.314 -0.0646 0.8005 0.1296 -0.5834 0.0449 0.7809 -0.1851 -0.5966 1.0E-4 0.8495 0.0464 0.5214 0.0659
0.7798 -0.0054 -0.6249 -0.0372 0.6182 -0.2606 -0.7411 -0.0264 0.7514 -0.2737 -0.5982 -0.0513 0.8045 0.0864 -0.5871 0.025 0.6208 0.1461 -0.7451 0.1952 0.7437 0.0758 -0.6632 -0.0358 0.9461 0.0466 0.314 -0.0646 0.8005 0.1296 -0.5834 0.0449 0.7809 -0.1851 -0.5966 1.0E-4 0.8896 0.0272 0.4559 0.0105
0.7798 -0.0054 -0.6249 -0.0372 0.6182 -0.2606 -0.7411 -0.0264 0.7514 -0.2737 -0.5982 -0.0513 0.8045 0.0864 -0.5871 0.025 0.6208 0.1461 -0.7451 0.1952 0.7437 0.0758 -0.6632 -0.0358 0.9461 0.0466 0.314 -0.0646 0.8005 0.1296 -0.5834 0.0449 0.7356 -0.1818 -0.6501 -0.0558 0.8896 0.0272 0.4559 0.0105
0.7798 -0.0054 -0.6249 -0.0372 0.6182 -0.2606 -0.7411 -0.0264 0.7514 -0.2737 -0.5982 -0.0513 0.8045 0.0864 -0.5871 0.025 0.6261 0.1508 -0.7443 0.1766 0.7437 0.0758 -0.6632 -0.0358 0.9461 0.0466 0.314 -0.0646 0.8005 0.1296 -0.5834 0.0449 0.7356 -0.1818 -0.6501 -0.0558 0.8896 0.0272 0.4559 0.0105
0.7719 0.009 -0.6355 -0.016 0.6182 -0.2606 -0.7411 -0.0264 0.7514 -0.2737 -0.5982 -0.0513 0.8045 0.0864 -0.5871 0.025 0.6261 0.1508 -0.7443 0.1766 0.7437 0.0758 -0.6632 -0.0358 0.9461 0.0466 0.314 -0.0646 0.8005 0.1296 -0.5834 0.0449 0.7356 -0.1818 -0.6501 -0.0558 0.8896 0.0272 0.4559 0.0105
0.7719 0.009 -0.6355 -0.016 0.6182 -0.2606 -0.7411 -0.0264 0.7457 -0.2781 -0.6047 -0.0285 0.8045 0.0864 -0.5871 0.025 0.6261 0.1508 -0.7443 0.1766 0.7437 0.0758 -0.6632 -0.0358 0.9364 0.0331 0.3405 -0.078 0.8005 0.1296 -0.5834 0.0449 0.7356 -0.1818 -0.6501 -0.0558 0.8896 0.0272 0.4559 0.0105
0.7719 0.009 -0.6355 -0.016 0.6182 -0.2606 -0.7411 -0.0264 0.7457 -0.2781 -0.6047 -0.0285 0.8045 0.0864 -0.5871 0.025 0.6261 0.1508 -0.7443 0.1766 0.7437 0.0758 -0.6632 -0.0358 0.9364 0.0331 0.3405 -0.078 0.8005 0.1296 -0.5834 0.0449 0.7356 -0.1818 -0.6501 -0.0558 0.8896 0.0272 0.4559 0.0105
0.7719 0.009 -0.6355 -0.016 0.6182 -0.2606 -0.7411 -0.0264 0.7457 -0.2781 -0.6047 -0.0285 0.8045 0.0864 -0.5871 0.025 0.6261 0.1508 -0.7443 0.1766 0.7437 0.0758 -0.6632 -0.0358 0.9364 0.0331 0.3405 -0.078 0.8005 0.1296 -0.5834 0.0449 0.7356 -0.1818 -0.6501 -0.0558 0.8896 0.0272 0.4559 0.0105
0.7719 0.009 -0.6355 -0.016 0.6182 -0.2606 -0.7411 -0.0264 0.7457 -0.2781 -0.6047 -0.0285 0.7962 0.1024 -0.592 0.0714 0.6261 0.1508 -0.7443 0.1766 0.7426 0.1356 -0.6507 -0.0819 0.9364 0.0331 0.3405 -0.078 0.8005 0.1296 -0.5834 0.0449 0.7356 -0.1818 -0.6501 -0.0558 0.9598 0.0879 0.2656 -0.0225
0.7719 0.009 -0.6355 -0.016 0.6182 -0.2606 -0.7411 -0.0264 0.7457 -0.2781 -0.6047 -0.0285 0.7962 0.1024 -0.592 0.0714 0.6261 0.1508 -0.7443 0.1766 0.7426 0.1356 -0.6507 -0.0819 0.9364 0.0331 0.3405 -0.078 0.8005 0.1296 -0.5834 0.0449 0.66 -0.0941 -0.7068 -0.2368 0.9598 0.0879 0.2656 -0.0225
0.7719 0.009 -0.6355 -0.016 0.6182 -0.2606 -0.7411 -0.0264 0.7457 -0.2781 -0.6047 -0.0285 0.7962 0.1024 -0.592 0.0714 0.6284 0.189 -0.7368 0.1631 0.7426 0.1356 -0.6507 -0.0819 0.9364 0.0331 0.3405 -0.078 0.8005 0.1296 -0.5834 0.0449 0.66 -0.0941 -0.7068 -0.2368 0.9598 0.0879 0.2656 -0.0225
0.7719 0.009 -0.6355 -0.016 0.6182 -0.2606 -0.7411 -0.0264 0.7457 -0.2781 -0.6047 -0.0285 0.7962 0.1024 -0.592 0.0714 0.6284 0.189 -0.7368 0.1631 0.7426 0.1356 -0.6507 -0.0819 0.9364 0.0331 0.3405 -0.078 0.8005 0.1296 -0.5834 0.0449 0.66 -0.0941 -0.7068 -0.2368 0.9598 0.0879 0.2656 -0.0225
0.7785 0.0358 -0.6266 0.0044 0.6182 -0.2606 -0.7411 -0.0264 0.7457 -0.2781 -0.6047 -0.0285 0.7962 0.1024 -0.592 0.0714 0.6284 0.189 -0.7368 0.1631 0.7426 0.1356 -0.6507 -0.0819 0.9189 0.0203 0.3845 -0.0859 0.8005 0.1296 -0.5834 0.0449 0.66 -0.0941 -0.7068 -0.2368 0.9598 0.0879 0.2656 -0.0225
0.7785 0.0358 -0.6266 0.0044 0.6182 -0.2606 -0.7411 -0.0264 0.7457 -0.2781 -0.6047 -0.0285 0.7962 0.1024 -0.592 0.0714 0.6284 0.189 -0.7368 0.1631 0.7426 0.1356 -0.6507 -0.0819 0.9189 0.0203 0.3845 -0.0859 0.8005 0.1296 -0.5834 0.0449 0.66 -0.0941 -0.7068 -0.2368 0.9598 0.0879 0.2656 -0.0225
0.7785 0.0358 -0.6266 0.0044 0.6182 -0.2606 -0.7411 -0.0264 0.7457 -0.2781 -0.6047 -0.0285 0.7921 0.1245 -0.5931 0.0732 0.6284 0.189 -0.7368 0.1631 0.7426 0.1356 -0.6507 -0.0819 0.9189 0.0203 0.3845 -0.0859 0.8005 0.1296 -0.5834 0.0449 0.66 -0.0941 -0.7068 -0.2368 0.9598 0.0879 0.2656 -0.0225
0.7785 0.0358 -0.6266 0.0044 0.6182 -0.2606 -0.7411 -0.0264 0.7457 -0.2781 -0.6047 -0.0285 0.7921 0.1245 -0.5931 0.0732 0.6284 0.189 -0.7368 0.1631 0.7466 0.1734 -0.6316 -0.1161 0.9189 0.0203 0.3845 -0.0859 0.8005 0.1296 -0.5834 0.0449 0.6353 -0.0497 -0.7208 -0.2727 0.9755 0.1087 0.1913 0.0089
0.7785 0.0358 -0.6266 0.0044 0.6182 -0.2606 -0.7411 -0.0264 0.7457 -0.2781 -0.6047 -0.0285 0.7921 0.1245 -0.5931 0.0732 0.6426 0.1998 -0.7252 0.1453 0.7466 0.1734 -0.6316 -0.1161 0.9189 0.0203 0.3845 -0.0859 0.8005 0.1296 -0.5834 0.0449 0.6353 -0.0497 -0.7208 -0.2727 0.9755 0.1087 0.1913 0.0089
0.7785 0.0358 -0.6266 0.0044 0.6182 -0.2606 -0.7411 -0.0264 0.7457 -0.2781 -0.6047 -0.0285 0.7921 0.1245 -0.5931 0.0732 0.6426 0.1998 -0.7252 0.1453 0.7466 0.1734 -0.6316 -0.1161 0.9189 0.0203 0.3845 -0.0859 0.8005 0.1296 -0.5834 0.0449 0.6353 -0.0497 -0.7208 -0.2727 0.9755 0.1087 0.1913 0.0089
0.7785 0.0358 -0.6266 0.0044 0.6182 -0.2606 -0.7411 -0.0264 0.7457 -0.2781 -0.6047 -0.0285 0.7921 0.1245 -0.5931 0.0732 0.6426 0.1998 -0.7252 0.1453 0.7466 0.1734 -0.6316 -0.1161 0.9189 0.0203 0.3845 -0.0859 0.8005 0.1296 -0.5834 0.0449 0.6353 -0.0497 -0.7208 -0.2727 0.9755 0.1087 0.1913 0.0089
0.7954 0.02 -0.6053 -0.0247 0.6182 -0.2606 -0.7411 -0.0264 0.7419 -0.2566 -0.6177 -0.0479 0.7921 0.1245 -0.5931 0.0732 0.6426 0.1998 -0.7252 0.1453 0.7466 0.1734 -0.6316 -0.1161 0.8618 0.0102 0.4996 -0.087 0.8005 0.1296 -0.5834 0.0449 0.6353 -0.0497 -0.7208 -0.2727 0.9755 0.1087 0.1913 0.0089
0.7954 0.02 -0.6053 -0.0247 0.6182 -0.2606 -0.7411 -0.0264 0.7419 -0.2566 -0.6177 -0.0479 0.7921 0.1245 -0.5931 0.0732 0.6426 0.1998 -0.7252 0.1453 0.7466 0.1734 -0.6316 -0.1161 0.8618 0.0102 0.4996 -0.087 0.7474 0.1422 -0.6473 0.0458 0.6353 -0.0497 -0.7208 -0.2727 0.9755 0.1087 0.1913 0.0089
0.7954 0.02 -0.6053 -0.0247 0.6659 -0.2062 -0.7169 -0.0079 0.7419 -0.2566 -0.6177 -0.0479 0.7921 0.1245 -0.5931 0.0732 0.6426 0.1998 -0.7252 0.1453 0.7466 0.1734 -0.6316 -0.1161 0.8618 0.0102 0.4996 -0.087 0.7474 0.1422 -0.6473 0.0458 0.6353 -0.0497 -0.7208 -0.2727 0.9755 0.1087 0.1913 0.0089
0.7954 0.02 -0.6053 -0.0247 0.6659 -0.2062 -0.7169 -0.0079 0.7419 -0.2566 -0.6177 -0.0479 0.7812 0.1212 -0.61 0.0537 0.6426 0.1998 -0.7252 0.1453 0.7408 0.2488 -0.5881 -0.2086 0.8618 0.0102 0.4996 -0.087 0.7474 0.1422 -0.6473 0.0458 0.6437 -0.13 -0.7136 -0.2442 0.9548 0.0765 0.2871 -0.0092
0.7954 0.02 -0.6053 -0.0247 0.6659 -0.2062 -0.7169 -0.0079 0.7419 -0.2566 -0.6177 -0.0479 0.7812 0.1212 -0.61 0.0537 0.6426 0.1998 -0.7252 0.1453 0.7408 0.2488 -0.5881 -0.2086 0.8618 0.0102 0.4996 -0.087 0.7474 0.1422 -0.6473 0.0458 0.6437 -0.13 -0.7136 -0.2442 0.9548 0.0765 0.2871 -0.0092
0.7954 0.02 -0.6053 -0.0247 0.6659 -0.2062 -0.7169 -0.0079 0.7419 -0.2566 -0.6177 -0.0479 0.7812 0.1212 -0.61 0.0537 0.6426 0.1998 -0.7252 0.1453 0.7408 0.2488 -0.5881 -0.2086 0.8618 0.0102 0.4996 -0.087 0.7474 0.1422 -0.6473 0.0458 0.6437 -0.13 -0.7136 -0.2442 0.9548 0.0765 0.2871 -0.0092
0.7954 0.02 -0.6053 -0.0247 0.6659 -0.2062 -0.7169 -0.0079 0.709 -0.3187 -0.611 -0.1495 0.7812 0.1212 -0.61 0.0537 0.6613 0.1439 -0.6996 0.2294 0.7408 0.2488 -0.5881 -0.2086 0.8618 0.0102 0.4996 -0.087 0.7474 0.1422 -0.6473 0.0458 0.6437 -0.13 -0.7136 -0.2442 0.9548 0.0765 0.2871 -0.0092
0.7954 0.02 -0.6053 -0.0247 0.6659 -0.2062 -0.7169 -0.0079 0.709 -0.3187 -0.611 -0.1495 0.7812 0.1212 -0.61 0.0537 0.6613 0.1439 -0.6996 0.2294 0.7408 0.2488 -0.5881 -0.2086 0.5705 0.0171 0.8058 -0.1574 0.7474 0.1422 -0.6473 0.0458 0.6437 -0.13 -0.7136 -0.2442 0.9548 0.0765 0.2871 -0.0092
0.7954 0.02 -0.6053 -0.0247 0.6659 -0.2062 -0.7169 -0.0079 0.709 -0.3187 -0.611 -0.1495 0.7812 0.1212 -0.61 0.0537 0.6613 0.1439 -0.6996 0.2294 0.7408 0.2488 -0.5881 -0.2086 0.5705 0.0171 0.8058 -0.1574 0.7474 0.1422 -0.6473 0.0458 0.6437 -0.13 -0.7136 -0.2442 0.9548 0.0765 0.2871 -0.0092
0.7954 0.02 -0.6053 -0.0247 0.6659 -0.2062 -0.7169 -0.0079 0.709 -0.3187 -0.611 -0.1495 0.772 0.0889 -0.6257 -0.0677 0.6613 0.1439 -0.6996 0.2294 0.7511 0.2072 -0.5121 -0.3616 0.5705 0.0171 0.8058 -0.1574 0.7474 0.1422 -0.6473 0.0458 0.6437 -0.13 -0.7136 -0.2442 0.9548 0.0765 0.2871 -0.0092
0.7954 0.02 -0.6053 -0.0247 0.6659 -0.2062 -0.7169 -0.0079 0.709 -0.3187 -0.611 -0.1495 0.772 0.0889 -0.6257 -0.0677 0.6613 0.1439 -0.6996 0.2294 0.7511 0.2072 -0.5121 -0.3616 0.5705 0.0171 0.8058 -0.1574 0.7474 0.1422 -0.6473 0.0458 0.6437 -0.13 -0.7136 -0.2442 0.9548 0.0765 0.2871 -0.0092
0.7954 0.02 -0.6053 -0.0247 0.6659 -0.2062 -0.7169 -0.0079 0.709 -0.3187 -0.611 -0.1495 0.772 0.0889 -0.6257 -0.0677 0.6613 0.1439 -0.6996 0.2294 0.7511 0.2072 -0.5121 -0.3616 0.5705 0.0171 0.8058 -0.1574 0.7474 0.1422 -0.6473 0.0458 0.652 -0.1606 -0.7176 -0.1848 0.9467 0.0504 0.318 -0.0142
0.7954 0.02 -0.6053 -0.0247 0.6659 -0.2062 -0.7169 -0.0079 0.709 -0.3187 -0.611 -0.1495 0.772 0.0889 -0.6257 -0.0677 0.6498 0.0297 -0.6824 0.3334 0.7511 0.2072 -0.5121 -0.3616 0.5705 0.0171 0.8058 -0.1574 0.7474 0.1422 -0.6473 0.0458 0.652 -0.1606 -0.7176 -0.1848 0.9467 0.0504 0.318 -0.0142
0.7954 0.02 -0.6053 -0.0247 0.6659 -0.2062 -0.7169 -0.0079 0.709 -0.3187 -0.611 -0.1495 0.772 0.0889 -0.6257 -0.0677 0.6498 0.0297 -0.6824 0.3334 0.7511 0.2072 -0.5121 -0.3616 0.5705 0.0171 0.8058 -0.1574 0.7474 0.1422 -0.6473 0.0458 0.652 -0.1606 -0.7176 -0.1848 0.9467 0.0504 0.318 -0.0142
0.787 -0.0474 -0.5898 -0.1747 0.6659 -0.2062 -0.7169 -0.0079 0.7073 -0.3613 -0.5576 -0.2413 0.772 0.0889 -0.6257 -0.0677 0.6498 0.0297 -0.6824 0.3334 0.7511 0.2072 -0.5121 -0.3616 0.6902 0.0529 0.7056 -0.1516 0.7474 0.1422 -0.6473 0.0458 0.652 -0.1606 -0.7176 -0.1848 0.9467 0.0504 0.318 -0.0142
0.787 -0.0474 -0.5898 -0.1747 0.6659 -0.2062 -0.7169 -0.0079 0.7073 -0.3613 -0.5576 -0.2413 0.772 0.0889 -0.6257 -0.0677 0.6498 0.0297 -0.6824 0.3334 0.7511 0.2072 -0.5121 -0.3616 0.6902 0.0529 0.7056 -0.1516 0.7474 0.1422 -0.6473 0.0458 0.652 -0.1606 -0.7176 -0.1848 0.9467 0.0504 0.318 -0.0142
0.787 -0.0474 -0.5898 -0.1747 0.6659 -0.2062 -0.7169 -0.0079 0.7073 -0.3613 -0.5576 -0.2413 0.772 0.0889 -0.6257 -0.0677 0.6498 0.0297 -0.6824 0.3334 0.7511 0.2072 -0.5121 -0.3616 0.6902 0.0529 0.7056 -0.1516 0.7474 0.1422 -0.6473 0.0458 0.652 -0.1606 -0.7176 -0.1848 0.9467 0.0504 0.318 -0.0142
0.787 -0.0474 -0.5898 -0.1747 0.6659 -0.2062 -0.7169 -0.0079 0.7073 -0.3613 -0.5576 -0.2413 0.7643 0.103 -0.6125 -0.1734 0.6498 0.0297 -0.6824 0.3334 0.7443 0.1697 -0.6091 -0.215 0.6902 0.0529 0.7056 -0.1516 0.7474 0.1422 -0.6473 0.0458 0.652 -0.1606 -0.7176 -0.1848 0.9384 0.0582 0.3405 -0.0143
0.787 -0.0474 -0.5898 -0.1747 0.6659 -0.2062 -0.7169 -0.0079 0.7073 -0.3613 -0.5576 -0.2413 0.7643 0.103 -0.6125 -0.1734 0.6498 0.0297 -0.6824 0.3334 0.7443 0.1697 -0.6091 -0.215 0.6902 0.0529 0.7056 -0.1516 0.7474 0.1422 -0.6473 0.0458 0.6705 -0.1844 -0.7064 -0.1321 0.9384 0.0582 0.3405 -0.0143
0.787 -0.0474 -0.5898 -0.1747 0.6659 -0.2062 -0.7169 -0.0079 0.7073 -0.3613 -0.5576 -0.2413 0.7643 0.103 -0.6125 -0.1734 0.5996 -0.0035 -0.6651 0.4451 0.7443 0.1697 -0.6091 -0.215 0.6902 0.0529 0.7056 -0.1516 0.7474 0.1422 -0.6473 0.0458 0.6705 -0.1844 -0.7064 -0.1321 0.9384 0.0582 0.3405 -0.0143
0.787 -0.0474 -0.5898 -0.1747 0.6659 -0.2062 -0.7169 -0.0079 0.7073 -0.3613 -0.5576 -0.2413 0.7643 0.103 -0.6125 -0.1734 0.5996 -0.0035 -0.6651 0.4451 0.7443 0.1697 -0.6091 -0.215 0.6902 0.0529 0.7056 -0.1516 0.7474 0.1422 -0.6473 0.0458 0.6705 -0.1844 -0.7064 -0.1321 0.9384 0.0582 0.3405 -0.0143
0.7668 -0.0638 -0.5952 -0.2316 0.6659 -0.2062 -0.7169 -0.0079 0.724 -0.3191 -0.5453 -0.2767 0.7643 0.103 -0.6125 -0.1734 0.5996 -0.0035 -0.6651 0.4451 0.7443 0.1697 -0.6091 -0.215 0.8995 0.0836 0.4257 -0.0516 0.7474 0.1422 -0.6473 0.0458 0.6705 -0.1844 -0.7064 -0.1321 0.9384 0.0582 0.3405 -0.0143
0.7668 -0.0638 -0.5952 -0.2316 0.6659 -0.2062 -0.7169 -0.0079 0.724 -0.3191 -0.5453 -0.2767 0.7643 0.103 -0.6125 -0.1734 0.5996 -0.0035 -0.6651 0.4451 0.7443 0.1697 -0.6091 -0.215 0.8995 0.0836 0.4257 -0.0516 0.7474 0.1422 -0.6473 0.0458 0.6705 -0.1844 -0.7064 -0.1321 0.9384 0.0582 0.3405 -0.0143
0.7668 -0.0638 -0.5952 -0.2316 0.6659 -0.2062 -0.7169 -0.0079 0.724 -0.3191 -0.5453 -0.2767 0.7505 0.1823 -0.6029 -0.2002 0.5996 -0.0035 -0.6651 0.4451 0.7372 -0.0402 -0.6698 0.0793 0.8995 0.0836 0.4257 -0.0516 0.7474 0.1422 -0.6473 0.0458 0.6705 -0.1844 -0.7064 -0.1321 0.9249 0.0701 0.3734 -0.0185
0.7668 -0.0638 -0.5952 -0.2316 0.6659 -0.2062 -0.7169 -0.0079 0.724 -0.3191 -0.5453 -0.2767 0.7505 0.1823 -0.6029 -0.2002 0.5996 -0.0035 -0.6651 0.4451 0.7372 -0.0402 -0.6698 0.0793 0.8995 0.0836 0.4257 -0.0516 0.7474 0.1422 -0.6473 0.0458 0.6705 -0.1844 -0.7064 -0.1321 0.9249 0.0701 0.3734 -0.0185
0.7668 -0.0638 -0.5952 -0.2316 0.6659 -0.2062 -0.7169 -0.0079 0.724 -0.3191 -0.5453 -0.2767 0.7505 0.1823 -0.6029 -0.2002 0.5996 -0.0035 -0.6651 0.4451 0.7372 -0.0402 -0.6698 0.0793 0.8995 0.0836 0.4257 -0.0516 0.7474 0.1422 -0.6473 0.0458 0.6705 -0.1844 -0.7064 -0.1321 0.9249 0.0701 0.3734 -0.0185
0.7668 -0.0638 -0.5952 -0.2316 0.6659 -0.2062 -0.7169 -0.0079 0.724 -0.3191 -0.5453 -0.2767 0.7505 0.1823 -0.6029 -0.2002 0.5795 0.061 -0.6862 0.4354 0.7372 -0.0402 -0.6698 0.0793 0.8995 0.0836 0.4257 -0.0516 0.7474 0.1422 -0.6473 0.0458 0.6957 -0.2178 -0.6804 -0.0746 0.9249 0.0701 0.3734 -0.0185
0.7668 -0.0638 -0.5952 -0.2316 0.6659 -0.2062 -0.7169 -0.0079 0.724 -0.3191 -0.5453 -0.2767 0.7505 0.1823 -0.6029 -0.2002 0.5795 0.061 -0.6862 0.4354 0.7372 -0.0402 -0.6698 0.0793 0.8995 0.0836 0.4257 -0.0516 0.7474 0.1422 -0.6473 0.0458 0.6957 -0.2178 -0.6804 -0.0746 0.9249 0.0701 0.3734 -0.0185
0.7642 -0.0837 -0.5888 -0.2498 0.6659 -0.2062 -0.7169 -0.0079 0.7205 -0.351 -0.5158 -0.3026 0.7505 0.1823 -0.6029 -0.2002 0.5795 0.061 -0.6862 0.4354 0.7372 -0.0402 -0.6698 0.0793 0.9909 0.0778 0.109 -0.0104 0.7474 0.1422 -0.6473 0.0458 0.6957 -0.2178 -0.6804 -0.0746 0.9249 0.0701 0.3734 -0.0185
0.7642 -0.0837 -0.5888 -0.2498 0.6659 -0.2062 -0.7169 -0.0079 0.7205 -0.351 -0.5158 -0.3026 0.7505 0.1823 -0.6029 -0.2002 0.5795 0.061 -0.6862 0.4354 0.7372 -0.0402 -0.6698 0.0793 0.9909 0.0778 0.109 -0.0104 0.7474 0.1422 -0.6473 0.0458 0.6957 -0.2178 -0.6804 -0.0746 0.9249 0.0701 0.3734 -0.0185
0.7642 -0.0837 -0.5888 -0.2498 0.6659 -0.2062 -0.7169 -0.0079 0.7205 -0.351 -0.5158 -0.3026 0.7505 0.1823 -0.6029 -0.2002 0.5795 0.061 -0.6862 0.4354 0.7372 -0.0402 -0.6698 0.0793 0.9909 0.0778 0.109 -0.0104 0.7474 0.1422 -0.6473 0.0458 0.6957 -0.2178 -0.6804 -0.0746 0.9249 0.0701 0.3734 -0.0185
0.7642 -0.0837 -0.5888 -0.2498 0.6805 -0.3202 -0.631 -0.1901 0.7205 -0.351 -0.5158 -0.3026 0.7493 0.1566 -0.5946 -0.246 0.5795 0.061 -0.6862 0.4354 0.7044 -0.1454 -0.6796 0.1443 0.9909 0.0778 0.109 -0.0104 0.7474 0.1422 -0.6473 0.0458 0.6957 -0.2178 -0.6804 -0.0746 0.9249 0.0701 0.3734 -0.0185
0.7642 -0.0837 -0.5888 -0.2498 0.6805 -0.3202 -0.631 -0.1901 0.7205 -0.351 -0.5158 -0.3026 0.7493 0.1566 -0.5946 -0.246 0.5795 0.061 -0.6862 0.4354 0.7044 -0.1454 -0.6796 0.1443 0.9909 0.0778 0.109 -0.0104 0.7474 0.1422 -0.6473 0.0458 0.7238 -0.2885 -0.6266 0.0133 0.8766 0.0455 0.4761 -0.0524
0.7642 -0.0837 -0.5888 -0.2498 0.6805 -0.3202 -0.631 -0.1901 0.7205 -0.351 -0.5158 -0.3026 0.7493 0.1566 -0.5946 -0.246 0.5623 0.0811 -0.6994 0.4337 0.7044 -0.1454 -0.6796 0.1443 0.9909 0.0778 0.109 -0.0104 0.7474 0.1422 -0.6473 0.0458 0.7238 -0.2885 -0.6266 0.0133 0.8766 0.0455 0.4761 -0.0524
0.7655 -0.0812 -0.5972 -0.2252 0.6805 -0.3202 -0.631 -0.1901 0.7205 -0.351 -0.5158 -0.3026 0.7493 0.1566 -0.5946 -0.246 0.5623 0.0811 -0.6994 0.4337 0.7044 -0.1454 -0.6796 0.1443 0.9909 0.0778 0.109 -0.0104 0.7474 0.1422 -0.6473 0.0458 0.7238 -0.2885 -0.6266 0.0133 0.8766 0.0455 0.4761 -0.0524
0.7655 -0.0812 -0.5972 -0.2252 0.6805 -0.3202 -0.631 -0.1901 0.7205 -0.351 -0.5158 -0.3026 0.7493 0.1566 -0.5946 -0.246 0.5623 0.0811 -0.6994 0.4337 0.7044 -0.1454 -0.6796 0.1443 0.9909 0.0778 0.109 -0.0104 0.7474 0.1422 -0.6473 0.0458 0.7238 -0.2885 -0.6266 0.0133 0.8766 0.0455 0.4761 -0.0524
0.7655 -0.0812 -0.5972 -0.2252 0.6805 -0.3202 -0.631 -0.1901 0.7205 -0.351 -0.5158 -0.3026 0.7493 0.1566 -0.5946 -0.246 0.5623 0.0811 -0.6994 0.4337 0.7044 -0.1454 -0.6796 0.1443 0.9909 0.0778 0.109 -0.0104 0.7474 0.1422 -0.6473 0.0458 0.7238 -0.2885 -0.6266 0.0133 0.8766 0.0455 0.4761 -0.0524
0.7655 -0.0812 -0.5972 -0.2252 0.678 -0.306 -0.647 -0.1674 0.7205 -0.351 -0.5158 -0.3026 0.7663 0.142 -0.6051 -0.1625 0.5623 0.0811 -0.6994 0.4337 0.7044 -0.1454 -0.6796 0.1443 0.9909 0.0778 0.109 -0.0104 0.6128 0.1928 -0.7072 0.2952 0.7238 -0.2885 -0.6266 0.0133 0.8766 0.0455 0.4761 -0.0524
0.7655 -0.0812 -0.5972 -0.2252 0.678 -0.306 -0.647 -0.1674 0.7205 -0.351 -0.5158 -0.3026 0.7663 0.142 -0.6051 -0.1625 0.5623 0.0811 -0.6994 0.4337 0.7044 -0.1454 -0.6796 0.1443 0.9909 0.0778 0.109 -0.0104 0.6128 0.1928 -0.7072 0.2952 0.7238 -0.2885 -0.6266 0.0133 0.8766 0.0455 0.4761 -0.0524
0.7655 -0.0812 -0.5972 -0.2252 0.678 -0.306 -0.647 -0.1674 0.7205 -0.351 -0.5158 -0.3026 0.7663 0.142 -0.6051 -0.1625 0.5623 0.0811 -0.6994 0.4337 0.7203 0.0145 -0.6801 0.1357 0.9909 0.0778 0.109 -0.0104 0.6128 0.1928 -0.7072 0.2952 0.7633 -0.3024 -0.5413 0.1815 0.625 -0.0521 0.7703 -0.1152
0.7655 -0.0812 -0.5972 -0.2252 0.678 -0.306 -0.647 -0.1674 0.7205 -0.351 -0.5158 -0.3026 0.7663 0.142 -0.6051 -0.1625 0.5694 0.0931 -0.7252 0.3758 0.7203 0.0145 -0.6801 0.1357 0.9909 0.0778 0.109 -0.0104 0.6128 0.1928 -0.7072 0.2952 0.7633 -0.3024 -0.5413 0.1815 0.625 -0.0521 0.7703 -0.1152
0.7655 -0.0812 -0.5972 -0.2252 0.678 -0.306 -0.647 -0.1674 0.7205 -0.351 -0.5158 -0.3026 0.7663 0.142 -0.6051 -0.1625 0.5694 0.0931 -0.7252 0.3758 0.7203 0.0145 -0.6801 0.1357 0.9909 0.0778 0.109 -0.0104 0.6128 0.1928 -0.7072 0.2952 0.7633 -0.3024 -0.5413 0.1815 0.625 -0.0521 0.7703 -0.1152
0.7823 -0.0168 -0.6132 -0.1077 0.678 -0.306 -0.647 -0.1674 0.7205 -0.351 -0.5158 -0.3026 0.7663 0.142 -0.6051 -0.1625 0.5694 0.0931 -0.7252 0.3758 0.7203 0.0145 -0.6801 0.1357 0.9591 0.0452 0.279 -0.0145 0.6128 0.1928 -0.7072 0.2952 0.7633 -0.3024 -0.5413 0.1815 0.625 -0.0521 0.7703 -0.1152
0.7823 -0.0168 -0.6132 -0.1077 0.678 -0.306 -0.647 -0.1674 0.7205 -0.351 -0.5158 -0.3026 0.7663 0.142 -0.6051 -0.1625 0.5694 0.0931 -0.7252 0.3758 0.7203 0.0145 -0.6801 0.1357 0.9591 0.0452 0.279 -0.0145 0.7457 0.1969 -0.6071 0.1917 0.7633 -0.3024 -0.5413 0.1815 0.625 -0.0521 0.7703 -0.1152
0.7823 -0.0168 -0.6132 -0.1077 0.684 -0.2709 -0.6746 -0.0602 0.7205 -0.351 -0.5158 -0.3026 0.79 0.1113 -0.6011 -0.0457 0.5694 0.0931 -0.7252 0.3758 0.7232 0.0446 -0.6863 0.063 0.9591 0.0452 0.279 -0.0145 0.7457 0.1969 -0.6071 0.1917 0.7633 -0.3024 -0.5413 0.1815 0.625 -0.0521 0.7703 -0.1152
0.7823 -0.0168 -0.6132 -0.1077 0.684 -0.2709 -0.6746 -0.0602 0.7205 -0.351 -0.5158 -0.3026 0.79 0.1113 -0.6011 -0.0457 0.5694 0.0931 -0.7252 0.3758 0.7232 0.0446 -0.6863 0.063 0.9591 0.0452 0.279 -0.0145 0.7457 0.1969 -0.6071 0.1917 0.7633 -0.3024 -0.5413 0.1815 0.6765 -0.0919 0.7301 0.029
0.7823 -0.0168 -0.6132 -0.1077 0.684 -0.2709 -0.6746 -0.0602 0.7205 -0.351 -0.5158 -0.3026 0.79 0.1113 -0.6011 -0.0457 0.5939 0.1183 -0.7524 0.259 0.7232 0.0446 -0.6863 0.063 0.9591 0.0452 0.279 -0.0145 0.7457 0.1969 -0.6071 0.1917 0.7662 -0.2307 -0.5687 0.1905 0.6765 -0.0919 0.7301 0.029
0.7823 -0.0168 -0.6132 -0.1077 0.684 -0.2709 -0.6746 -0.0602 0.7205 -0.351 -0.5158 -0.3026 0.79 0.1113 -0.6011 -0.0457 0.5939 0.1183 -0.7524 0.259 0.7232 0.0446 -0.6863 0.063 0.9591 0.0452 0.279 -0.0145 0.7457 0.1969 -0.6071 0.1917 0.7662 -0.2307 -0.5687 0.1905 0.6765 -0.0919 0.7301 0.029
0.7823 -0.0168 -0.6132 -0.1077 0.684 -0.2709 -0.6746 -0.0602 0.7205 -0.351 -0.5158 -0.3026 0.79 0.1113 -0.6011 -0.0457 0.5939 0.1183 -0.7524 0.259 0.7232 0.0446 -0.6863 0.063 0.9591 0.0452 0.279 -0.0145 0.7457 0.1969 -0.6071 0.1917 0.7662 -0.2307 -0.5687 0.1905 0.6765 -0.0919 0.7301 0.029
0.7823 -0.0168 -0.6132 -0.1077 0.684 -0.2709 -0.6746 -0.0602 0.7205 -0.351 -0.5158 -0.3026 0.79 0.1113 -0.6011 -0.0457 0.5939 0.1183 -0.7524 0.259 0.7232 0.0446 -0.6863 0.063 0.9591 0.0452 0.279 -0.0145 0.7457 0.1969 -0.6071 0.1917 0.7662 -0.2307 -0.5687 0.1905 0.6765 -0.0919 0.7301 0.029
0.7823 -0.0168 -0.6132 -0.1077 0.684 -0.2709 -0.6746 -0.0602 0.7205 -0.351 -0.5158 -0.3026 0.79 0.1113 -0.6011 -0.0457 0.5939 0.1183 -0.7524 0.259 0.7232 0.0446 -0.6863 0.063 0.9591 0.0452 0.279 -0.0145 0.7457 0.1969 -0.6071 0.1917 0.7662 -0.2307 -0.5687 0.1905 0.6765 -0.0919 0.7301 0.029
0.7823 -0.0168 -0.6132 -0.1077 0.6711 -0.295 -0.6794 0.0316 0.7205 -0.351 -0.5158 -0.3026 0.8032 0.1075 -0.5847 0.0375 0.5939 0.1183 -0.7524 0.259 0.7232 0.0446 -0.6863 0.063 0.9591 0.0452 0.279 -0.0145 0.8181 0.1689 -0.5472 0.0538 0.7662 -0.2307 -0.5687 0.1905 0.6765 -0.0919 0.7301 0.029
0.7823 -0.0168 -0.6132 -0.1077 0.6711 -0.295 -0.6794 0.0316 0.7205 -0.351 -0.5158 -0.3026 0.8032 0.1075 -0.5847 0.0375 0.5939 0.1183 -0.7524 0.259 0.7327 0.0542 -0.678 -0.0235 0.9591 0.0452 0.279 -0.0145 0.8181 0.1689 -0.5472 0.0538 0.674 -0.1005 -0.7276 -0.0798 0.8849 -0.015 0.4618 0.0582
0.7823 -0.0168 -0.6132 -0.1077 0.6711 -0.295 -0.6794 0.0316 0.7205 -0.351 -0.5158 -0.3026 0.8032 0.1075 -0.5847 0.0375 0.5939 0.1183 -0.7524 0.259 0.7327 0.0542 -0.678 -0.0235 0.9591 0.0452 0.279 -0.0145 0.8181 0.1689 -0.5472 0.0538 0.674 -0.1005 -0.7276 -0.0798 0.8849 -0.015 0.4618 0.0582
0.7823 -0.0168 -0.6132 -0.1077 0.6711 -0.295 -0.6794 0.0316 0.7205 -0.351 -0.5158 -0.3026 0.8032 0.1075 -0.5847 0.0375 0.6082 0.1442 -0.7566 0.1921 0.7327 0.0542 -0.678 -0.0235 0.9591 0.0452 0.279 -0.0145 0.8181 0.1689 -0.5472 0.0538 0.674 -0.1005 -0.7276 -0.0798 0.8849 -0.015 0.4618 0.0582
0.7823 -0.0168 -0.6132 -0.1077 0.6711 -0.295 -0.6794 0.0316 0.7205 -0.351 -0.5158 -0.3026 0.8032 0.1075 -0.5847 0.0375 0.6082 0.1442 -0.7566 0.1921 0.7327 0.0542 -0.678 -0.0235 0.9591 0.0452 0.279 -0.0145 0.8181 0.1689 -0.5472 0.0538 0.674 -0.1005 -0.7276 -0.0798 0.8849 -0.015 0.4618 0.0582
0.8175 -0.0475 -0.5717 0.0515 0.6711 -0.295 -0.6794 0.0316 0.7205 -0.351 -0.5158 -0.3026 0.8032 0.1075 -0.5847 0.0375 0.6082 0.1442 -0.7566 0.1921 0.7327 0.0542 -0.678 -0.0235 0.9591 0.0452 0.279 -0.0145 0.8181 0.1689 -0.5472 0.0538 0.674 -0.1005 -0.7276 -0.0798 0.8849 -0.015 0.4618 0.0582
0.8175 -0.0475 -0.5717 0.0515 0.6711 -0.295 -0.6794 0.0316 0.7205 -0.351 -0.5158 -0.3026 0.8032 0.1075 -0.5847 0.0375 0.6082 0.1442 -0.7566 0.1921 0.7327 0.0542 -0.678 -0.0235 0.9591 0.0452 0.279 -0.0145 0.8181 0.1689 -0.5472 0.0538 0.674 -0.1005 -0.7276 -0.0798 0.8849 -0.015 0.4618 0.0582
0.8175 -0.0475 -0.5717 0.0515 0.6297 -0.3438 -0.691 0.0887 0.7205 -0.351 -0.5158 -0.3026 0.8102 0.1318 -0.557 0.126 0.6082 0.1442 -0.7566 0.1921 0.7412 0.1276 -0.6524 -0.0931 0.9591 0.0452 0.279 -0.0145 0.7922 0.1505 -0.5913 -0.0086 0.674 -0.1005 -0.7276 -0.0798 0.8849 -0.015 0.4618 0.0582
0.8175 -0.0475 -0.5717 0.0515 0.6297 -0.3438 -0.691 0.0887 0.7205 -0.351 -0.5158 -0.3026 0.8102 0.1318 -0.557 0.126 0.6082 0.1442 -0.7566 0.1921 0.7412 0.1276 -0.6524 -0.0931 0.9591 0.0452 0.279 -0.0145 0.7922 0.1505 -0.5913 -0.0086 0.674 -0.1005 -0.7276 -0.0798 0.9836 0.0997 0.1473 0.0306
0.8175 -0.0475 -0.5717 0.0515 0.6297 -0.3438 -0.691 0.0887 0.7205 -0.351 -0.5158 -0.3026 0.8102 0.1318 -0.557 0.126 0.6082 0.1442 -0.7566 0.1921 0.7412 0.1276 -0.6524 -0.0931 0.9591 0.0452 0.279 -0.0145 0.7922 0.1505 -0.5913 -0.0086 0.569 0.001 -0.7622 -0.3087 0.9836 0.0997 0.1473 0.0306
0.8175 -0.0475 -0.5717 0.0515 0.6297 -0.3438 -0.691 0.0887 0.7205 -0.351 -0.5158 -0.3026 0.8102 0.1318 -0.557 0.126 0.6274 0.1595 -0.7457 0.1579 0.7412 0.1276 -0.6524 -0.0931 0.9591 0.0452 0.279 -0.0145 0.7922 0.1505 -0.5913 -0.0086 0.569 0.001 -0.7622 -0.3087 0.9836 0.0997 0.1473 0.0306
0.8175 -0.0475 -0.5717 0.0515 0.6297 -0.3438 -0.691 0.0887 0.7205 -0.351 -0.5158 -0.3026 0.8102 0.1318 -0.557 0.126 0.6274 0.1595 -0.7457 0.1579 0.7412 0.1276 -0.6524 -0.0931 0.9591 0.0452 0.279 -0.0145 0.7922 0.1505 -0.5913 -0.0086 0.569 0.001 -0.7622 -0.3087 0.9836 0.0997 0.1473 0.0306
0.8175 -0.0475 -0.5717 0.0515 0.6297 -0.3438 -0.691 0.0887 0.7205 -0.351 -0.5158 -0.3026 0.8102 0.1318 -0.557 0.126 0.6274 0.1595 -0.7457 0.1579 0.7412 0.1276 -0.6524 -0.0931 0.9591 0.0452 0.279 -0.0145 0.7922 0.1505 -0.5913 -0.0086 0.569 0.001 -0.7622 -0.3087 0.9836 0.0997 0.1473 0.0306
0.8175 -0.0475 -0.5717 0.0515 0.6297 -0.3438 -0.691 0.0887 0.7205 -0.351 -0.5158 -0.3026 0.8102 0.1318 -0.557 0.126 0.6274 0.1595 -0.7457 0.1579 0.7412 0.1276 -0.6524 -0.0931 0.9591 0.0452 0.279 -0.0145 0.7922 0.1505 -0.5913 -0.0086 0.569 0.001 -0.7622 -0.3087 0.9836 0.0997 0.1473 0.0306
0.8175 -0.0475 -0.5717 0.0515 0.6283 -0.3497 -0.6865 0.1085 0.7205 -0.351 -0.5158 -0.3026 0.8088 0.1287 -0.5593 0.1282 0.6274 0.1595 -0.7457 0.1579 0.7412 0.1276 -0.6524 -0.0931 0.9591 0.0452 0.279 -0.0145 0.7723 0.1624 -0.6141 -0.0085 0.569 0.001 -0.7622 -0.3087 0.9836 0.0997 0.1473 0.0306
0.8175 -0.0475 -0.5717 0.0515 0.6283 -0.3497 -0.6865 0.1085 0.7205 -0.351 -0.5158 -0.3026 0.8088 0.1287 -0.5593 0.1282 0.6274 0.1595 -0.7457 0.1579 0.7159 0.2529 -0.6119 -0.2214 0.9591 0.0452 0.279 -0.0145 0.7723 0.1624 -0.6141 -0.0085 0.569 0.001 -0.7622 -0.3087 0.9556 0.0762 0.2845 -0.0013
0.8175 -0.0475 -0.5717 0.0515 0.6283 -0.3497 -0.6865 0.1085 0.7205 -0.351 -0.5158 -0.3026 0.8088 0.1287 -0.5593 0.1282 0.6274 0.1595 -0.7457 0.1579 0.7159 0.2529 -0.6119 -0.2214 0.9591 0.0452 0.279 -0.0145 0.7723 0.1624 -0.6141 -0.0085 0.601 -0.1116 -0.7532 -0.243 0.9556 0.0762 0.2845 -0.0013
0.8175 -0.0475 -0.5717 0.0515 0.6283 -0.3497 -0.6865 0.1085 0.7205 -0.351 -0.5158 -0.3026 0.8088 0.1287 -0.5593 0.1282 0.6569 0.0734 -0.6971 0.2778 0.7159 0.2529 -0.6119 -0.2214 0.9591 0.0452 0.279 -0.0145 0.7723 0.1624 -0.6141 -0.0085 0.601 -0.1116 -0.7532 -0.243 0.9556 0.0762 0.2845 -0.0013
0.8175 -0.0475 -0.5717 0.0515 0.6283 -0.3497 -0.6865 0.1085 0.7205 -0.351 -0.5158 -0.3026 0.8088 0.1287 -0.5593 0.1282 0.6569 0.0734 -0.6971 0.2778 0.7159 0.2529 -0.6119 -0.2214 0.9591 0.0452 0.279 -0.0145 0.7723 0.1624 -0.6141 -0.0085 0.601 -0.1116 -0.7532 -0.243 0.9556 0.0762 0.2845 -0.0013
0.8242 -0.09 -0.5585 -0.0277 0.6283 -0.3497 -0.6865 0.1085 0.7397 -0.2653 -0.6086 -0.1092 0.8088 0.1287 -0.5593 0.1282 0.6569 0.0734 -0.6971 0.2778 0.7159 0.2529 -0.6119 -0.2214 0.9591 0.0452 0.279 -0.0145 0.7723 0.1624 -0.6141 -0.0085 0.601 -0.1116 -0.7532 -0.243 0.9556 0.0762 0.2845 -0.0013
0.8242 -0.09 -0.5585 -0.0277 0.6283 -0.3497 -0.6865 0.1085 0.7397 -0.2653 -0.6086 -0.1092 0.8088 0.1287 -0.5593 0.1282 0.6569 0.0734 -0.6971 0.2778 0.7159 0.2529 -0.6119 -0.2214 0.9591 0.0452 0.279 -0.0145 0.7181 0.2234 -0.6533 0.0868 0.601 -0.1116 -0.7532 -0.243 0.9556 0.0762 0.2845 -0.0013
0.8242 -0.09 -0.5585 -0.0277 0.6567 -0.3878 -0.6462 -0.0243 0.7397 -0.2653 -0.6086 -0.1092 0.8102 0.0912 -0.579 -0.008 0.6569 0.0734 -0.6971 0.2778 0.6898 0.3005 -0.5303 -0.3907 0.9591 0.0452 0.279 -0.0145 0.7181 0.2234 -0.6533 0.0868 0.601 -0.1116 -0.7532 -0.243 0.9556 0.0762 0.2845 -0.0013
0.8242 -0.09 -0.5585 -0.0277 0.6567 -0.3878 -0.6462 -0.0243 0.7397 -0.2653 -0.6086 -0.1092 0.8102 0.0912 -0.579 -0.008 0.6569 0.0734 -0.6971 0.2778 0.6898 0.3005 -0.5303 -0.3907 0.9591 0.0452 0.279 -0.0145 0.7181 0.2234 -0.6533 0.0868 0.601 -0.1116 -0.7532 -0.243 0.9454 0.0597 0.3201 -0.0149
0.8242 -0.09 -0.5585 -0.0277 0.6567 -0.3878 -0.6462 -0.0243 0.7397 -0.2653 -0.6086 -0.1092 0.8102 0.0912 -0.579 -0.008 0.6569 0.0734 -0.6971 0.2778 0.6898 0.3005 -0.5303 -0.3907 0.9591 0.0452 0.279 -0.0145 0.7181 0.2234 -0.6533 0.0868 0.6294 -0.1151 -0.7517 -0.1599 0.9454 0.0597 0.3201 -0.0149
0.8242 -0.09 -0.5585 -0.0277 0.6567 -0.3878 -0.6462 -0.0243 0.7397 -0.2653 -0.6086 -0.1092 0.8102 0.0912 -0.579 -0.008 0.6212 -0.1147 -0.6387 0.4395 0.6898 0.3005 -0.5303 -0.3907 0.9591 0.0452 0.279 -0.0145 0.7181 0.2234 -0.6533 0.0868 0.6294 -0.1151 -0.7517 -0.1599 0.9454 0.0597 0.3201 -0.0149
0.8242 -0.09 -0.5585 -0.0277 0.6567 -0.3878 -0.6462 -0.0243 0.7397 -0.2653 -0.6086 -0.1092 0.8102 0.0912 -0.579 -0.008 0.6212 -0.1147 -0.6387 0.4395 0.6898 0.3005 -0.5303 -0.3907 0.9591 0.0452 0.279 -0.0145 0.7181 0.2234 -0.6533 0.0868 0.6294 -0.1151 -0.7517 -0.1599 0.9454 0.0597 0.3201 -0.0149
0.8242 -0.09 -0.5585 -0.0277 0.6567 -0.3878 -0.6462 -0.0243 0.7397 -0.2653 -0.6086 -0.1092 0.8102 0.0912 -0.579 -0.008 0.6212 -0.1147 -0.6387 0.4395 0.6898 0.3005 -0.5303 -0.3907 0.6991 0.1169 0.6973 -0.1064 0.7181 0.2234 -0.6533 0.0868 0.6294 -0.1151 -0.7517 -0.1599 0.9454 0.0597 0.3201 -0.0149
0.8242 -0.09 -0.5585 -0.0277 0.6567 -0.3878 -0.6462 -0.0243 0.7397 -0.2653 -0.6086 -0.1092 0.8102 0.0912 -0.579 -0.008 0.6212 -0.1147 -0.6387 0.4395 0.6898 0.3005 -0.5303 -0.3907 0.6991 0.1169 0.6973 -0.1064 0.7181 0.2234 -0.6533 0.0868 0.6294 -0.1151 -0.7517 -0.1599 0.9454 0.0597 0.3201 -0.0149
0.8242 -0.09 -0.5585 -0.0277 0.6908 -0.329 -0.6383 -0.0843 0.7397 -0.2653 -0.6086 -0.1092 0.8102 0.0912 -0.579 -0.008 0.6212 -0.1147 -0.6387 0.4395 0.6898 0.3005 -0.5303 -0.3907 0.6991 0.1169 0.6973 -0.1064 0.6462 0.2369 -0.7039 0.1756 0.6294 -0.1151 -0.7517 -0.1599 0.9454 0.0597 0.3201 -0.0149
0.8242 -0.09 -0.5585 -0.0277 0.6908 -0.329 -0.6383 -0.0843 0.7397 -0.2653 -0.6086 -0.1092 0.7841 0.183 -0.5724 -0.1548 0.6212 -0.1147 -0.6387 0.4395 0.7155 0.2546 -0.5981 -0.2557 0.6991 0.1169 0.6973 -0.1064 0.6462 0.2369 -0.7039 0.1756 0.6294 -0.1151 -0.7517 -0.1599 0.9316 0.0756 0.3552 -0.0156
0.8242 -0.09 -0.5585 -0.0277 0.6908 -0.329 -0.6383 -0.0843 0.7397 -0.2653 -0.6086 -0.1092 0.7841 0.183 -0.5724 -0.1548 0.6212 -0.1147 -0.6387 0.4395 0.7155 0.2546 -0.5981 -0.2557 0.6991 0.1169 0.6973 -0.1064 0.6462 0.2369 -0.7039 0.1756 0.6534 -0.1332 -0.7368 -0.1118 0.9316 0.0756 0.3552 -0.0156
0.8242 -0.09 -0.5585 -0.0277 0.6908 -0.329 -0.6383 -0.0843 0.7397 -0.2653 -0.6086 -0.1092 0.7841 0.183 -0.5724 -0.1548 0.5123 -0.1956 -0.592 0.5906 0.7155 0.2546 -0.5981 -0.2557 0.6991 0.1169 0.6973 -0.1064 0.6462 0.2369 -0.7039 0.1756 0.6534 -0.1332 -0.7368 -0.1118 0.9316 0.0756 0.3552 -0.0156
0.8242 -0.09 -0.5585 -0.0277 0.6908 -0.329 -0.6383 -0.0843 0.7397 -0.2653 -0.6086 -0.1092 0.7841 0.183 -0.5724 -0.1548 0.5123 -0.1956 -0.592 0.5906 0.7155 0.2546 -0.5981 -0.2557 0.6991 0.1169 0.6973 -0.1064 0.6462 0.2369 -0.7039 0.1756 0.6534 -0.1332 -0.7368 -0.1118 0.9316 0.0756 0.3552 -0.0156
0.8242 -0.09 -0.5585 -0.0277 0.6908 -0.329 -0.6383 -0.0843 0.7397 -0.2653 -0.6086 -0.1092 0.7841 0.183 -0.5724 -0.1548 0.5123 -0.1956 -0.592 0.5906 0.7155 0.2546 -0.5981 -0.2557 0.6991 0.1169 0.6973 -0.1064 0.6462 0.2369 -0.7039 0.1756 0.6534 -0.1332 -0.7368 -0.1118 0.9316 0.0756 0.3552 -0.0156
0.8242 -0.09 -0.5585 -0.0277 0.6908 -0.329 -0.6383 -0.0843 0.7397 -0.2653 -0.6086 -0.1092 0.7841 0.183 -0.5724 -0.1548 0.5123 -0.1956 -0.592 0.5906 0.7155 0.2546 -0.5981 -0.2557 0.6991 0.1169 0.6973 -0.1064 0.6462 0.2369 -0.7039 0.1756 0.6534 -0.1332 -0.7368 -0.1118 0.9316 0.0756 0.3552 -0.0156
0.8242 -0.09 -0.5585 -0.0277 0.7168 -0.3092 -0.6013 -0.1705 0.7397 -0.2653 -0.6086 -0.1092 0.7247 0.2943 -0.572 -0.247 0.5123 -0.1956 -0.592 0.5906 0.7155 0.2546 -0.5981 -0.2557 0.6991 0.1169 0.6973 -0.1064 0.6462 0.2369 -0.7039 0.1756 0.6534 -0.1332 -0.7368 -0.1118 0.9316 0.0756 0.3552 -0.0156
0.8242 -0.09 -0.5585 -0.0277 0.7168 -0.3092 -0.6013 -0.1705 0.7397 -0.2653 -0.6086 -0.1092 0.7247 0.2943 -0.572 -0.247 0.5123 -0.1956 -0.592 0.5906 0.7155 0.2546 -0.5981 -0.2557 0.6991 0.1169 0.6973 -0.1064 0.6462 0.2369 -0.7039 0.1756 0.6534 -0.1332 -0.7368 -0.1118 0.9137 0.08 0.398 -0.0198
0.8242 -0.09 -0.5585 -0.0277 0.7168 -0.3092 -0.6013 -0.1705 0.7397 -0.2653 -0.6086 -0.1092 0.7247 0.2943 -0.572 -0.247 0.5123 -0.1956 -0.592 0.5906 0.7155 0.2546 -0.5981 -0.2557 0.6991 0.1169 0.6973 -0.1064 0.6462 0.2369 -0.7039 0.1756 0.6848 -0.184 -0.7039 -0.0424 0.9137 0.08 0.398 -0.0198
0.8242 -0.09 -0.5585 -0.0277 0.7168 -0.3092 -0.6013 -0.1705 0.7397 -0.2653 -0.6086 -0.1092 0.7247 0.2943 -0.572 -0.247 0.5102 -0.1157 -0.6448 0.5573 0.7155 0.2546 -0.5981 -0.2557 0.6991 0.1169 0.6973 -0.1064 0.6462 0.2369 -0.7039 0.1756 0.6848 -0.184 -0.7039 -0.0424 0.9137 0.08 0.398 -0.0198
0.8242 -0.09 -0.5585 -0.0277 0.7168 -0.3092 -0.6013 -0.1705 0.7397 -0.2653 -0.6086 -0.1092 0.7247 0.2943 -0.572 -0.247 0.5102 -0.1157 -0.6448 0.5573 0.7155 0.2546 -0.5981 -0.2557 0.6991 0.1169 0.6973 -0.1064 0.6462 0.2369 -0.7039 0.1756 0.6848 -0.184 -0.7039 -0.0424 0.9137 0.08 0.398 -0.0198
0.8242 -0.09 -0.5585 -0.0277 0.7168 -0.3092 -0.6013 -0.1705 0.7397 -0.2653 -0.6086 -0.1092 0.7247 0.2943 -0.572 -0.247 0.5102 -0.1157 -0.6448 0.5573 0.7155 0.2546 -0.5981 -0.2557 0.6991 0.1169 0.6973 -0.1064 0.6462 0.2369 -0.7039 0.1756 0.6848 -0.184 -0.7039 -0.0424 0.9137 0.08 0.398 -0.0198
0.8242 -0.09 -0.5585 -0.0277 0.7168 -0.3092 -0.6013 -0.1705 0.7397 -0.2653 -0.6086 -0.1092 0.7247 0.2943 -0.572 -0.247 0.5102 -0.1157 -0.6448 0.5573 0.7155 0.2546 -0.5981 -0.2557 0.6991 0.1169 0.6973 -0.1064 0.6462 0.2369 -0.7039 0.1756 0.6848 -0.184 -0.7039 -0.0424 0.9137 0.08 0.398 -0.0198
0.8242 -0.09 -0.5585 -0.0277 0.7291 -0.3045 -0.5768 -0.2071 0.7397 -0.2653 -0.6086 -0.1092 0.7247 0.2943 -0.572 -0.247 0.5102 -0.1157 -0.6448 0.5573 0.7155 0.2546 -0.5981 -0.2557 0.6991 0.1169 0.6973 -0.1064 0.5521 0.2476 -0.7241 0.3311 0.6848 -0.184 -0.7039 -0.0424 0.9137 0.08 0.398 -0.0198
0.8242 -0.09 -0.5585 -0.0277 0.7291 -0.3045 -0.5768 -0.2071 0.7397 -0.2653 -0.6086 -0.1092 0.7 0.3009 -0.5804 -0.2873 0.5102 -0.1157 -0.6448 0.5573 0.7072 -0.1086 -0.6794 0.1625 0.6991 0.1169 0.6973 -0.1064 0.5521 0.2476 -0.7241 0.3311 0.6848 -0.184 -0.7039 -0.0424 0.8804 0.0482 0.4701 -0.0404
0.8242 -0.09 -0.5585 -0.0277 0.7291 -0.3045 -0.5768 -0.2071 0.7397 -0.2653 -0.6086 -0.1092 0.7 0.3009 -0.5804 -0.2873 0.5513 0.079 -0.6822 0.4738 0.7072 -0.1086 -0.6794 0.1625 0.6991 0.1169 0.6973 -0.1064 0.5521 0.2476 -0.7241 0.3311 0.718 -0.2262 -0.6565 0.0495 0.8804 0.0482 0.4701 -0.0404
0.8242 -0.09 -0.5585 -0.0277 0.7291 -0.3045 -0.5768 -0.2071 0.7397 -0.2653 -0.6086 -0.1092 0.7 0.3009 -0.5804 -0.2873 0.5513 0.079 -0.6822 0.4738 0.7072 -0.1086 -0.6794 0.1625 0.6991 0.1169 0.6973 -0.1064 0.5521 0.2476 -0.7241 0.3311 0.718 -0.2262 -0.6565 0.0495 0.8804 0.0482 0.4701 -0.0404
0.8242 -0.09 -0.5585 -0.0277 0.7291 -0.3045 -0.5768 -0.2071 0.7397 -0.2653 -0.6086 -0.1092 0.7 0.3009 -0.5804 -0.2873 0.5513 0.079 -0.6822 0.4738 0.7072 -0.1086 -0.6794 0.1625 0.6991 0.1169 0.6973 -0.1064 0.5521 0.2476 -0.7241 0.3311 0.718 -0.2262 -0.6565 0.0495 0.8804 0.0482 0.4701 -0.0404
0.8242 -0.09 -0.5585 -0.0277 0.7291 -0.3045 -0.5768 -0.2071 0.7397 -0.2653 -0.6086 -0.1092 0.7 0.3009 -0.5804 -0.2873 0.5513 0.079 -0.6822 0.4738 0.7072 -0.1086 -0.6794 0.1625 0.6991 0.1169 0.6973 -0.1064 0.5521 0.2476 -0.7241 0.3311 0.718 -0.2262 -0.6565 0.0495 0.8804 0.0482 0.4701 -0.0404
0.8242 -0.09 -0.5585 -0.0277 0.7291 -0.3045 -0.5768 -0.2071 0.7397 -0.2653 -0.6086 -0.1092 0.7 0.3009 -0.5804 -0.2873 0.5513 0.079 -0.6822 0.4738 0.7072 -0.1086 -0.6794 0.1625 0.6991 0.1169 0.6973 -0.1064 0.5521 0.2476 -0.7241 0.3311 0.718 -0.2262 -0.6565 0.0495 0.8804 0.0482 0.4701 -0.0404
0.8242 -0.09 -0.5585 -0.0277 0.7078 -0.3187 -0.5993 -0.1956 0.7397 -0.2653 -0.6086 -0.1092 0.7393 0.1877 -0.6034 -0.2325 0.5513 0.079 -0.6822 0.4738 0.7072 -0.1086 -0.6794 0.1625 0.6991 0.1169 0.6973 -0.1064 0.5275 0.2421 -0.7122 0.3949 0.718 -0.2262 -0.6565 0.0495 0.8804 0.0482 0.4701 -0.0404
0.8242 -0.09 -0.5585 -0.0277 0.7078 -0.3187 -0.5993 -0.1956 0.7397 -0.2653 -0.6086 -0.1092 0.7393 0.1877 -0.6034 -0.2325 0.5513 0.079 -0.6822 0.4738 0.691 -0.034 -0.6907 0.2104 0.6991 0.1169 0.6973 -0.1064 0.5275 0.2421 -0.7122 0.3949 0.718 -0.2262 -0.6565 0.0495 0.6993 -0.0662 0.7048 -0.0997
0.8242 -0.09 -0.5585 -0.0277 0.7078 -0.3187 -0.5993 -0.1956 0.7397 -0.2653 -0.6086 -0.1092 0.7393 0.1877 -0.6034 -0.2325 0.546 0.1622 -0.6947 0.4393 0.691 -0.034 -0.6907 0.2104 0.6991 0.1169 0.6973 -0.1064 0.5275 0.2421 -0.7122 0.3949 0.7363 -0.293 -0.5737 0.207 0.6993 -0.0662 0.7048 -0.0997
0.8242 -0.09 -0.5585 -0.0277 0.7078 -0.3187 -0.5993 -0.1956 0.7397 -0.2653 -0.6086 -0.1092 0.7393 0.1877 -0.6034 -0.2325 0.546 0.1622 -0.6947 0.4393 0.691 -0.034 -0.6907 0.2104 0.6991 0.1169 0.6973 -0.1064 0.5275 0.2421 -0.7122 0.3949 0.7363 -0.293 -0.5737 0.207 0.6993 -0.0662 0.7048 -0.0997
0.8242 -0.09 -0.5585 -0.0277 0.7078 -0.3187 -0.5993 -0.1956 0.7397 -0.2653 -0.6086 -0.1092 0.7393 0.1877 -0.6034 -0.2325 0.546 0.1622 -0.6947 0.4393 0.691 -0.034 -0.6907 0.2104 0.6991 0.1169 0.6973 -0.1064 0.5275 0.2421 -0.7122 0.3949 0.7363 -0.293 -0.5737 0.207 0.6993 -0.0662 0.7048 -0.0997
0.8242 -0.09 -0.5585 -0.0277 0.7078 -0.3187 -0.5993 -0.1956 0.7749 -0.2457 -0.5652 -0.1405 0.7393 0.1877 -0.6034 -0.2325 0.546 0.1622 -0.6947 0.4393 0.691 -0.034 -0.6907 0.2104 0.6991 0.1169 0.6973 -0.1064 0.5275 0.2421 -0.7122 0.3949 0.7363 -0.293 -0.5737 0.207 0.6993 -0.0662 0.7048 -0.0997
0.8242 -0.09 -0.5585 -0.0277 0.6942 -0.2926 -0.6558 -0.0483 0.7749 -0.2457 -0.5652 -0.1405 0.7899 0.1116 -0.5992 -0.0674 0.546 0.1622 -0.6947 0.4393 0.691 -0.034 -0.6907 0.2104 0.6991 0.1169 0.6973 -0.1064 0.697 0.2164 -0.6248 0.2775 0.7363 -0.293 -0.5737 0.207 0.6993 -0.0662 0.7048 -0.0997
0.8242 -0.09 -0.5585 -0.0277 0.6942 -0.2926 -0.6558 -0.0483 0.7749 -0.2457 -0.5652 -0.1405 0.7899 0.1116 -0.5992 -0.0674 0.546 0.1622 -0.6947 0.4393 0.691 -0.034 -0.6907 0.2104 0.6991 0.1169 0.6973 -0.1064 0.697 0.2164 -0.6248 0.2775 0.7363 -0.293 -0.5737 0.207 0.6993 -0.0662 0.7048 -0.0997
0.8242 -0.09 -0.5585 -0.0277 0.6942 -0.2926 -0.6558 -0.0483 0.7749 -0.2457 -0.5652 -0.1405 0.7899 0.1116 -0.5992 -0.0674 0.546 0.1622 -0.6947 0.4393 0.7028 0.0265 -0.7 0.1237 0.6991 0.1169 0.6973 -0.1064 0.697 0.2164 -0.6248 0.2775 0.7363 -0.293 -0.5737 0.207 0.4891 -0.1442 0.8572 -0.0724
0.8242 -0.09 -0.5585 -0.0277 0.6942 -0.2926 -0.6558 -0.0483 0.7749 -0.2457 -0.5652 -0.1405 0.7899 0.1116 -0.5992 -0.0674 0.546 0.1622 -0.6947 0.4393 0.7028 0.0265 -0.7 0.1237 0.6991 0.1169 0.6973 -0.1064 0.697 0.2164 -0.6248 0.2775 0.733 -0.402 -0.4282 0.3431 0.4891 -0.1442 0.8572 -0.0724
0.8242 -0.09 -0.5585 -0.0277 0.6942 -0.2926 -0.6558 -0.0483 0.7749 -0.2457 -0.5652 -0.1405 0.7899 0.1116 -0.5992 -0.0674 0.5794 0.15 -0.7441 0.2969 0.7028 0.0265 -0.7 0.1237 0.6991 0.1169 0.6973 -0.1064 0.697 0.2164 -0.6248 0.2775 0.733 -0.402 -0.4282 0.3431 0.4891 -0.1442 0.8572 -0.0724
0.8242 -0.09 -0.5585 -0.0277 0.6942 -0.2926 -0.6558 -0.0483 0.7697 -0.2478 -0.5812 -0.0908 0.7899 0.1116 -0.5992 -0.0674 0.5794 0.15 -0.7441 0.2969 0.7028 0.0265 -0.7 0.1237 0.6991 0.1169 0.6973 -0.1064 0.697 0.2164 -0.6248 0.2775 0.733 -0.402 -0.4282 0.3431 0.4891 -0.1442 0.8572 -0.0724
0.8242 -0.09 -0.5585 -0.0277 0.6942 -0.2926 -0.6558 -0.0483 0.7697 -0.2478 -0.5812 -0.0908 0.7899 0.1116 -0.5992 -0.0674 0.5794 0.15 -0.7441 0.2969 0.7028 0.0265 -0.7 0.1237 0.6991 0.1169 0.6973 -0.1064 0.697 0.2164 -0.6248 0.2775 0.733 -0.402 -0.4282 0.3431 0.4891 -0.1442 0.8572 -0.0724
0.8242 -0.09 -0.5585 -0.0277 0.6942 -0.2926 -0.6558 -0.0483 0.7697 -0.2478 -0.5812 -0.0908 0.7899 0.1116 -0.5992 -0.0674 0.5794 0.15 -0.7441 0.2969 0.7028 0.0265 -0.7 0.1237 0.6991 0.1169 0.6973 -0.1064 0.697 0.2164 -0.6248 0.2775 0.733 -0.402 -0.4282 0.3431 0.4891 -0.1442 0.8572 -0.0724
0.8242 -0.09 -0.5585 -0.0277 0.627 -0.351 -0.6921 0.0677 0.7697 -0.2478 -0.5812 -0.0908 0.8216 0.0892 -0.5601 0.057 0.5794 0.15 -0.7441 0.2969 0.7028 0.0265 -0.7 0.1237 0.6991 0.1169 0.6973 -0.1064 0.825 0.1724 -0.5304 0.0917 0.733 -0.402 -0.4282 0.3431 0.4891 -0.1442 0.8572 -0.0724
0.8242 -0.09 -0.5585 -0.0277 0.627 -0.351 -0.6921 0.0677 0.7697 -0.2478 -0.5812 -0.0908 0.8216 0.0892 -0.5601 0.057 0.5794 0.15 -0.7441 0.2969 0.7194 0.0465 -0.6926 0.0253 0.6991 0.1169 0.6973 -0.1064 0.825 0.1724 -0.5304 0.0917 0.733 -0.402 -0.4282 0.3431 0.6611 -0.0419 0.749 -0.0056
0.8242 -0.09 -0.5585 -0.0277 0.627 -0.351 -0.6921 0.0677 0.7697 -0.2478 -0.5812 -0.0908 0.8216 0.0892 -0.5601 0.057 0.5794 0.15 -0.7441 0.2969 0.7194 0.0465 -0.6926 0.0253 0.6991 0.1169 0.6973 -0.1064 0.825 0.1724 -0.5304 0.0917 0.733 -0.402 -0.4282 0.3431 0.6611 -0.0419 0.749 -0.0056
0.8242 -0.09 -0.5585 -0.0277 0.627 -0.351 -0.6921 0.0677 0.7697 -0.2478 -0.5812 -0.0908 0.8216 0.0892 -0.5601 0.057 0.5936 0.1388 -0.7617 0.2194 0.7194 0.0465 -0.6926 0.0253 0.6991 0.1169 0.6973 -0.1064 0.825 0.1724 -0.5304 0.0917 0.7555 -0.3236 -0.5402 0.1808 0.6611 -0.0419 0.749 -0.0056
0.8242 -0.09 -0.5585 -0.0277 0.627 -0.351 -0.6921 0.0677 0.7813 -0.2192 -0.584 -0.0184 0.8216 0.0892 -0.5601 0.057 0.5936 0.1388 -0.7617 0.2194 0.7194 0.0465 -0.6926 0.0253 0.6991 0.1169 0.6973 -0.1064 0.825 0.1724 -0.5304 0.0917 0.7555 -0.3236 -0.5402 0.1808 0.6611 -0.0419 0.749 -0.0056
0.813 -0.1001 -0.5724 0.0358 0.627 -0.351 -0.6921 0.0677 0.7813 -0.2192 -0.584 -0.0184 0.8216 0.0892 -0.5601 0.057 0.5936 0.1388 -0.7617 0.2194 0.7194 0.0465 -0.6926 0.0253 0.6991 0.1169 0.6973 -0.1064 0.825 0.1724 -0.5304 0.0917 0.7555 -0.3236 -0.5402 0.1808 0.6611 -0.0419 0.749 -0.0056
0.813 -0.1001 -0.5724 0.0358 0.627 -0.351 -0.6921 0.0677 0.7813 -0.2192 -0.584 -0.0184 0.8216 0.0892 -0.5601 0.057 0.5936 0.1388 -0.7617 0.2194 0.7194 0.0465 -0.6926 0.0253 0.6991 0.1169 0.6973 -0.1064 0.825 0.1724 -0.5304 0.0917 0.7555 -0.3236 -0.5402 0.1808 0.6611 -0.0419 0.749 -0.0056
0.813 -0.1001 -0.5724 0.0358 0.5414 -0.3924 -0.73 0.1412 0.7813 -0.2192 -0.584 -0.0184 0.8329 0.1284 -0.5094 0.174 0.5936 0.1388 -0.7617 0.2194 0.7303 0.1108 -0.6724 -0.0471 0.6991 0.1169 0.6973 -0.1064 0.8575 0.162 -0.488 -0.0151 0.7555 -0.3236 -0.5402 0.1808 0.6611 -0.0419 0.749 -0.0056
0.813 -0.1001 -0.5724 0.0358 0.5414 -0.3924 -0.73 0.1412 0.7813 -0.2192 -0.584 -0.0184 0.8329 0.1284 -0.5094 0.174 0.5936 0.1388 -0.7617 0.2194 0.7303 0.1108 -0.6724 -0.0471 0.6991 0.1169 0.6973 -0.1064 0.8575 0.162 -0.488 -0.0151 0.7555 -0.3236 -0.5402 0.1808 0.9228 0.0265 0.3776 0.0716
0.813 -0.1001 -0.5724 0.0358 0.5414 -0.3924 -0.73 0.1412 0.7813 -0.2192 -0.584 -0.0184 0.8329 0.1284 -0.5094 0.174 0.6162 0.1602 -0.7553 0.1555 0.7303 0.1108 -0.6724 -0.0471 0.6991 0.1169 0.6973 -0.1064 0.8575 0.162 -0.488 -0.0151 0.6558 -0.0875 -0.74 -0.1213 0.9228 0.0265 0.3776 0.0716
0.813 -0.1001 -0.5724 0.0358 0.5414 -0.3924 -0.73 0.1412 0.7813 -0.2192 -0.584 -0.0184 0.8329 0.1284 -0.5094 0.174 0.6162 0.1602 -0.7553 0.1555 0.7303 0.1108 -0.6724 -0.0471 0.6991 0.1169 0.6973 -0.1064 0.8575 0.162 -0.488 -0.0151 0.6558 -0.0875 -0.74 -0.1213 0.9228 0.0265 0.3776 0.0716
0.813 -0.1001 -0.5724 0.0358 0.5414 -0.3924 -0.73 0.1412 0.7814 -0.2 -0.5911 0.0095 0.8329 0.1284 -0.5094 0.174 0.6162 0.1602 -0.7553 0.1555 0.7303 0.1108 -0.6724 -0.0471 0.9203 0.0126 0.3901 -0.0257 0.8575 0.162 -0.488 -0.0151 0.6558 -0.0875 -0.74 -0.1213 0.9228 0.0265 0.3776 0.0716
0.813 -0.1001 -0.5724 0.0358 0.5397 -0.3491 -0.7415 0.1924 0.7814 -0.2 -0.5911 0.0095 0.8265 0.1311 -0.5125 0.1924 0.6162 0.1602 -0.7553 0.1555 0.7303 0.1108 -0.6724 -0.0471 0.9203 0.0126 0.3901 -0.0257 0.8092 0.1368 -0.5712 -0.0144 0.6558 -0.0875 -0.74 -0.1213 0.9228 0.0265 0.3776 0.0716
0.813 -0.1001 -0.5724 0.0358 0.5397 -0.3491 -0.7415 0.1924 0.7814 -0.2 -0.5911 0.0095 0.8265 0.1311 -0.5125 0.1924 0.6162 0.1602 -0.7553 0.1555 0.7303 0.1108 -0.6724 -0.0471 0.9203 0.0126 0.3901 -0.0257 0.8092 0.1368 -0.5712 -0.0144 0.6558 -0.0875 -0.74 -0.1213 0.9228 0.0265 0.3776 0.0716
0.813 -0.1001 -0.5724 0.0358 0.5397 -0.3491 -0.7415 0.1924 0.7814 -0.2 -0.5911 0.0095 0.8265 0.1311 -0.5125 0.1924 0.6162 0.1602 -0.7553 0.1555 0.7336 0.1794 -0.6443 -0.1198 0.9203 0.0126 0.3901 -0.0257 0.8092 0.1368 -0.5712 -0.0144 0.6558 -0.0875 -0.74 -0.1213 0.9857 0.1177 0.0824 0.0882
0.813 -0.1001 -0.5724 0.0358 0.5397 -0.3491 -0.7415 0.1924 0.7814 -0.2 -0.5911 0.0095 0.8265 0.1311 -0.5125 0.1924 0.6162 0.1602 -0.7553 0.1555 0.7336 0.1794 -0.6443 -0.1198 0.9203 0.0126 0.3901 -0.0257 0.8092 0.1368 -0.5712 -0.0144 0.6558 -0.0875 -0.74 -0.1213 0.9857 0.1177 0.0824 0.0882
0.813 -0.1001 -0.5724 0.0358 0.5397 -0.3491 -0.7415 0.1924 0.7814 -0.2 -0.5911 0.0095 0.8265 0.1311 -0.5125 0.1924 0.6398 0.1732 -0.7394 0.1179 0.7336 0.1794 -0.6443 -0.1198 0.9203 0.0126 0.3901 -0.0257 0.8092 0.1368 -0.5712 -0.0144 0.5831 -0.0059 -0.7586 -0.2906 0.9857 0.1177 0.0824 0.0882
0.8265 -0.0826 -0.555 0.0455 0.5397 -0.3491 -0.7415 0.1924 0.7706 -0.1983 -0.6049 -0.0328 0.8265 0.1311 -0.5125 0.1924 0.6398 0.1732 -0.7394 0.1179 0.7336 0.1794 -0.6443 -0.1198 0.7745 0.054 0.6299 -0.0181 0.8092 0.1368 -0.5712 -0.0144 0.5831 -0.0059 -0.7586 -0.2906 0.9857 0.1177 0.0824 0.0882
0.8265 -0.0826 -0.555 0.0455 0.5397 -0.3491 -0.7415 0.1924 0.7706 -0.1983 -0.6049 -0.0328 0.8265 0.1311 -0.5125 0.1924 0.6398 0.1732 -0.7394 0.1179 0.7336 0.1794 -0.6443 -0.1198 0.7745 0.054 0.6299 -0.0181 0.7792 0.1519 -0.608 -0.0121 0.5831 -0.0059 -0.7586 -0.2906 0.9857 0.1177 0.0824 0.0882
0.8265 -0.0826 -0.555 0.0455 0.5397 -0.3491 -0.7415 0.1924 0.7706 -0.1983 -0.6049 -0.0328 0.8265 0.1311 -0.5125 0.1924 0.6398 0.1732 -0.7394 0.1179 0.7336 0.1794 -0.6443 -0.1198 0.7745 0.054 0.6299 -0.0181 0.7792 0.1519 -0.608 -0.0121 0.5831 -0.0059 -0.7586 -0.2906 0.9857 0.1177 0.0824 0.0882
0.8265 -0.0826 -0.555 0.0455 0.5826 -0.34 -0.7283 0.1207 0.7706 -0.1983 -0.6049 -0.0328 0.8094 0.1245 -0.5614 0.1196 0.6398 0.1732 -0.7394 0.1179 0.6906 0.2884 -0.5814 -0.3191 0.7745 0.054 0.6299 -0.0181 0.7792 0.1519 -0.608 -0.0121 0.5831 -0.0059 -0.7586 -0.2906 0.9857 0.1177 0.0824 0.0882
0.8265 -0.0826 -0.555 0.0455 0.5826 -0.34 -0.7283 0.1207 0.7706 -0.1983 -0.6049 -0.0328 0.8094 0.1245 -0.5614 0.1196 0.6398 0.1732 -0.7394 0.1179 0.6906 0.2884 -0.5814 -0.3191 0.7745 0.054 0.6299 -0.0181 0.7792 0.1519 -0.608 -0.0121 0.5831 -0.0059 -0.7586 -0.2906 0.9626 0.0726 0.2603 0.0209
0.8265 -0.0826 -0.555 0.0455 0.5826 -0.34 -0.7283 0.1207 0.7706 -0.1983 -0.6049 -0.0328 0.8094 0.1245 -0.5614 0.1196 0.6398 0.1732 -0.7394 0.1179 0.6906 0.2884 -0.5814 -0.3191 0.7745 0.054 0.6299 -0.0181 0.7792 0.1519 -0.608 -0.0121 0.5831 -0.0059 -0.7586 -0.2906 0.9626 0.0726 0.2603 0.0209
0.8265 -0.0826 -0.555 0.0455 0.5826 -0.34 -0.7283 0.1207 0.7706 -0.1983 -0.6049 -0.0328 0.8094 0.1245 -0.5614 0.1196 0.6545 0.0374 -0.7048 0.271 0.6906 0.2884 -0.5814 -0.3191 0.7745 0.054 0.6299 -0.0181 0.7792 0.1519 -0.608 -0.0121 0.6174 -0.1271 -0.7399 -0.2348 0.9626 0.0726 0.2603 0.0209
0.8265 -0.0826 -0.555 0.0455 0.5826 -0.34 -0.7283 0.1207 0.7311 -0.302 -0.5874 -0.1708 0.8094 0.1245 -0.5614 0.1196 0.6545 0.0374 -0.7048 0.271 0.6906 0.2884 -0.5814 -0.3191 0.7745 0.054 0.6299 -0.0181 0.7792 0.1519 -0.608 -0.0121 0.6174 -0.1271 -0.7399 -0.2348 0.9626 0.0726 0.2603 0.0209
0.8113 -0.0804 -0.5756 -0.0638 0.5826 -0.34 -0.7283 0.1207 0.7311 -0.302 -0.5874 -0.1708 0.8094 0.1245 -0.5614 0.1196 0.6545 0.0374 -0.7048 0.271 0.6906 0.2884 -0.5814 -0.3191 0.7745 0.054 0.6299 -0.0181 0.7792 0.1519 -0.608 -0.0121 0.6174 -0.1271 -0.7399 -0.2348 0.9626 0.0726 0.2603 0.0209
0.8113 -0.0804 -0.5756 -0.0638 0.6573 -0.3552 -0.6639 -0.032 0.7311 -0.302 -0.5874 -0.1708 0.8094 0.1245 -0.5614 0.1196 0.6545 0.0374 -0.7048 0.271 0.6906 0.2884 -0.5814 -0.3191 0.7745 0.054 0.6299 -0.0181 0.7276 0.2139 -0.647 0.079 0.6174 -0.1271 -0.7399 -0.2348 0.9626 0.0726 0.2603 0.0209
0.8113 -0.0804 -0.5756 -0.0638 0.6573 -0.3552 -0.6639 -0.032 0.7311 -0.302 -0.5874 -0.1708 0.8094 0.1245 -0.5614 0.1196 0.6545 0.0374 -0.7048 0.271 0.6906 0.2884 -0.5814 -0.3191 0.7745 0.054 0.6299 -0.0181 0.7276 0.2139 -0.647 0.079 0.6174 -0.1271 -0.7399 -0.2348 0.9626 0.0726 0.2603 0.0209
0.8113 -0.0804 -0.5756 -0.0638 0.6573 -0.3552 -0.6639 -0.032 0.7311 -0.302 -0.5874 -0.1708 0.8094 0.1245 -0.5614 0.1196 0.6545 0.0374 -0.7048 0.271 0.676 0.314 -0.5264 -0.4091 0.7745 0.054 0.6299 -0.0181 0.7276 0.2139 -0.647 0.079 0.6174 -0.1271 -0.7399 -0.2348 0.9448 0.056 0.3225 0.0095
0.8113 -0.0804 -0.5756 -0.0638 0.6573 -0.3552 -0.6639 -0.032 0.7311 -0.302 -0.5874 -0.1708 0.8094 0.1245 -0.5614 0.1196 0.6545 0.0374 -0.7048 0.271 0.676 0.314 -0.5264 -0.4091 0.7745 0.054 0.6299 -0.0181 0.7276 0.2139 -0.647 0.079 0.6174 -0.1271 -0.7399 -0.2348 0.9448 0.056 0.3225 0.0095
0.8113 -0.0804 -0.5756 -0.0638 0.6573 -0.3552 -0.6639 -0.032 0.7311 -0.302 -0.5874 -0.1708 0.8094 0.1245 -0.5614 0.1196 0.5881 -0.1308 -0.6126 0.5115 0.676 0.314 -0.5264 -0.4091 0.7745 0.054 0.6299 -0.0181 0.7276 0.2139 -0.647 0.079 0.6344 -0.1409 -0.7397 -0.1747 0.9448 0.056 0.3225 0.0095
0.8113 -0.0804 -0.5756 -0.0638 0.6573 -0.3552 -0.6639 -0.032 0.7311 -0.302 -0.5874 -0.1708 0.8094 0.1245 -0.5614 0.1196 0.5881 -0.1308 -0.6126 0.5115 0.676 0.314 -0.5264 -0.4091 0.7745 0.054 0.6299 -0.0181 0.7276 0.2139 -0.647 0.079 0.6344 -0.1409 -0.7397 -0.1747 0.9448 0.056 0.3225 0.0095
0.8113 -0.0804 -0.5756 -0.0638 0.6573 -0.3552 -0.6639 -0.032 0.7263 -0.3413 -0.5153 -0.3008 0.8094 0.1245 -0.5614 0.1196 0.5881 -0.1308 -0.6126 0.5115 0.676 0.314 -0.5264 -0.4091 0.7534 0.1012 0.6449 -0.0795 0.7276 0.2139 -0.647 0.079 0.6344 -0.1409 -0.7397 -0.1747 0.9448 0.056 0.3225 0.0095
0.8113 -0.0804 -0.5756 -0.0638 0.6573 -0.3552 -0.6639 -0.032 0.7263 -0.3413 -0.5153 -0.3008 0.8094 0.1245 -0.5614 0.1196 0.5881 -0.1308 -0.6126 0.5115 0.676 0.314 -0.5264 -0.4091 0.7534 0.1012 0.6449 -0.0795 0.7276 0.2139 -0.647 0.079 0.6344 -0.1409 -0.7397 -0.1747 0.9448 0.056 0.3225 0.0095
0.8113 -0.0804 -0.5756 -0.0638 0.6996 -0.3521 -0.6087 -0.1266 0.7263 -0.3413 -0.5153 -0.3008 0.7643 0.2223 -0.5615 -0.2263 0.5881 -0.1308 -0.6126 0.5115 0.7257 0.2313 -0.6207 -0.186 0.7534 0.1012 0.6449 -0.0795 0.7276 0.2139 -0.647 0.079 0.6344 -0.1409 -0.7397 -0.1747 0.9448 0.056 0.3225 0.0095
0.8113 -0.0804 -0.5756 -0.0638 0.6996 -0.3521 -0.6087 -0.1266 0.7263 -0.3413 -0.5153 -0.3008 0.7643 0.2223 -0.5615 -0.2263 0.5881 -0.1308 -0.6126 0.5115 0.7257 0.2313 -0.6207 -0.186 0.7534 0.1012 0.6449 -0.0795 0.7276 0.2139 -0.647 0.079 0.6344 -0.1409 -0.7397 -0.1747 0.9315 0.0779 0.355 0.0143
0.8113 -0.0804 -0.5756 -0.0638 0.6996 -0.3521 -0.6087 -0.1266 0.7263 -0.3413 -0.5153 -0.3008 0.7643 0.2223 -0.5615 -0.2263 0.5881 -0.1308 -0.6126 0.5115 0.7257 0.2313 -0.6207 -0.186 0.7534 0.1012 0.6449 -0.0795 0.7276 0.2139 -0.647 0.079 0.6592 -0.1627 -0.7231 -0.1266 0.9315 0.0779 0.355 0.0143
0.8113 -0.0804 -0.5756 -0.0638 0.6996 -0.3521 -0.6087 -0.1266 0.7263 -0.3413 -0.5153 -0.3008 0.7643 0.2223 -0.5615 -0.2263 0.485 -0.2063 -0.597 0.6047 0.7257 0.2313 -0.6207 -0.186 0.7534 0.1012 0.6449 -0.0795 0.7276 0.2139 -0.647 0.079 0.6592 -0.1627 -0.7231 -0.1266 0.9315 0.0779 0.355 0.0143
0.8113 -0.0804 -0.5756 -0.0638 0.6996 -0.3521 -0.6087 -0.1266 0.7263 -0.3413 -0.5153 -0.3008 0.7643 0.2223 -0.5615 -0.2263 0.485 -0.2063 -0.597 0.6047 0.7257 0.2313 -0.6207 -0.186 0.7534 0.1012 0.6449 -0.0795 0.7276 0.2139 -0.647 0.079 0.6592 -0.1627 -0.7231 -0.1266 0.9315 0.0779 0.355 0.0143
0.7834 -0.0783 -0.5685 -0.2388 0.6996 -0.3521 -0.6087 -0.1266 0.7263 -0.3413 -0.5153 -0.3008 0.7643 0.2223 -0.5615 -0.2263 0.485 -0.2063 -0.597 0.6047 0.7257 0.2313 -0.6207 -0.186 0.7534 0.1012 0.6449 -0.0795 0.7276 0.2139 -0.647 0.079 0.6592 -0.1627 -0.7231 -0.1266 0.9315 0.0779 0.355 0.0143
0.7834 -0.0783 -0.5685 -0.2388 0.73 -0.332 -0.5653 -0.1932 0.7263 -0.3413 -0.5153 -0.3008 0.7026 0.3074 -0.5487 -0.333 0.485 -0.2063 -0.597 0.6047 0.7257 0.2313 -0.6207 -0.186 0.7534 0.1012 0.6449 -0.0795 0.6022 0.2142 -0.7327 0.2339 0.6592 -0.1627 -0.7231 -0.1266 0.9315 0.0779 0.355 0.0143
0.7834 -0.0783 -0.5685 -0.2388 0.73 -0.332 -0.5653 -0.1932 0.7263 -0.3413 -0.5153 -0.3008 0.7026 0.3074 -0.5487 -0.333 0.485 -0.2063 -0.597 0.6047 0.7257 0.2313 -0.6207 -0.186 0.7534 0.1012 0.6449 -0.0795 0.6022 0.2142 -0.7327 0.2339 0.6592 -0.1627 -0.7231 -0.1266 0.9315 0.0779 0.355 0.0143
0.7834 -0.0783 -0.5685 -0.2388 0.73 -0.332 -0.5653 -0.1932 0.7263 -0.3413 -0.5153 -0.3008 0.7026 0.3074 -0.5487 -0.333 0.485 -0.2063 -0.597 0.6047 0.7312 0.0172 -0.6736 0.1062 0.7534 0.1012 0.6449 -0.0795 0.6022 0.2142 -0.7327 0.2339 0.6592 -0.1627 -0.7231 -0.1266 0.9146 0.0853 0.3953 0.0078
0.7834 -0.0783 -0.5685 -0.2388 0.73 -0.332 -0.5653 -0.1932 0.7263 -0.3413 -0.5153 -0.3008 0.7026 0.3074 -0.5487 -0.333 0.485 -0.2063 -0.597 0.6047 0.7312 0.0172 -0.6736 0.1062 0.7534 0.1012 0.6449 -0.0795 0.6022 0.2142 -0.7327 0.2339 0.6905 -0.2186 -0.6868 -0.0609 0.9146 0.0853 0.3953 0.0078
0.7834 -0.0783 -0.5685 -0.2388 0.73 -0.332 -0.5653 -0.1932 0.7263 -0.3413 -0.5153 -0.3008 0.7026 0.3074 -0.5487 -0.333 0.508 -0.0885 -0.6482 0.5603 0.7312 0.0172 -0.6736 0.1062 0.7534 0.1012 0.6449 -0.0795 0.6022 0.2142 -0.7327 0.2339 0.6905 -0.2186 -0.6868 -0.0609 0.9146 0.0853 0.3953 0.0078
0.7834 -0.0783 -0.5685 -0.2388 0.73 -0.332 -0.5653 -0.1932 0.7266 -0.3138 -0.487 -0.3693 0.7026 0.3074 -0.5487 -0.333 0.508 -0.0885 -0.6482 0.5603 0.7312 0.0172 -0.6736 0.1062 0.7534 0.1012 0.6449 -0.0795 0.6022 0.2142 -0.7327 0.2339 0.6905 -0.2186 -0.6868 -0.0609 0.9146 0.0853 0.3953 0.0078
0.7744 -0.0925 -0.5641 -0.2713 0.73 -0.332 -0.5653 -0.1932 0.7266 -0.3138 -0.487 -0.3693 0.7026 0.3074 -0.5487 -0.333 0.508 -0.0885 -0.6482 0.5603 0.7312 0.0172 -0.6736 0.1062 0.7534 0.1012 0.6449 -0.0795 0.6022 0.2142 -0.7327 0.2339 0.6905 -0.2186 -0.6868 -0.0609 0.9146 0.0853 0.3953 0.0078
0.7744 -0.0925 -0.5641 -0.2713 0.73 -0.332 -0.5653 -0.1932 0.7266 -0.3138 -0.487 -0.3693 0.7026 0.3074 -0.5487 -0.333 0.508 -0.0885 -0.6482 0.5603 0.7312 0.0172 -0.6736 0.1062 0.7534 0.1012 0.6449 -0.0795 0.6022 0.2142 -0.7327 0.2339 0.6905 -0.2186 -0.6868 -0.0609 0.9146 0.0853 0.3953 0.0078
0.7744 -0.0925 -0.5641 -0.2713 0.72 -0.3488 -0.5601 -0.2151 0.7266 -0.3138 -0.487 -0.3693 0.6793 0.2914 -0.5677 -0.3622 0.508 -0.0885 -0.6482 0.5603 0.7312 0.0172 -0.6736 0.1062 0.7534 0.1012 0.6449 -0.0795 0.5456 0.217 -0.7386 0.3311 0.6905 -0.2186 -0.6868 -0.0609 0.9146 0.0853 0.3953 0.0078
0.7744 -0.0925 -0.5641 -0.2713 0.72 -0.3488 -0.5601 -0.2151 0.7266 -0.3138 -0.487 -0.3693 0.6793 0.2914 -0.5677 -0.3622 0.508 -0.0885 -0.6482 0.5603 0.7206 -0.0873 -0.6693 0.1589 0.7534 0.1012 0.6449 -0.0795 0.5456 0.217 -0.7386 0.3311 0.6905 -0.2186 -0.6868 -0.0609 0.8684 0.0619 0.4918 -0.0153
0.7744 -0.0925 -0.5641 -0.2713 0.72 -0.3488 -0.5601 -0.2151 0.7266 -0.3138 -0.487 -0.3693 0.6793 0.2914 -0.5677 -0.3622 0.508 -0.0885 -0.6482 0.5603 0.7206 -0.0873 -0.6693 0.1589 0.7534 0.1012 0.6449 -0.0795 0.5456 0.217 -0.7386 0.3311 0.6905 -0.2186 -0.6868 -0.0609 0.8684 0.0619 0.4918 -0.0153
0.7744 -0.0925 -0.5641 -0.2713 0.72 -0.3488 -0.5601 -0.2151 0.7266 -0.3138 -0.487 -0.3693 0.6793 0.2914 -0.5677 -0.3622 0.5565 0.099 -0.6724 0.478 0.7206 -0.0873 -0.6693 0.1589 0.7534 0.1012 0.6449 -0.0795 0.5456 0.217 -0.7386 0.3311 0.7252 -0.2588 -0.6368 0.0394 0.8684 0.0619 0.4918 -0.0153
0.7744 -0.0925 -0.5641 -0.2713 0.72 -0.3488 -0.5601 -0.2151 0.7266 -0.3138 -0.487 -0.3693 0.6793 0.2914 -0.5677 -0.3622 0.5565 0.099 -0.6724 0.478 0.7206 -0.0873 -0.6693 0.1589 0.7534 0.1012 0.6449 -0.0795 0.5456 0.217 -0.7386 0.3311 0.7252 -0.2588 -0.6368 0.0394 0.8684 0.0619 0.4918 -0.0153
0.761 -0.1243 -0.5724 -0.2788 0.72 -0.3488 -0.5601 -0.2151 0.7586 -0.2813 -0.5075 -0.2963 0.6793 0.2914 -0.5677 -0.3622 0.5565 0.099 -0.6724 0.478 0.7206 -0.0873 -0.6693 0.1589 0.9852 0.047 0.1643 0.0153 0.5456 0.217 -0.7386 0.3311 0.7252 -0.2588 -0.6368 0.0394 0.8684 0.0619 0.4918 -0.0153
0.761 -0.1243 -0.5724 -0.2788 0.72 -0.3488 -0.5601 -0.2151 0.7586 -0.2813 -0.5075 -0.2963 0.6793 0.2914 -0.5677 -0.3622 0.5565 0.099 -0.6724 0.478 0.7206 -0.0873 -0.6693 0.1589 0.9852 0.047 0.1643 0.0153 0.5456 0.217 -0.7386 0.3311 0.7252 -0.2588 -0.6368 0.0394 0.8684 0.0619 0.4918 -0.0153
0.761 -0.1243 -0.5724 -0.2788 0.6986 -0.3394 -0.5982 -0.1973 0.7586 -0.2813 -0.5075 -0.2963 0.6793 0.2914 -0.5677 -0.3622 0.5565 0.099 -0.6724 0.478 0.7206 -0.0873 -0.6693 0.1589 0.9852 0.047 0.1643 0.0153 0.5438 0.2186 -0.7144 0.3822 0.7252 -0.2588 -0.6368 0.0394 0.8684 0.0619 0.4918 -0.0153
0.761 -0.1243 -0.5724 -0.2788 0.6986 -0.3394 -0.5982 -0.1973 0.7586 -0.2813 -0.5075 -0.2963 0.6793 0.2914 -0.5677 -0.3622 0.5565 0.099 -0.6724 0.478 0.7104 0.0094 -0.6811 0.1771 0.9852 0.047 0.1643 0.0153 0.5438 0.2186 -0.7144 0.3822 0.7252 -0.2588 -0.6368 0.0394 0.6204 -0.0896 0.778 -0.0433
0.761 -0.1243 -0.5724 -0.2788 0.6986 -0.3394 -0.5982 -0.1973 0.7586 -0.2813 -0.5075 -0.2963 0.6793 0.2914 -0.5677 -0.3622 0.5565 0.099 -0.6724 0.478 0.7104 0.0094 -0.6811 0.1771 0.9852 0.047 0.1643 0.0153 0.5438 0.2186 -0.7144 0.3822 0.7412 -0.3378 -0.5302 0.2355 0.6204 -0.0896 0.778 -0.0433
0.761 -0.1243 -0.5724 -0.2788 0.6986 -0.3394 -0.5982 -0.1973 0.7586 -0.2813 -0.5075 -0.2963 0.6793 0.2914 -0.5677 -0.3622 0.5752 0.1296 -0.7042 0.3956 0.7104 0.0094 -0.6811 0.1771 0.9852 0.047 0.1643 0.0153 0.5438 0.2186 -0.7144 0.3822 0.7412 -0.3378 -0.5302 0.2355 0.6204 -0.0896 0.778 -0.0433
0.7944 -0.0125 -0.6008 -0.089 0.6986 -0.3394 -0.5982 -0.1973 0.7548 -0.2814 -0.5599 -0.1941 0.6793 0.2914 -0.5677 -0.3622 0.5752 0.1296 -0.7042 0.3956 0.7104 0.0094 -0.6811 0.1771 0.9622 0.0357 0.2698 0.0087 0.5438 0.2186 -0.7144 0.3822 0.7412 -0.3378 -0.5302 0.2355 0.6204 -0.0896 0.778 -0.0433
0.7944 -0.0125 -0.6008 -0.089 0.6986 -0.3394 -0.5982 -0.1973 0.7548 -0.2814 -0.5599 -0.1941 0.6793 0.2914 -0.5677 -0.3622 0.5752 0.1296 -0.7042 0.3956 0.7104 0.0094 -0.6811 0.1771 0.9622 0.0357 0.2698 0.0087 0.7305 0.2062 -0.6068 0.236 0.7412 -0.3378 -0.5302 0.2355 0.6204 -0.0896 0.778 -0.0433
0.7944 -0.0125 -0.6008 -0.089 0.6937 -0.2914 -0.6578 -0.0343 0.7548 -0.2814 -0.5599 -0.1941 0.7964 0.0804 -0.5975 -0.0479 0.5752 0.1296 -0.7042 0.3956 0.7104 0.0094 -0.6811 0.1771 0.9622 0.0357 0.2698 0.0087 0.7305 0.2062 -0.6068 0.236 0.7412 -0.3378 -0.5302 0.2355 0.6204 -0.0896 0.778 -0.0433
0.7944 -0.0125 -0.6008 -0.089 0.6937 -0.2914 -0.6578 -0.0343 0.7548 -0.2814 -0.5599 -0.1941 0.7964 0.0804 -0.5975 -0.0479 0.5752 0.1296 -0.7042 0.3956 0.7104 0.0094 -0.6811 0.1771 0.9622 0.0357 0.2698 0.0087 0.7305 0.2062 -0.6068 0.236 0.7412 -0.3378 -0.5302 0.2355 0.6204 -0.0896 0.778 -0.0433
0.7944 -0.0125 -0.6008 -0.089 0.6937 -0.2914 -0.6578 -0.0343 0.7548 -0.2814 -0.5599 -0.1941 0.7964 0.0804 -0.5975 -0.0479 0.5752 0.1296 -0.7042 0.3956 0.7104 0.0094 -0.6811 0.1771 0.9622 0.0357 0.2698 0.0087 0.7305 0.2062 -0.6068 0.236 0.7412 -0.3378 -0.5302 0.2355 0.5082 -0.113 0.8536 -0.0182
0.7944 -0.0125 -0.6008 -0.089 0.6937 -0.2914 -0.6578 -0.0343 0.7548 -0.2814 -0.5599 -0.1941 0.7964 0.0804 -0.5975 -0.0479 0.5752 0.1296 -0.7042 0.3956 0.7104 0.0094 -0.6811 0.1771 0.9622 0.0357 0.2698 0.0087 0.7305 0.2062 -0.6068 0.236 0.7412 -0.3378 -0.5302 0.2355 0.5082 -0.113 0.8536 -0.0182
0.7944 -0.0125 -0.6008 -0.089 0.6937 -0.2914 -0.6578 -0.0343 0.7548 -0.2814 -0.5599 -0.1941 0.7964 0.0804 -0.5975 -0.0479 0.5967 0.1425 -0.743 0.2675 0.7104 0.0094 -0.6811 0.1771 0.9622 0.0357 0.2698 0.0087 0.7305 0.2062 -0.6068 0.236 0.7409 -0.3989 -0.4045 0.3583 0.5082 -0.113 0.8536 -0.0182
0.7944 -0.0125 -0.6008 -0.089 0.6937 -0.2914 -0.6578 -0.0343 0.759 -0.2669 -0.5824 -0.1161 0.7964 0.0804 -0.5975 -0.0479 0.5967 0.1425 -0.743 0.2675 0.7104 0.0094 -0.6811 0.1771 0.9622 0.0357 0.2698 0.0087 0.7305 0.2062 -0.6068 0.236 0.7409 -0.3989 -0.4045 0.3583 0.5082 -0.113 0.8536 -0.0182
0.8176 -0.035 -0.572 0.0567 0.6937 -0.2914 -0.6578 -0.0343 0.759 -0.2669 -0.5824 -0.1161 0.7964 0.0804 -0.5975 -0.0479 0.5967 0.1425 -0.743 0.2675 0.7104 0.0094 -0.6811 0.1771 0.9498 0.0281 0.3114 -0.002 0.8342 0.2011 -0.5053 0.0914 0.7409 -0.3989 -0.4045 0.3583 0.5082 -0.113 0.8536 -0.0182
0.8176 -0.035 -0.572 0.0567 0.6302 -0.3359 -0.6891 0.1227 0.759 -0.2669 -0.5824 -0.1161 0.8314 0.0741 -0.5415 0.1 0.5967 0.1425 -0.743 0.2675 0.7104 0.0094 -0.6811 0.1771 0.9498 0.0281 0.3114 -0.002 0.8342 0.2011 -0.5053 0.0914 0.7409 -0.3989 -0.4045 0.3583 0.5082 -0.113 0.8536 -0.0182
0.8176 -0.035 -0.572 0.0567 0.6302 -0.3359 -0.6891 0.1227 0.759 -0.2669 -0.5824 -0.1161 0.8314 0.0741 -0.5415 0.1 0.5967 0.1425 -0.743 0.2675 0.7104 0.0094 -0.6811 0.1771 0.9498 0.0281 0.3114 -0.002 0.8342 0.2011 -0.5053 0.0914 0.7409 -0.3989 -0.4045 0.3583 0.5082 -0.113 0.8536 -0.0182
0.8176 -0.035 -0.572 0.0567 0.6302 -0.3359 -0.6891 0.1227 0.759 -0.2669 -0.5824 -0.1161 0.8314 0.0741 -0.5415 0.1 0.5967 0.1425 -0.743 0.2675 0.7334 0.0928 -0.6734 -0.0089 0.9498 0.0281 0.3114 -0.002 0.8342 0.2011 -0.5053 0.0914 0.7409 -0.3989 -0.4045 0.3583 0.6957 -0.0532 0.7163 0.0067
0.8176 -0.035 -0.572 0.0567 0.6302 -0.3359 -0.6891 0.1227 0.759 -0.2669 -0.5824 -0.1161 0.8314 0.0741 -0.5415 0.1 0.5967 0.1425 -0.743 0.2675 0.7334 0.0928 -0.6734 -0.0089 0.9498 0.0281 0.3114 -0.002 0.8342 0.2011 -0.5053 0.0914 0.7409 -0.3989 -0.4045 0.3583 0.6957 -0.0532 0.7163 0.0067
0.8176 -0.035 -0.572 0.0567 0.6302 -0.3359 -0.6891 0.1227 0.759 -0.2669 -0.5824 -0.1161 0.8314 0.0741 -0.5415 0.1 0.6017 0.1266 -0.7545 0.2295 0.7334 0.0928 -0.6734 -0.0089 0.9498 0.0281 0.3114 -0.002 0.8342 0.2011 -0.5053 0.0914 0.7416 -0.3097 -0.5758 0.15 0.6957 -0.0532 0.7163 0.0067
0.8139 -0.1108 -0.5638 0.0863 0.6302 -0.3359 -0.6891 0.1227 0.7743 -0.2137 -0.5947 -0.0345 0.8314 0.0741 -0.5415 0.1 0.6017 0.1266 -0.7545 0.2295 0.7334 0.0928 -0.6734 -0.0089 0.9314 0.0143 0.3633 -0.0175 0.8342 0.2011 -0.5053 0.0914 0.7416 -0.3097 -0.5758 0.15 0.6957 -0.0532 0.7163 0.0067
0.8139 -0.1108 -0.5638 0.0863 0.6302 -0.3359 -0.6891 0.1227 0.7743 -0.2137 -0.5947 -0.0345 0.8314 0.0741 -0.5415 0.1 0.6017 0.1266 -0.7545 0.2295 0.7334 0.0928 -0.6734 -0.0089 0.9314 0.0143 0.3633 -0.0175 0.8342 0.2011 -0.5053 0.0914 0.7416 -0.3097 -0.5758 0.15 0.6957 -0.0532 0.7163 0.0067
0.8139 -0.1108 -0.5638 0.0863 0.5203 -0.4216 -0.7224 0.1724 0.7743 -0.2137 -0.5947 -0.0345 0.8316 0.1323 -0.4855 0.235 0.6017 0.1266 -0.7545 0.2295 0.7334 0.0928 -0.6734 -0.0089 0.9314 0.0143 0.3633 -0.0175 0.8342 0.2011 -0.5053 0.0914 0.7416 -0.3097 -0.5758 0.15 0.6957 -0.0532 0.7163 0.0067
0.8139 -0.1108 -0.5638 0.0863 0.5203 -0.4216 -0.7224 0.1724 0.7743 -0.2137 -0.5947 -0.0345 0.8316 0.1323 -0.4855 0.235 0.6017 0.1266 -0.7545 0.2295 0.7357 0.1769 -0.6473 -0.0923 0.9314 0.0143 0.3633 -0.0175 0.8342 0.2011 -0.5053 0.0914 0.7416 -0.3097 -0.5758 0.15 0.6957 -0.0532 0.7163 0.0067
0.8139 -0.1108 -0.5638 0.0863 0.5203 -0.4216 -0.7224 0.1724 0.7743 -0.2137 -0.5947 -0.0345 0.8316 0.1323 -0.4855 0.235 0.6017 0.1266 -0.7545 0.2295 0.7357 0.1769 -0.6473 -0.0923 0.9314 0.0143 0.3633 -0.0175 0.8342 0.2011 -0.5053 0.0914 0.7416 -0.3097 -0.5758 0.15 0.9434 0.0361 0.3207 0.076
0.8139 -0.1108 -0.5638 0.0863 0.5203 -0.4216 -0.7224 0.1724 0.7743 -0.2137 -0.5947 -0.0345 0.8316 0.1323 -0.4855 0.235 0.6017 0.1266 -0.7545 0.2295 0.7357 0.1769 -0.6473 -0.0923 0.9314 0.0143 0.3633 -0.0175 0.8342 0.2011 -0.5053 0.0914 0.6213 -0.0535 -0.7534 -0.2087 0.9434 0.0361 0.3207 0.076
0.8139 -0.1108 -0.5638 0.0863 0.5203 -0.4216 -0.7224 0.1724 0.7743 -0.2137 -0.5947 -0.0345 0.8316 0.1323 -0.4855 0.235 0.6243 0.1513 -0.7422 0.1909 0.7357 0.1769 -0.6473 -0.0923 0.9314 0.0143 0.3633 -0.0175 0.8342 0.2011 -0.5053 0.0914 0.6213 -0.0535 -0.7534 -0.2087 0.9434 0.0361 0.3207 0.076
0.8139 -0.1108 -0.5638 0.0863 0.5203 -0.4216 -0.7224 0.1724 0.7743 -0.2137 -0.5947 -0.0345 0.8316 0.1323 -0.4855 0.235 0.6243 0.1513 -0.7422 0.1909 0.7357 0.1769 -0.6473 -0.0923 0.9314 0.0143 0.3633 -0.0175 0.8342 0.2011 -0.5053 0.0914 0.6213 -0.0535 -0.7534 -0.2087 0.9434 0.0361 0.3207 0.076
0.8162 -0.0825 -0.5562 0.1333 0.5203 -0.4216 -0.7224 0.1724 0.7756 -0.1926 -0.601 -0.0104 0.8316 0.1323 -0.4855 0.235 0.6243 0.1513 -0.7422 0.1909 0.7357 0.1769 -0.6473 -0.0923 0.8806 0.0201 0.4731 -0.0154 0.7719 0.1627 -0.6144 0.0142 0.6213 -0.0535 -0.7534 -0.2087 0.9434 0.0361 0.3207 0.076
0.8162 -0.0825 -0.5562 0.1333 0.5203 -0.4216 -0.7224 0.1724 0.7756 -0.1926 -0.601 -0.0104 0.8212 0.1282 -0.5124 0.2161 0.6243 0.1513 -0.7422 0.1909 0.7357 0.1769 -0.6473 -0.0923 0.8806 0.0201 0.4731 -0.0154 0.7719 0.1627 -0.6144 0.0142 0.6213 -0.0535 -0.7534 -0.2087 0.9434 0.0361 0.3207 0.076
0.8162 -0.0825 -0.5562 0.1333 0.5203 -0.4216 -0.7224 0.1724 0.7756 -0.1926 -0.601 -0.0104 0.8212 0.1282 -0.5124 0.2161 0.6243 0.1513 -0.7422 0.1909 0.7357 0.1769 -0.6473 -0.0923 0.8806 0.0201 0.4731 -0.0154 0.7719 0.1627 -0.6144 0.0142 0.6213 -0.0535 -0.7534 -0.2087 0.9434 0.0361 0.3207 0.076
0.8162 -0.0825 -0.5562 0.1333 0.5203 -0.4216 -0.7224 0.1724 0.7756 -0.1926 -0.601 -0.0104 0.8212 0.1282 -0.5124 0.2161 0.6243 0.1513 -0.7422 0.1909 0.7295 0.2569 -0.6115 -0.1668 0.8806 0.0201 0.4731 -0.0154 0.7719 0.1627 -0.6144 0.0142 0.6213 -0.0535 -0.7534 -0.2087 0.9844 0.0695 0.1346 0.0892
0.8162 -0.0825 -0.5562 0.1333 0.5203 -0.4216 -0.7224 0.1724 0.7756 -0.1926 -0.601 -0.0104 0.8212 0.1282 -0.5124 0.2161 0.6243 0.1513 -0.7422 0.1909 0.7295 0.2569 -0.6115 -0.1668 0.8806 0.0201 0.4731 -0.0154 0.7719 0.1627 -0.6144 0.0142 0.6213 -0.0535 -0.7534 -0.2087 0.9844 0.0695 0.1346 0.0892
0.8162 -0.0825 -0.5562 0.1333 0.5203 -0.4216 -0.7224 0.1724 0.7756 -0.1926 -0.601 -0.0104 0.8212 0.1282 -0.5124 0.2161 0.6583 0.1441 -0.7211 0.1608 0.7295 0.2569 -0.6115 -0.1668 0.8806 0.0201 0.4731 -0.0154 0.7719 0.1627 -0.6144 0.0142 0.5982 -0.0308 -0.7629 -0.2432 0.9844 0.0695 0.1346 0.0892
0.8183 -0.1315 -0.5567 0.0557 0.5203 -0.4216 -0.7224 0.1724 0.7756 -0.1926 -0.601 -0.0104 0.8212 0.1282 -0.5124 0.2161 0.6583 0.1441 -0.7211 0.1608 0.7295 0.2569 -0.6115 -0.1668 0.8806 0.0201 0.4731 -0.0154 0.7719 0.1627 -0.6144 0.0142 0.5982 -0.0308 -0.7629 -0.2432 0.9844 0.0695 0.1346 0.0892
0.8183 -0.1315 -0.5567 0.0557 0.5203 -0.4216 -0.7224 0.1724 0.7756 -0.1926 -0.601 -0.0104 0.8212 0.1282 -0.5124 0.2161 0.6583 0.1441 -0.7211 0.1608 0.7295 0.2569 -0.6115 -0.1668 0.8806 0.0201 0.4731 -0.0154 0.7719 0.1627 -0.6144 0.0142 0.5982 -0.0308 -0.7629 -0.2432 0.9844 0.0695 0.1346 0.0892
0.8183 -0.1315 -0.5567 0.0557 0.5655 -0.3761 -0.7218 0.1333 0.7756 -0.1926 -0.601 -0.0104 0.8033 0.131 -0.5724 0.0992 0.6583 0.1441 -0.7211 0.1608 0.7295 0.2569 -0.6115 -0.1668 0.8806 0.0201 0.4731 -0.0154 0.7616 0.1876 -0.6198 0.0248 0.5982 -0.0308 -0.7629 -0.2432 0.9844 0.0695 0.1346 0.0892
0.8183 -0.1315 -0.5567 0.0557 0.5655 -0.3761 -0.7218 0.1333 0.7756 -0.1926 -0.601 -0.0104 0.8033 0.131 -0.5724 0.0992 0.6583 0.1441 -0.7211 0.1608 0.7295 0.2569 -0.6115 -0.1668 0.8806 0.0201 0.4731 -0.0154 0.7616 0.1876 -0.6198 0.0248 0.5982 -0.0308 -0.7629 -0.2432 0.9844 0.0695 0.1346 0.0892
0.8183 -0.1315 -0.5567 0.0557 0.5655 -0.3761 -0.7218 0.1333 0.7756 -0.1926 -0.601 -0.0104 0.8033 0.131 -0.5724 0.0992 0.6583 0.1441 -0.7211 0.1608 0.7053 0.291 -0.5369 -0.3601 0.8806 0.0201 0.4731 -0.0154 0.7616 0.1876 -0.6198 0.0248 0.5982 -0.0308 -0.7629 -0.2432 0.9512 0.0357 0.3047 0.032
0.8183 -0.1315 -0.5567 0.0557 0.5655 -0.3761 -0.7218 0.1333 0.7756 -0.1926 -0.601 -0.0104 0.8033 0.131 -0.5724 0.0992 0.6583 0.1441 -0.7211 0.1608 0.7053 0.291 -0.5369 -0.3601 0.8806 0.0201 0.4731 -0.0154 0.7616 0.1876 -0.6198 0.0248 0.5982 -0.0308 -0.7629 -0.2432 0.9512 0.0357 0.3047 0.032
0.8183 -0.1315 -0.5567 0.0557 0.5655 -0.3761 -0.7218 0.1333 0.7756 -0.1926 -0.601 -0.0104 0.8033 0.131 -0.5724 0.0992 0.6592 0.0047 -0.7056 0.2599 0.7053 0.291 -0.5369 -0.3601 0.8806 0.0201 0.4731 -0.0154 0.7616 0.1876 -0.6198 0.0248 0.6293 -0.1499 -0.7404 -0.1827 0.9512 0.0357 0.3047 0.032
0.8183 -0.1315 -0.5567 0.0557 0.5655 -0.3761 -0.7218 0.1333 0.7756 -0.1926 -0.601 -0.0104 0.8033 0.131 -0.5724 0.0992 0.6592 0.0047 -0.7056 0.2599 0.7053 0.291 -0.5369 -0.3601 0.8806 0.0201 0.4731 -0.0154 0.7616 0.1876 -0.6198 0.0248 0.6293 -0.1499 -0.7404 -0.1827 0.9512 0.0357 0.3047 0.032
0.8035 -0.1036 -0.5859 -0.0201 0.5655 -0.3761 -0.7218 0.1333 0.7331 -0.3064 -0.5746 -0.1962 0.8033 0.131 -0.5724 0.0992 0.6592 0.0047 -0.7056 0.2599 0.7053 0.291 -0.5369 -0.3601 0.5813 0.0981 0.7951 -0.1422 0.7616 0.1876 -0.6198 0.0248 0.6293 -0.1499 -0.7404 -0.1827 0.9512 0.0357 0.3047 0.032
0.8035 -0.1036 -0.5859 -0.0201 0.6485 -0.3561 -0.6727 -0.0092 0.7331 -0.3064 -0.5746 -0.1962 0.7974 0.1317 -0.5753 -0.1255 0.6592 0.0047 -0.7056 0.2599 0.7053 0.291 -0.5369 -0.3601 0.5813 0.0981 0.7951 -0.1422 0.7144 0.2256 -0.6523 0.1149 0.6293 -0.1499 -0.7404 -0.1827 0.9512 0.0357 0.3047 0.032
0.8035 -0.1036 -0.5859 -0.0201 0.6485 -0.3561 -0.6727 -0.0092 0.7331 -0.3064 -0.5746 -0.1962 0.7974 0.1317 -0.5753 -0.1255 0.6592 0.0047 -0.7056 0.2599 0.7053 0.291 -0.5369 -0.3601 0.5813 0.0981 0.7951 -0.1422 0.7144 0.2256 -0.6523 0.1149 0.6293 -0.1499 -0.7404 -0.1827 0.9512 0.0357 0.3047 0.032
0.8035 -0.1036 -0.5859 -0.0201 0.6485 -0.3561 -0.6727 -0.0092 0.7331 -0.3064 -0.5746 -0.1962 0.7974 0.1317 -0.5753 -0.1255 0.6592 0.0047 -0.7056 0.2599 0.7078 0.2527 -0.5559 -0.355 0.5813 0.0981 0.7951 -0.1422 0.7144 0.2256 -0.6523 0.1149 0.6293 -0.1499 -0.7404 -0.1827 0.9363 0.0406 0.3485 0.0125
0.8035 -0.1036 -0.5859 -0.0201 0.6485 -0.3561 -0.6727 -0.0092 0.7331 -0.3064 -0.5746 -0.1962 0.7974 0.1317 -0.5753 -0.1255 0.6592 0.0047 -0.7056 0.2599 0.7078 0.2527 -0.5559 -0.355 0.5813 0.0981 0.7951 -0.1422 0.7144 0.2256 -0.6523 0.1149 0.6293 -0.1499 -0.7404 -0.1827 0.9363 0.0406 0.3485 0.0125
0.8035 -0.1036 -0.5859 -0.0201 0.6485 -0.3561 -0.6727 -0.0092 0.7331 -0.3064 -0.5746 -0.1962 0.7974 0.1317 -0.5753 -0.1255 0.6107 -0.0473 -0.6691 0.4208 0.7078 0.2527 -0.5559 -0.355 0.5813 0.0981 0.7951 -0.1422 0.7144 0.2256 -0.6523 0.1149 0.6598 -0.1683 -0.7253 -0.1009 0.9363 0.0406 0.3485 0.0125
0.8035 -0.1036 -0.5859 -0.0201 0.6485 -0.3561 -0.6727 -0.0092 0.7331 -0.3064 -0.5746 -0.1962 0.7974 0.1317 -0.5753 -0.1255 0.6107 -0.0473 -0.6691 0.4208 0.7078 0.2527 -0.5559 -0.355 0.5813 0.0981 0.7951 -0.1422 0.7144 0.2256 -0.6523 0.1149 0.6598 -0.1683 -0.7253 -0.1009 0.9363 0.0406 0.3485 0.0125
0.7928 -0.1135 -0.583 -0.1364 0.6485 -0.3561 -0.6727 -0.0092 0.7337 -0.3177 -0.5087 -0.3193 0.7974 0.1317 -0.5753 -0.1255 0.6107 -0.0473 -0.6691 0.4208 0.7078 0.2527 -0.5559 -0.355 0.8104 0.1221 0.5659 -0.0908 0.7144 0.2256 -0.6523 0.1149 0.6598 -0.1683 -0.7253 -0.1009 0.9363 0.0406 0.3485 0.0125
0.7928 -0.1135 -0.583 -0.1364 0.6485 -0.3561 -0.6727 -0.0092 0.7337 -0.3177 -0.5087 -0.3193 0.7974 0.1317 -0.5753 -0.1255 0.6107 -0.0473 -0.6691 0.4208 0.7078 0.2527 -0.5559 -0.355 0.8104 0.1221 0.5659 -0.0908 0.6506 0.2462 -0.6888 0.204 0.6598 -0.1683 -0.7253 -0.1009 0.9363 0.0406 0.3485 0.0125
0.7928 -0.1135 -0.583 -0.1364 0.6988 -0.3243 -0.6312 -0.0903 0.7337 -0.3177 -0.5087 -0.3193 0.7548 0.2557 -0.5546 -0.2394 0.6107 -0.0473 -0.6691 0.4208 0.7078 0.2527 -0.5559 -0.355 0.8104 0.1221 0.5659 -0.0908 0.6506 0.2462 -0.6888 0.204 0.6598 -0.1683 -0.7253 -0.1009 0.9363 0.0406 0.3485 0.0125
0.7928 -0.1135 -0.583 -0.1364 0.6988 -0.3243 -0.6312 -0.0903 0.7337 -0.3177 -0.5087 -0.3193 0.7548 0.2557 -0.5546 -0.2394 0.6107 -0.0473 -0.6691 0.4208 0.7338 0.082 -0.6719 -0.0571 0.8104 0.1221 0.5659 -0.0908 0.6506 0.2462 -0.6888 0.204 0.6598 -0.1683 -0.7253 -0.1009 0.9199 0.0541 0.3882 0.0145
0.7928 -0.1135 -0.583 -0.1364 0.6988 -0.3243 -0.6312 -0.0903 0.7337 -0.3177 -0.5087 -0.3193 0.7548 0.2557 -0.5546 -0.2394 0.6107 -0.0473 -0.6691 0.4208 0.7338 0.082 -0.6719 -0.0571 0.8104 0.1221 0.5659 -0.0908 0.6506 0.2462 -0.6888 0.204 0.6598 -0.1683 -0.7253 -0.1009 0.9199 0.0541 0.3882 0.0145
0.7928 -0.1135 -0.583 -0.1364 0.6988 -0.3243 -0.6312 -0.0903 0.7337 -0.3177 -0.5087 -0.3193 0.7548 0.2557 -0.5546 -0.2394 0.5575 0.0247 -0.6823 0.4724 0.7338 0.082 -0.6719 -0.0571 0.8104 0.1221 0.5659 -0.0908 0.6506 0.2462 -0.6888 0.204 0.6929 -0.197 -0.6924 -0.0406 0.9199 0.0541 0.3882 0.0145
0.7928 -0.1135 -0.583 -0.1364 0.6988 -0.3243 -0.6312 -0.0903 0.7421 -0.2874 -0.4944 -0.3495 0.7548 0.2557 -0.5546 -0.2394 0.5575 0.0247 -0.6823 0.4724 0.7338 0.082 -0.6719 -0.0571 0.8104 0.1221 0.5659 -0.0908 0.6506 0.2462 -0.6888 0.204 0.6929 -0.197 -0.6924 -0.0406 0.9199 0.0541 0.3882 0.0145
0.7805 -0.1013 -0.5786 -0.2139 0.6988 -0.3243 -0.6312 -0.0903 0.7421 -0.2874 -0.4944 -0.3495 0.7548 0.2557 -0.5546 -0.2394 0.5575 0.0247 -0.6823 0.4724 0.7338 0.082 -0.6719 -0.0571 0.8104 0.1221 0.5659 -0.0908 0.6506 0.2462 -0.6888 0.204 0.6929 -0.197 -0.6924 -0.0406 0.9199 0.0541 0.3882 0.0145
0.7805 -0.1013 -0.5786 -0.2139 0.7147 -0.3263 -0.5981 -0.1581 0.7421 -0.2874 -0.4944 -0.3495 0.6961 0.3306 -0.5415 -0.3361 0.5575 0.0247 -0.6823 0.4724 0.7338 0.082 -0.6719 -0.0571 0.8104 0.1221 0.5659 -0.0908 0.5909 0.2549 -0.7066 0.2943 0.6929 -0.197 -0.6924 -0.0406 0.9199 0.0541 0.3882 0.0145
0.7805 -0.1013 -0.5786 -0.2139 0.7147 -0.3263 -0.5981 -0.1581 0.7421 -0.2874 -0.4944 -0.3495 0.6961 0.3306 -0.5415 -0.3361 0.5575 0.0247 -0.6823 0.4724 0.7338 0.082 -0.6719 -0.0571 0.8104 0.1221 0.5659 -0.0908 0.5909 0.2549 -0.7066 0.2943 0.6929 -0.197 -0.6924 -0.0406 0.9199 0.0541 0.3882 0.0145
0.7805 -0.1013 -0.5786 -0.2139 0.7147 -0.3263 -0.5981 -0.1581 0.7421 -0.2874 -0.4944 -0.3495 0.6961 0.3306 -0.5415 -0.3361 0.5575 0.0247 -0.6823 0.4724 0.7109 -0.1048 -0.67 0.186 0.8104 0.1221 0.5659 -0.0908 0.5909 0.2549 -0.7066 0.2943 0.6929 -0.197 -0.6924 -0.0406 0.8889 0.0434 0.4561 -0.0025
0.7805 -0.1013 -0.5786 -0.2139 0.7147 -0.3263 -0.5981 -0.1581 0.7421 -0.2874 -0.4944 -0.3495 0.6961 0.3306 -0.5415 -0.3361 0.5575 0.0247 -0.6823 0.4724 0.7109 -0.1048 -0.67 0.186 0.8104 0.1221 0.5659 -0.0908 0.5909 0.2549 -0.7066 0.2943 0.6929 -0.197 -0.6924 -0.0406 0.8889 0.0434 0.4561 -0.0025
0.7805 -0.1013 -0.5786 -0.2139 0.7147 -0.3263 -0.5981 -0.1581 0.7421 -0.2874 -0.4944 -0.3495 0.6961 0.3306 -0.5415 -0.3361 0.5616 0.0967 -0.6818 0.4587 0.7109 -0.1048 -0.67 0.186 0.8104 0.1221 0.5659 -0.0908 0.5909 0.2549 -0.7066 0.2943 0.7203 -0.2502 -0.6461 0.0345 0.8889 0.0434 0.4561 -0.0025
0.7679 -0.1288 -0.5745 -0.2522 0.7147 -0.3263 -0.5981 -0.1581 0.7538 -0.2888 -0.4865 -0.3341 0.6961 0.3306 -0.5415 -0.3361 0.5616 0.0967 -0.6818 0.4587 0.7109 -0.1048 -0.67 0.186 0.9931 0.0778 0.0873 -0.0082 0.5909 0.2549 -0.7066 0.2943 0.7203 -0.2502 -0.6461 0.0345 0.8889 0.0434 0.4561 -0.0025
0.7679 -0.1288 -0.5745 -0.2522 0.7147 -0.3263 -0.5981 -0.1581 0.7538 -0.2888 -0.4865 -0.3341 0.6961 0.3306 -0.5415 -0.3361 0.5616 0.0967 -0.6818 0.4587 0.7109 -0.1048 -0.67 0.186 0.9931 0.0778 0.0873 -0.0082 0.5702 0.251 -0.694 0.3609 0.7203 -0.2502 -0.6461 0.0345 0.8889 0.0434 0.4561 -0.0025
0.7679 -0.1288 -0.5745 -0.2522 0.7051 -0.3448 -0.5895 -0.1909 0.7538 -0.2888 -0.4865 -0.3341 0.6961 0.3306 -0.5415 -0.3361 0.5616 0.0967 -0.6818 0.4587 0.7109 -0.1048 -0.67 0.186 0.9931 0.0778 0.0873 -0.0082 0.5702 0.251 -0.694 0.3609 0.7203 -0.2502 -0.6461 0.0345 0.8889 0.0434 0.4561 -0.0025
0.7679 -0.1288 -0.5745 -0.2522 0.7051 -0.3448 -0.5895 -0.1909 0.7538 -0.2888 -0.4865 -0.3341 0.7068 0.2818 -0.5541 -0.3375 0.5616 0.0967 -0.6818 0.4587 0.7109 -0.1048 -0.67 0.186 0.9931 0.0778 0.0873 -0.0082 0.5702 0.251 -0.694 0.3609 0.7203 -0.2502 -0.6461 0.0345 0.8889 0.0434 0.4561 -0.0025
0.7679 -0.1288 -0.5745 -0.2522 0.7051 -0.3448 -0.5895 -0.1909 0.7538 -0.2888 -0.4865 -0.3341 0.7068 0.2818 -0.5541 -0.3375 0.5616 0.0967 -0.6818 0.4587 0.709 -0.0204 -0.6879 0.1535 0.9931 0.0778 0.0873 -0.0082 0.5702 0.251 -0.694 0.3609 0.7203 -0.2502 -0.6461 0.0345 0.8889 0.0434 0.4561 -0.0025
0.7679 -0.1288 -0.5745 -0.2522 0.7051 -0.3448 -0.5895 -0.1909 0.7538 -0.2888 -0.4865 -0.3341 0.7068 0.2818 -0.5541 -0.3375 0.5616 0.0967 -0.6818 0.4587 0.709 -0.0204 -0.6879 0.1535 0.9931 0.0778 0.0873 -0.0082 0.5702 0.251 -0.694 0.3609 0.7203 -0.2502 -0.6461 0.0345 0.8889 0.0434 0.4561 -0.0025
0.7679 -0.1288 -0.5745 -0.2522 0.7051 -0.3448 -0.5895 -0.1909 0.7538 -0.2888 -0.4865 -0.3341 0.7068 0.2818 -0.5541 -0.3375 0.5436 0.0895 -0.7 0.4544 0.709 -0.0204 -0.6879 0.1535 0.9931 0.0778 0.0873 -0.0082 0.5702 0.251 -0.694 0.3609 0.7481 -0.3076 -0.5583 0.1844 0.8889 0.0434 0.4561 -0.0025
0.7679 -0.1288 -0.5745 -0.2522 0.7051 -0.3448 -0.5895 -0.1909 0.7538 -0.2888 -0.4865 -0.3341 0.7068 0.2818 -0.5541 -0.3375 0.5436 0.0895 -0.7 0.4544 0.709 -0.0204 -0.6879 0.1535 0.9931 0.0778 0.0873 -0.0082 0.5702 0.251 -0.694 0.3609 0.7481 -0.3076 -0.5583 0.1844 0.8889 0.0434 0.4561 -0.0025
0.7839 -0.0914 -0.5933 -0.1586 0.7051 -0.3448 -0.5895 -0.1909 0.7538 -0.2888 -0.4865 -0.3341 0.7068 0.2818 -0.5541 -0.3375 0.5436 0.0895 -0.7 0.4544 0.709 -0.0204 -0.6879 0.1535 0.9585 0.0352 0.2823 -0.0185 0.5702 0.251 -0.694 0.3609 0.7481 -0.3076 -0.5583 0.1844 0.8889 0.0434 0.4561 -0.0025
0.7839 -0.0914 -0.5933 -0.1586 0.7051 -0.3448 -0.5895 -0.1909 0.7538 -0.2888 -0.4865 -0.3341 0.7068 0.2818 -0.5541 -0.3375 0.5436 0.0895 -0.7 0.4544 0.709 -0.0204 -0.6879 0.1535 0.9585 0.0352 0.2823 -0.0185 0.6605 0.265 -0.6193 0.3317 0.7481 -0.3076 -0.5583 0.1844 0.8889 0.0434 0.4561 -0.0025
0.7839 -0.0914 -0.5933 -0.1586 0.6972 -0.3098 -0.6425 -0.0721 0.7538 -0.2888 -0.4865 -0.3341 0.772 0.184 -0.5893 -0.1516 0.5436 0.0895 -0.7 0.4544 0.709 -0.0204 -0.6879 0.1535 0.9585 0.0352 0.2823 -0.0185 0.6605 0.265 -0.6193 0.3317 0.7481 -0.3076 -0.5583 0.1844 0.8889 0.0434 0.4561 -0.0025
0.7839 -0.0914 -0.5933 -0.1586 0.6972 -0.3098 -0.6425 -0.0721 0.7538 -0.2888 -0.4865 -0.3341 0.772 0.184 -0.5893 -0.1516 0.5436 0.0895 -0.7 0.4544 0.7188 0.0894 -0.6844 0.0831 0.9585 0.0352 0.2823 -0.0185 0.6605 0.265 -0.6193 0.3317 0.7481 -0.3076 -0.5583 0.1844 0.5913 -0.1223 0.7971 -0.0091
0.7839 -0.0914 -0.5933 -0.1586 0.6972 -0.3098 -0.6425 -0.0721 0.7538 -0.2888 -0.4865 -0.3341 0.772 0.184 -0.5893 -0.1516 0.5436 0.0895 -0.7 0.4544 0.7188 0.0894 -0.6844 0.0831 0.9585 0.0352 0.2823 -0.0185 0.6605 0.265 -0.6193 0.3317 0.7481 -0.3076 -0.5583 0.1844 0.5913 -0.1223 0.7971 -0.0091
0.7839 -0.0914 -0.5933 -0.1586 0.6972 -0.3098 -0.6425 -0.0721 0.7486 -0.2587 -0.5701 -0.2184 0.772 0.184 -0.5893 -0.1516 0.5436 0.0895 -0.7 0.4544 0.7188 0.0894 -0.6844 0.0831 0.9585 0.0352 0.2823 -0.0185 0.6605 0.265 -0.6193 0.3317 0.7481 -0.3076 -0.5583 0.1844 0.5913 -0.1223 0.7971 -0.0091
0.8187 -0.0629 -0.5707 -0.0014 0.6972 -0.3098 -0.6425 -0.0721 0.7486 -0.2587 -0.5701 -0.2184 0.772 0.184 -0.5893 -0.1516 0.5436 0.0895 -0.7 0.4544 0.7188 0.0894 -0.6844 0.0831 0.9585 0.0352 0.2823 -0.0185 0.6605 0.265 -0.6193 0.3317 0.7481 -0.3076 -0.5583 0.1844 0.5913 -0.1223 0.7971 -0.0091
0.8187 -0.0629 -0.5707 -0.0014 0.6972 -0.3098 -0.6425 -0.0721 0.7486 -0.2587 -0.5701 -0.2184 0.772 0.184 -0.5893 -0.1516 0.5436 0.0895 -0.7 0.4544 0.7188 0.0894 -0.6844 0.0831 0.9585 0.0352 0.2823 -0.0185 0.7808 0.2309 -0.5431 0.2052 0.7481 -0.3076 -0.5583 0.1844 0.5913 -0.1223 0.7971 -0.0091
0.8187 -0.0629 -0.5707 -0.0014 0.6548 -0.3165 -0.6817 0.0793 0.7486 -0.2587 -0.5701 -0.2184 0.772 0.184 -0.5893 -0.1516 0.5436 0.0895 -0.7 0.4544 0.7188 0.0894 -0.6844 0.0831 0.9585 0.0352 0.2823 -0.0185 0.7808 0.2309 -0.5431 0.2052 0.7481 -0.3076 -0.5583 0.1844 0.5913 -0.1223 0.7971 -0.0091
0.8187 -0.0629 -0.5707 -0.0014 0.6548 -0.3165 -0.6817 0.0793 0.7486 -0.2587 -0.5701 -0.2184 0.8096 0.0876 -0.5798 -0.0242 0.5436 0.0895 -0.7 0.4544 0.7215 0.1183 -0.6822 0.0085 0.9585 0.0352 0.2823 -0.0185 0.7808 0.2309 -0.5431 0.2052 0.7481 -0.3076 -0.5583 0.1844 0.5913 -0.1223 0.7971 -0.0091
0.8187 -0.0629 -0.5707 -0.0014 0.6548 -0.3165 -0.6817 0.0793 0.7486 -0.2587 -0.5701 -0.2184 0.8096 0.0876 -0.5798 -0.0242 0.5436 0.0895 -0.7 0.4544 0.7215 0.1183 -0.6822 0.0085 0.9585 0.0352 0.2823 -0.0185 0.7808 0.2309 -0.5431 0.2052 0.7481 -0.3076 -0.5583 0.1844 0.7935 -0.0897 0.5887 0.1255
0.8187 -0.0629 -0.5707 -0.0014 0.6548 -0.3165 -0.6817 0.0793 0.7486 -0.2587 -0.5701 -0.2184 0.8096 0.0876 -0.5798 -0.0242 0.5436 0.0895 -0.7 0.4544 0.7215 0.1183 -0.6822 0.0085 0.9585 0.0352 0.2823 -0.0185 0.7808 0.2309 -0.5431 0.2052 0.7207 -0.1072 -0.6724 0.1301 0.7935 -0.0897 0.5887 0.1255
0.8187 -0.0629 -0.5707 -0.0014 0.6548 -0.3165 -0.6817 0.0793 0.7486 -0.2587 -0.5701 -0.2184 0.8096 0.0876 -0.5798 -0.0242 0.581 0.1061 -0.7457 0.3083 0.7215 0.1183 -0.6822 0.0085 0.9585 0.0352 0.2823 -0.0185 0.7808 0.2309 -0.5431 0.2052 0.7207 -0.1072 -0.6724 0.1301 0.7935 -0.0897 0.5887 0.1255
0.8187 -0.0629 -0.5707 -0.0014 0.6548 -0.3165 -0.6817 0.0793 0.7486 -0.2587 -0.5701 -0.2184 0.8096 0.0876 -0.5798 -0.0242 0.581 0.1061 -0.7457 0.3083 0.7215 0.1183 -0.6822 0.0085 0.9585 0.0352 0.2823 -0.0185 0.7808 0.2309 -0.5431 0.2052 0.7207 -0.1072 -0.6724 0.1301 0.7935 -0.0897 0.5887 0.1255
0.8226 -0.0935 -0.5578 0.0591 0.6548 -0.3165 -0.6817 0.0793 0.7631 -0.2484 -0.5839 -0.1228 0.8096 0.0876 -0.5798 -0.0242 0.581 0.1061 -0.7457 0.3083 0.7215 0.1183 -0.6822 0.0085 0.9344 0.0206 0.3544 -0.0272 0.7808 0.2309 -0.5431 0.2052 0.7207 -0.1072 -0.6724 0.1301 0.7935 -0.0897 0.5887 0.1255
0.8226 -0.0935 -0.5578 0.0591 0.6548 -0.3165 -0.6817 0.0793 0.7631 -0.2484 -0.5839 -0.1228 0.8096 0.0876 -0.5798 -0.0242 0.581 0.1061 -0.7457 0.3083 0.7215 0.1183 -0.6822 0.0085 0.9344 0.0206 0.3544 -0.0272 0.7808 0.2309 -0.5431 0.2052 0.7207 -0.1072 -0.6724 0.1301 0.7935 -0.0897 0.5887 0.1255
0.8226 -0.0935 -0.5578 0.0591 0.5555 -0.3998 -0.7145 0.1452 0.7631 -0.2484 -0.5839 -0.1228 0.8288 0.1072 -0.5367 0.116 0.581 0.1061 -0.7457 0.3083 0.7215 0.1183 -0.6822 0.0085 0.9344 0.0206 0.3544 -0.0272 0.7808 0.2309 -0.5431 0.2052 0.7207 -0.1072 -0.6724 0.1301 0.7935 -0.0897 0.5887 0.1255
0.8226 -0.0935 -0.5578 0.0591 0.5555 -0.3998 -0.7145 0.1452 0.7631 -0.2484 -0.5839 -0.1228 0.8288 0.1072 -0.5367 0.116 0.581 0.1061 -0.7457 0.3083 0.7238 0.1693 -0.6641 -0.0806 0.9344 0.0206 0.3544 -0.0272 0.7808 0.2309 -0.5431 0.2052 0.7207 -0.1072 -0.6724 0.1301 0.9442 -0.0084 0.2732 0.184
0.8226 -0.0935 -0.5578 0.0591 0.5555 -0.3998 -0.7145 0.1452 0.7631 -0.2484 -0.5839 -0.1228 0.8288 0.1072 -0.5367 0.116 0.581 0.1061 -0.7457 0.3083 0.7238 0.1693 -0.6641 -0.0806 0.9344 0.0206 0.3544 -0.0272 0.7808 0.2309 -0.5431 0.2052 0.7207 -0.1072 -0.6724 0.1301 0.9442 -0.0084 0.2732 0.184
0.8226 -0.0935 -0.5578 0.0591 0.5555 -0.3998 -0.7145 0.1452 0.7791 -0.1967 -0.5934 -0.0477 0.8288 0.1072 -0.5367 0.116 0.581 0.1061 -0.7457 0.3083 0.7238 0.1693 -0.6641 -0.0806 0.9344 0.0206 0.3544 -0.0272 0.7808 0.2309 -0.5431 0.2052 0.7207 -0.1072 -0.6724 0.1301 0.9442 -0.0084 0.2732 0.184
0.8226 -0.0935 -0.5578 0.0591 0.5555 -0.3998 -0.7145 0.1452 0.7791 -0.1967 -0.5934 -0.0477 0.8288 0.1072 -0.5367 0.116 0.581 0.1061 -0.7457 0.3083 0.7238 0.1693 -0.6641 -0.0806 0.9344 0.0206 0.3544 -0.0272 0.7808 0.2309 -0.5431 0.2052 0.7207 -0.1072 -0.6724 0.1301 0.9442 -0.0084 0.2732 0.184
0.8226 -0.0935 -0.5578 0.0591 0.5555 -0.3998 -0.7145 0.1452 0.7791 -0.1967 -0.5934 -0.0477 0.8288 0.1072 -0.5367 0.116 0.581 0.1061 -0.7457 0.3083 0.7238 0.1693 -0.6641 -0.0806 0.9344 0.0206 0.3544 -0.0272 0.7808 0.2309 -0.5431 0.2052 0.7207 -0.1072 -0.6724 0.1301 0.9442 -0.0084 0.2732 0.184
0.8226 -0.0935 -0.5578 0.0591 0.5394 -0.385 -0.7201 0.2055 0.7791 -0.1967 -0.5934 -0.0477 0.8246 0.1476 -0.5117 0.1911 0.581 0.1061 -0.7457 0.3083 0.7238 0.1693 -0.6641 -0.0806 0.9344 0.0206 0.3544 -0.0272 0.7922 0.2086 -0.5711 0.0515 0.7207 -0.1072 -0.6724 0.1301 0.9442 -0.0084 0.2732 0.184
0.8226 -0.0935 -0.5578 0.0591 0.5394 -0.385 -0.7201 0.2055 0.7791 -0.1967 -0.5934 -0.0477 0.8246 0.1476 -0.5117 0.1911 0.581 0.1061 -0.7457 0.3083 0.7212 0.2292 -0.6309 -0.1713 0.9344 0.0206 0.3544 -0.0272 0.7922 0.2086 -0.5711 0.0515 0.7207 -0.1072 -0.6724 0.1301 0.9442 -0.0084 0.2732 0.184
0.8226 -0.0935 -0.5578 0.0591 0.5394 -0.385 -0.7201 0.2055 0.7791 -0.1967 -0.5934 -0.0477 0.8246 0.1476 -0.5117 0.1911 0.581 0.1061 -0.7457 0.3083 0.7212 0.2292 -0.6309 -0.1713 0.9344 0.0206 0.3544 -0.0272 0.7922 0.2086 -0.5711 0.0515 0.7207 -0.1072 -0.6724 0.1301 0.9442 -0.0084 0.2732 0.184
0.8226 -0.0935 -0.5578 0.0591 0.5394 -0.385 -0.7201 0.2055 0.7791 -0.1967 -0.5934 -0.0477 0.8246 0.1476 -0.5117 0.1911 0.581 0.1061 -0.7457 0.3083 0.7212 0.2292 -0.6309 -0.1713 0.9344 0.0206 0.3544 -0.0272 0.7922 0.2086 -0.5711 0.0515 0.7207 -0.1072 -0.6724 0.1301 0.9442 -0.0084 0.2732 0.184
0.8226 -0.0935 -0.5578 0.0591 0.5394 -0.385 -0.7201 0.2055 0.7738 -0.1956 -0.599 -0.0643 0.8246 0.1476 -0.5117 0.1911 0.581 0.1061 -0.7457 0.3083 0.7212 0.2292 -0.6309 -0.1713 0.9344 0.0206 0.3544 -0.0272 0.7922 0.2086 -0.5711 0.0515 0.7207 -0.1072 -0.6724 0.1301 0.9442 -0.0084 0.2732 0.184
0.8226 -0.0935 -0.5578 0.0591 0.5394 -0.385 -0.7201 0.2055 0.7738 -0.1956 -0.599 -0.0643 0.8246 0.1476 -0.5117 0.1911 0.581 0.1061 -0.7457 0.3083 0.7212 0.2292 -0.6309 -0.1713 0.9344 0.0206 0.3544 -0.0272 0.7922 0.2086 -0.5711 0.0515 0.7207 -0.1072 -0.6724 0.1301 0.9442 -0.0084 0.2732 0.184
0.8204 -0.1105 -0.5532 0.0939 0.5394 -0.385 -0.7201 0.2055 0.7738 -0.1956 -0.599 -0.0643 0.8246 0.1476 -0.5117 0.1911 0.581 0.1061 -0.7457 0.3083 0.7212 0.2292 -0.6309 -0.1713 0.7991 0.0281 0.5995 -0.035 0.7931 0.2366 -0.5593 0.0479 0.7207 -0.1072 -0.6724 0.1301 0.9442 -0.0084 0.2732 0.184
0.8204 -0.1105 -0.5532 0.0939 0.5394 -0.385 -0.7201 0.2055 0.7738 -0.1956 -0.599 -0.0643 0.8246 0.1476 -0.5117 0.1911 0.581 0.1061 -0.7457 0.3083 0.7212 0.2292 -0.6309 -0.1713 0.7991 0.0281 0.5995 -0.035 0.7931 0.2366 -0.5593 0.0479 0.7207 -0.1072 -0.6724 0.1301 0.9442 -0.0084 0.2732 0.184
0.8204 -0.1105 -0.5532 0.0939 0.5623 -0.3729 -0.7208 0.1589 0.7738 -0.1956 -0.599 -0.0643 0.8213 0.1259 -0.5389 0.1387 0.581 0.1061 -0.7457 0.3083 0.7212 0.2292 -0.6309 -0.1713 0.7991 0.0281 0.5995 -0.035 0.7931 0.2366 -0.5593 0.0479 0.7207 -0.1072 -0.6724 0.1301 0.9442 -0.0084 0.2732 0.184
0.8204 -0.1105 -0.5532 0.0939 0.5623 -0.3729 -0.7208 0.1589 0.7738 -0.1956 -0.599 -0.0643 0.8213 0.1259 -0.5389 0.1387 0.581 0.1061 -0.7457 0.3083 0.7212 0.2292 -0.6309 -0.1713 0.7991 0.0281 0.5995 -0.035 0.7931 0.2366 -0.5593 0.0479 0.7207 -0.1072 -0.6724 0.1301 0.9697 0.0764 0.2256 0.0537
0.8204 -0.1105 -0.5532 0.0939 0.5623 -0.3729 -0.7208 0.1589 0.7738 -0.1956 -0.599 -0.0643 0.8213 0.1259 -0.5389 0.1387 0.581 0.1061 -0.7457 0.3083 0.7212 0.2292 -0.6309 -0.1713 0.7991 0.0281 0.5995 -0.035 0.7931 0.2366 -0.5593 0.0479 0.7207 -0.1072 -0.6724 0.1301 0.9697 0.0764 0.2256 0.0537
0.8204 -0.1105 -0.5532 0.0939 0.5623 -0.3729 -0.7208 0.1589 0.7738 -0.1956 -0.599 -0.0643 0.8213 0.1259 -0.5389 0.1387 0.581 0.1061 -0.7457 0.3083 0.7212 0.2292 -0.6309 -0.1713 0.7991 0.0281 0.5995 -0.035 0.7931 0.2366 -0.5593 0.0479 0.7207 -0.1072 -0.6724 0.1301 0.9697 0.0764 0.2256 0.0537
0.8041 -0.1501 -0.5753 0.0051 0.5623 -0.3729 -0.7208 0.1589 0.7563 -0.2186 -0.5983 -0.1492 0.8213 0.1259 -0.5389 0.1387 0.581 0.1061 -0.7457 0.3083 0.7212 0.2292 -0.6309 -0.1713 0.524 0.0406 0.8452 -0.0976 0.7931 0.2366 -0.5593 0.0479 0.7207 -0.1072 -0.6724 0.1301 0.9697 0.0764 0.2256 0.0537
0.8041 -0.1501 -0.5753 0.0051 0.5623 -0.3729 -0.7208 0.1589 0.7563 -0.2186 -0.5983 -0.1492 0.8213 0.1259 -0.5389 0.1387 0.581 0.1061 -0.7457 0.3083 0.7212 0.2292 -0.6309 -0.1713 0.524 0.0406 0.8452 -0.0976 0.8111 0.2198 -0.5417 0.0173 0.7207 -0.1072 -0.6724 0.1301 0.9697 0.0764 0.2256 0.0537
0.8041 -0.1501 -0.5753 0.0051 0.6223 -0.3596 -0.6934 0.0513 0.7563 -0.2186 -0.5983 -0.1492 0.819 0.1364 -0.5568 0.0255 0.581 0.1061 -0.7457 0.3083 0.7212 0.2292 -0.6309 -0.1713 0.524 0.0406 0.8452 -0.0976 0.8111 0.2198 -0.5417 0.0173 0.7207 -0.1072 -0.6724 0.1301 0.9697 0.0764 0.2256 0.0537
0.8041 -0.1501 -0.5753 0.0051 0.6223 -0.3596 -0.6934 0.0513 0.7563 -0.2186 -0.5983 -0.1492 0.819 0.1364 -0.5568 0.0255 0.581 0.1061 -0.7457 0.3083 0.7212 0.2292 -0.6309 -0.1713 0.524 0.0406 0.8452 -0.0976 0.8111 0.2198 -0.5417 0.0173 0.7207 -0.1072 -0.6724 0.1301 0.9697 0.0764 0.2256 0.0537
0.8041 -0.1501 -0.5753 0.0051 0.6223 -0.3596 -0.6934 0.0513 0.7563 -0.2186 -0.5983 -0.1492 0.819 0.1364 -0.5568 0.0255 0.581 0.1061 -0.7457 0.3083 0.7224 0.2259 -0.5211 -0.3945 0.524 0.0406 0.8452 -0.0976 0.8111 0.2198 -0.5417 0.0173 0.7207 -0.1072 -0.6724 0.1301 0.9697 0.0764 0.2256 0.0537
0.8041 -0.1501 -0.5753 0.0051 0.6223 -0.3596 -0.6934 0.0513 0.7563 -0.2186 -0.5983 -0.1492 0.819 0.1364 -0.5568 0.0255 0.581 0.1061 -0.7457 0.3083 0.7224 0.2259 -0.5211 -0.3945 0.524 0.0406 0.8452 -0.0976 0.8111 0.2198 -0.5417 0.0173 0.7207 -0.1072 -0.6724 0.1301 0.9697 0.0764 0.2256 0.0537
0.8041 -0.1501 -0.5753 0.0051 0.6223 -0.3596 -0.6934 0.0513 0.7289 -0.3177 -0.5126 -0.3239 0.819 0.1364 -0.5568 0.0255 0.6533 -0.0258 -0.6789 0.3342 0.7224 0.2259 -0.5211 -0.3945 0.524 0.0406 0.8452 -0.0976 0.8111 0.2198 -0.5417 0.0173 0.6323 -0.1237 -0.7445 -0.175 0.9697 0.0764 0.2256 0.0537
0.8065 -0.1183 -0.5789 -0.0205 0.6223 -0.3596 -0.6934 0.0513 0.7289 -0.3177 -0.5126 -0.3239 0.819 0.1364 -0.5568 0.0255 0.6533 -0.0258 -0.6789 0.3342 0.7224 0.2259 -0.5211 -0.3945 0.7001 0.1107 0.6861 -0.1637 0.8111 0.2198 -0.5417 0.0173 0.6323 -0.1237 -0.7445 -0.175 0.9697 0.0764 0.2256 0.0537
0.8065 -0.1183 -0.5789 -0.0205 0.6223 -0.3596 -0.6934 0.0513 0.7289 -0.3177 -0.5126 -0.3239 0.819 0.1364 -0.5568 0.0255 0.6533 -0.0258 -0.6789 0.3342 0.7224 0.2259 -0.5211 -0.3945 0.7001 0.1107 0.6861 -0.1637 0.7704 0.2466 -0.5831 0.0749 0.6323 -0.1237 -0.7445 -0.175 0.9697 0.0764 0.2256 0.0537
