rt-uaw rt-uax rt-uay rt-uaz rt-faw rt-fax rt-fay rt-faz rt-thw rt-thx rt-thy rt-thz rt-llw rt-llx rt-lly rt-llz rt-ftw rt-ftx rt-fty rt-ftz lt-uaw lt-uax lt-uay lt-uaz lt-faw lt-fax lt-fay lt-faz lt-thw lt-thx lt-thy lt-thz lt-llw lt-llx lt-lly lt-llz lt-ftw lt-ftx lt-fty lt-ftz 
0.7769 -0.0117 -0.6293 0.0146 0.6277 -0.1756 -0.7539 0.0823 0.748 -0.1579 -0.6414 -0.065 0.7698 0.1121 -0.6227 -0.084 0.6633 -0.0793 -0.7438 0.0216 0.7614 0.0117 -0.6483 0.0062 0.954 0.019 0.2979 -0.0287 0.6783 -0.0462 -0.733 0.0207 0.7064 0.0315 -0.7068 -0.0231 0.9377 0.0945 0.3342 -0.0046
0.7769 -0.0117 -0.6293 0.0146 0.6277 -0.1756 -0.7539 0.0823 0.748 -0.1579 -0.6414 -0.065 0.7698 0.1121 -0.6227 -0.084 0.6633 -0.0793 -0.7438 0.0216 0.7614 0.0117 -0.6483 0.0062 0.954 0.019 0.2979 -0.0287 0.6783 -0.0462 -0.733 0.0207 0.7069 0.027 -0.7064 -0.0213 0.9377 0.0945 0.3342 -0.0046
0.7769 -0.0117 -0.6293 0.0146 0.6277 -0.1756 -0.7539 0.0823 0.748 -0.1579 -0.6414 -0.065 0.7698 0.1121 -0.6227 -0.084 0.6633 -0.0793 -0.7438 0.0216 0.7614 0.0117 -0.6483 0.0062 0.954 0.019 0.2979 -0.0287 0.6783 -0.0462 -0.733 0.0207 0.7069 0.027 -0.7064 -0.0213 0.9377 0.0945 0.3342 -0.0046
0.7769 -0.0117 -0.6293 0.0146 0.6277 -0.1756 -0.7539 0.0823 0.748 -0.1579 -0.6414 -0.065 0.7698 0.1121 -0.6227 -0.084 0.6633 -0.0793 -0.7438 0.0216 0.7614 0.0117 -0.6483 0.0062 0.9515 0.0258 0.3053 -0.0285 0.6783 -0.0462 -0.733 0.0207 0.7069 0.027 -0.7064 -0.0213 0.9377 0.0945 0.3342 -0.0046
0.7769 -0.0117 -0.6293 0.0146 0.6277 -0.1756 -0.7539 0.0823 0.748 -0.1579 -0.6414 -0.065 0.7698 0.1121 -0.6227 -0.084 0.6633 -0.0793 -0.7438 0.0216 0.7614 0.0117 -0.6483 0.0062 0.9515 0.0258 0.3053 -0.0285 0.6783 -0.0462 -0.733 0.0207 0.7069 0.027 -0.7064 -0.0213 0.9368 0.0954 0.3367 -0.0055
0.7792 -0.0063 -0.6265 0.0205 0.6277 -0.1756 -0.7539 0.0823 0.748 -0.1579 -0.6414 -0.065 0.7708 0.1325 -0.6193 -0.0697 0.6633 -0.0793 -0.7438 0.0216 0.7603 0.015 -0.6494 0.0073 0.9515 0.0258 0.3053 -0.0285 0.6783 -0.0462 -0.733 0.0207 0.7069 0.027 -0.7064 -0.0213 0.9368 0.0954 0.3367 -0.0055
0.7792 -0.0063 -0.6265 0.0205 0.6277 -0.1756 -0.7539 0.0823 0.748 -0.1579 -0.6414 -0.065 0.7708 0.1325 -0.6193 -0.0697 0.6633 -0.0793 -0.7438 0.0216 0.7603 0.015 -0.6494 0.0073 0.9515 0.0258 0.3053 -0.0285 0.6783 -0.0462 -0.733 0.0207 0.7069 0.027 -0.7064 -0.0213 0.9368 0.0954 0.3367 -0.0055
0.7792 -0.0063 -0.6265 0.0205 0.6277 -0.1756 -0.7539 0.0823 0.748 -0.1579 -0.6414 -0.065 0.7708 0.1325 -0.6193 -0.0697 0.6633 -0.0793 -0.7438 0.0216 0.7603 0.015 -0.6494 0.0073 0.9515 0.0258 0.3053 -0.0285 0.6783 -0.0462 -0.733 0.0207 0.7069 0.027 -0.7064 -0.0213 0.9368 0.0954 0.3367 -0.0055
0.7792 -0.0063 -0.6265 0.0205 0.6292 -0.1655 -0.7542 0.0897 0.7465 -0.1569 -0.6437 -0.0617 0.7708 0.1325 -0.6193 -0.0697 0.6633 -0.0793 -0.7438 0.0216 0.7603 0.015 -0.6494 0.0073 0.9515 0.0258 0.3053 -0.0285 0.6783 -0.0462 -0.733 0.0207 0.7069 0.027 -0.7064 -0.0213 0.9368 0.0954 0.3367 -0.0055
0.7792 -0.0063 -0.6265 0.0205 0.6292 -0.1655 -0.7542 0.0897 0.7465 -0.1569 -0.6437 -0.0617 0.7708 0.1325 -0.6193 -0.0697 0.6633 -0.0793 -0.7438 0.0216 0.7603 0.015 -0.6494 0.0073 0.9515 0.0258 0.3053 -0.0285 0.6783 -0.0462 -0.733 0.0207 0.7075 0.0113 -0.7063 -0.0204 0.9368 0.0954 0.3367 -0.0055
0.7792 -0.0063 -0.6265 0.0205 0.6292 -0.1655 -0.7542 0.0897 0.7465 -0.1569 -0.6437 -0.0617 0.7708 0.1325 -0.6193 -0.0697 0.6633 -0.0793 -0.7438 0.0216 0.7603 0.015 -0.6494 0.0073 0.9515 0.0258 0.3053 -0.0285 0.6783 -0.0462 -0.733 0.0207 0.7075 0.0113 -0.7063 -0.0204 0.9368 0.0954 0.3367 -0.0055
0.7792 -0.0063 -0.6265 0.0205 0.6292 -0.1655 -0.7542 0.0897 0.7465 -0.1569 -0.6437 -0.0617 0.7708 0.1325 -0.6193 -0.0697 0.6633 -0.0793 -0.7438 0.0216 0.7603 0.015 -0.6494 0.0073 0.9515 0.0258 0.3053 -0.0285 0.6783 -0.0462 -0.733 0.0207 0.7075 0.0113 -0.7063 -0.0204 0.9368 0.0954 0.3367 -0.0055
0.7792 -0.0063 -0.6265 0.0205 0.6292 -0.1655 -0.7542 0.0897 0.7465 -0.1569 -0.6437 -0.0617 0.7675 0.1395 -0.6227 -0.0616 0.6633 -0.0793 -0.7438 0.0216 0.7603 0.015 -0.6494 0.0073 0.9515 0.0258 0.3053 -0.0285 0.6783 -0.0462 -0.733 0.0207 0.7075 0.0113 -0.7063 -0.0204 0.9368 0.0954 0.3367 -0.0055
0.7792 -0.0063 -0.6265 0.0205 0.6292 -0.1655 -0.7542 0.0897 0.7465 -0.1569 -0.6437 -0.0617 0.7675 0.1395 -0.6227 -0.0616 0.6633 -0.0793 -0.7438 0.0216 0.764 0.0275 -0.6445 0.0118 0.9515 0.0258 0.3053 -0.0285 0.6783 -0.0462 -0.733 0.0207 0.7075 0.0113 -0.7063 -0.0204 0.9368 0.0954 0.3367 -0.0055
0.7792 -0.0063 -0.6265 0.0205 0.6292 -0.1655 -0.7542 0.0897 0.7462 -0.155 -0.6454 -0.0511 0.7675 0.1395 -0.6227 -0.0616 0.6633 -0.0793 -0.7438 0.0216 0.764 0.0275 -0.6445 0.0118 0.9515 0.0258 0.3053 -0.0285 0.6783 -0.0462 -0.733 0.0207 0.7075 0.0113 -0.7063 -0.0204 0.9368 0.0954 0.3367 -0.0055
0.7792 -0.0063 -0.6265 0.0205 0.6292 -0.1655 -0.7542 0.0897 0.7462 -0.155 -0.6454 -0.0511 0.7675 0.1395 -0.6227 -0.0616 0.6633 -0.0793 -0.7438 0.0216 0.764 0.0275 -0.6445 0.0118 0.9515 0.0258 0.3053 -0.0285 0.6783 -0.0462 -0.733 0.0207 0.7075 0.0113 -0.7063 -0.0204 0.9368 0.0954 0.3367 -0.0055
0.7792 -0.0063 -0.6265 0.0205 0.6292 -0.1655 -0.7542 0.0897 0.7462 -0.155 -0.6454 -0.0511 0.7675 0.1395 -0.6227 -0.0616 0.6633 -0.0793 -0.7438 0.0216 0.764 0.0275 -0.6445 0.0118 0.9515 0.0258 0.3053 -0.0285 0.6783 -0.0462 -0.733 0.0207 0.7097 -0.0104 -0.7043 -0.0111 0.9368 0.0954 0.3367 -0.0055
0.7792 -0.0063 -0.6265 0.0205 0.6292 -0.1655 -0.7542 0.0897 0.7462 -0.155 -0.6454 -0.0511 0.7675 0.1395 -0.6227 -0.0616 0.6633 -0.0793 -0.7438 0.0216 0.764 0.0275 -0.6445 0.0118 0.9515 0.0258 0.3053 -0.0285 0.6783 -0.0462 -0.733 0.0207 0.7097 -0.0104 -0.7043 -0.0111 0.9368 0.0954 0.3367 -0.0055
0.7792 -0.0063 -0.6265 0.0205 0.6292 -0.1655 -0.7542 0.0897 0.7462 -0.155 -0.6454 -0.0511 0.7675 0.1395 -0.6227 -0.0616 0.6633 -0.0793 -0.7438 0.0216 0.764 0.0275 -0.6445 0.0118 0.9515 0.0258 0.3053 -0.0285 0.6783 -0.0462 -0.733 0.0207 0.7097 -0.0104 -0.7043 -0.0111 0.9368 0.0954 0.3367 -0.0055
0.7871 0.015 -0.6162 0.0233 0.6292 -0.1655 -0.7542 0.0897 0.7462 -0.155 -0.6454 -0.0511 0.756 0.1475 -0.6352 -0.0565 0.6633 -0.0793 -0.7438 0.0216 0.7732 0.0383 -0.6329 -0.0045 0.9515 0.0258 0.3053 -0.0285 0.6783 -0.0462 -0.733 0.0207 0.7097 -0.0104 -0.7043 -0.0111 0.9368 0.0954 0.3367 -0.0055
0.7871 0.015 -0.6162 0.0233 0.6292 -0.1655 -0.7542 0.0897 0.746 -0.1588 -0.6459 -0.0318 0.756 0.1475 -0.6352 -0.0565 0.6633 -0.0793 -0.7438 0.0216 0.7732 0.0383 -0.6329 -0.0045 0.9515 0.0258 0.3053 -0.0285 0.6783 -0.0462 -0.733 0.0207 0.7097 -0.0104 -0.7043 -0.0111 0.9368 0.0954 0.3367 -0.0055
0.7871 0.015 -0.6162 0.0233 0.6567 -0.152 -0.7353 0.0706 0.746 -0.1588 -0.6459 -0.0318 0.756 0.1475 -0.6352 -0.0565 0.6633 -0.0793 -0.7438 0.0216 0.7732 0.0383 -0.6329 -0.0045 0.9515 0.0258 0.3053 -0.0285 0.6716 -0.0549 -0.7388 -0.0093 0.7097 -0.0104 -0.7043 -0.0111 0.9368 0.0954 0.3367 -0.0055
0.7871 0.015 -0.6162 0.0233 0.6567 -0.152 -0.7353 0.0706 0.746 -0.1588 -0.6459 -0.0318 0.756 0.1475 -0.6352 -0.0565 0.6633 -0.0793 -0.7438 0.0216 0.7732 0.0383 -0.6329 -0.0045 0.9515 0.0258 0.3053 -0.0285 0.6716 -0.0549 -0.7388 -0.0093 0.7016 -0.0327 -0.7117 -0.012 0.9368 0.0954 0.3367 -0.0055
0.7871 0.015 -0.6162 0.0233 0.6567 -0.152 -0.7353 0.0706 0.746 -0.1588 -0.6459 -0.0318 0.756 0.1475 -0.6352 -0.0565 0.6633 -0.0793 -0.7438 0.0216 0.7732 0.0383 -0.6329 -0.0045 0.9515 0.0258 0.3053 -0.0285 0.6716 -0.0549 -0.7388 -0.0093 0.7016 -0.0327 -0.7117 -0.012 0.9368 0.0954 0.3367 -0.0055
0.7871 0.015 -0.6162 0.0233 0.6567 -0.152 -0.7353 0.0706 0.746 -0.1588 -0.6459 -0.0318 0.756 0.1475 -0.6352 -0.0565 0.6633 -0.0793 -0.7438 0.0216 0.7732 0.0383 -0.6329 -0.0045 0.9484 0.0389 0.3135 -0.0272 0.6716 -0.0549 -0.7388 -0.0093 0.7016 -0.0327 -0.7117 -0.012 0.9368 0.0954 0.3367 -0.0055
0.7871 0.015 -0.6162 0.0233 0.6567 -0.152 -0.7353 0.0706 0.746 -0.1588 -0.6459 -0.0318 0.756 0.1475 -0.6352 -0.0565 0.6633 -0.0793 -0.7438 0.0216 0.7732 0.0383 -0.6329 -0.0045 0.9484 0.0389 0.3135 -0.0272 0.6716 -0.0549 -0.7388 -0.0093 0.7016 -0.0327 -0.7117 -0.012 0.9368 0.0954 0.3367 -0.0055
0.7964 0.0178 -0.6042 -0.0157 0.6567 -0.152 -0.7353 0.0706 0.746 -0.1588 -0.6459 -0.0318 0.756 0.1475 -0.6352 -0.0565 0.6633 -0.0793 -0.7438 0.0216 0.7955 0.0913 -0.5903 -0.1018 0.9484 0.0389 0.3135 -0.0272 0.6716 -0.0549 -0.7388 -0.0093 0.7016 -0.0327 -0.7117 -0.012 0.9368 0.0954 0.3367 -0.0055
0.7964 0.0178 -0.6042 -0.0157 0.6567 -0.152 -0.7353 0.0706 0.746 -0.1588 -0.6459 -0.0318 0.756 0.1475 -0.6352 -0.0565 0.6633 -0.0793 -0.7438 0.0216 0.7955 0.0913 -0.5903 -0.1018 0.9484 0.0389 0.3135 -0.0272 0.6716 -0.0549 -0.7388 -0.0093 0.7016 -0.0327 -0.7117 -0.012 0.9368 0.0954 0.3367 -0.0055
0.7964 0.0178 -0.6042 -0.0157 0.677 -0.176 -0.7141 0.0281 0.746 -0.1588 -0.6459 -0.0318 0.756 0.1475 -0.6352 -0.0565 0.6633 -0.0793 -0.7438 0.0216 0.7955 0.0913 -0.5903 -0.1018 0.9484 0.0389 0.3135 -0.0272 0.6716 -0.0549 -0.7388 -0.0093 0.7016 -0.0327 -0.7117 -0.012 0.9368 0.0954 0.3367 -0.0055
0.7964 0.0178 -0.6042 -0.0157 0.677 -0.176 -0.7141 0.0281 0.746 -0.1588 -0.6459 -0.0318 0.756 0.1475 -0.6352 -0.0565 0.6633 -0.0793 -0.7438 0.0216 0.7955 0.0913 -0.5903 -0.1018 0.9484 0.0389 0.3135 -0.0272 0.6716 -0.0549 -0.7388 -0.0093 0.6904 -0.0513 -0.7216 -0.0059 0.9368 0.0954 0.3367 -0.0055
0.7964 0.0178 -0.6042 -0.0157 0.677 -0.176 -0.7141 0.0281 0.746 -0.1588 -0.6459 -0.0318 0.756 0.1475 -0.6352 -0.0565 0.6633 -0.0793 -0.7438 0.0216 0.7955 0.0913 -0.5903 -0.1018 0.9484 0.0389 0.3135 -0.0272 0.6716 -0.0549 -0.7388 -0.0093 0.6904 -0.0513 -0.7216 -0.0059 0.9368 0.0954 0.3367 -0.0055
0.7964 0.0178 -0.6042 -0.0157 0.677 -0.176 -0.7141 0.0281 0.746 -0.1588 -0.6459 -0.0318 0.756 0.1475 -0.6352 -0.0565 0.6633 -0.0793 -0.7438 0.0216 0.7955 0.0913 -0.5903 -0.1018 0.9484 0.0389 0.3135 -0.0272 0.6716 -0.0549 -0.7388 -0.0093 0.6904 -0.0513 -0.7216 -0.0059 0.9368 0.0954 0.3367 -0.0055
0.7964 0.0178 -0.6042 -0.0157 0.677 -0.176 -0.7141 0.0281 0.746 -0.1588 -0.6459 -0.0318 0.756 0.1475 -0.6352 -0.0565 0.6633 -0.0793 -0.7438 0.0216 0.7955 0.0913 -0.5903 -0.1018 0.8709 0.0453 0.4864 -0.0538 0.6716 -0.0549 -0.7388 -0.0093 0.6904 -0.0513 -0.7216 -0.0059 0.9368 0.0954 0.3367 -0.0055
0.7974 0.0162 -0.5996 -0.0654 0.677 -0.176 -0.7141 0.0281 0.746 -0.1588 -0.6459 -0.0318 0.7368 0.1659 -0.6524 -0.0636 0.6633 -0.0793 -0.7438 0.0216 0.7956 0.1469 -0.5659 -0.159 0.8709 0.0453 0.4864 -0.0538 0.6716 -0.0549 -0.7388 -0.0093 0.6904 -0.0513 -0.7216 -0.0059 0.9368 0.0954 0.3367 -0.0055
0.7974 0.0162 -0.5996 -0.0654 0.677 -0.176 -0.7141 0.0281 0.746 -0.1588 -0.6459 -0.0318 0.7368 0.1659 -0.6524 -0.0636 0.6633 -0.0793 -0.7438 0.0216 0.7956 0.1469 -0.5659 -0.159 0.8709 0.0453 0.4864 -0.0538 0.6716 -0.0549 -0.7388 -0.0093 0.6904 -0.0513 -0.7216 -0.0059 0.9368 0.0954 0.3367 -0.0055
0.7974 0.0162 -0.5996 -0.0654 0.6932 -0.1846 -0.6962 -0.026 0.7422 -0.2216 -0.6308 -0.0463 0.7368 0.1659 -0.6524 -0.0636 0.6633 -0.0793 -0.7438 0.0216 0.7956 0.1469 -0.5659 -0.159 0.8709 0.0453 0.4864 -0.0538 0.6446 -0.0388 -0.762 0.0484 0.6904 -0.0513 -0.7216 -0.0059 0.9368 0.0954 0.3367 -0.0055
0.7974 0.0162 -0.5996 -0.0654 0.6932 -0.1846 -0.6962 -0.026 0.7422 -0.2216 -0.6308 -0.0463 0.7368 0.1659 -0.6524 -0.0636 0.6633 -0.0793 -0.7438 0.0216 0.7956 0.1469 -0.5659 -0.159 0.8709 0.0453 0.4864 -0.0538 0.6446 -0.0388 -0.762 0.0484 0.6899 -0.0566 -0.7214 0.0203 0.9368 0.0954 0.3367 -0.0055
0.7974 0.0162 -0.5996 -0.0654 0.6932 -0.1846 -0.6962 -0.026 0.7422 -0.2216 -0.6308 -0.0463 0.7368 0.1659 -0.6524 -0.0636 0.6633 -0.0793 -0.7438 0.0216 0.7956 0.1469 -0.5659 -0.159 0.8709 0.0453 0.4864 -0.0538 0.6446 -0.0388 -0.762 0.0484 0.6899 -0.0566 -0.7214 0.0203 0.9368 0.0954 0.3367 -0.0055
0.7974 0.0162 -0.5996 -0.0654 0.6932 -0.1846 -0.6962 -0.026 0.7422 -0.2216 -0.6308 -0.0463 0.7368 0.1659 -0.6524 -0.0636 0.6633 -0.0793 -0.7438 0.0216 0.7956 0.1469 -0.5659 -0.159 0.9171 0.0578 0.3942 -0.0103 0.6446 -0.0388 -0.762 0.0484 0.6899 -0.0566 -0.7214 0.0203 0.9368 0.0954 0.3367 -0.0055
0.7974 0.0162 -0.5996 -0.0654 0.6932 -0.1846 -0.6962 -0.026 0.7422 -0.2216 -0.6308 -0.0463 0.7368 0.1659 -0.6524 -0.0636 0.6633 -0.0793 -0.7438 0.0216 0.7956 0.1469 -0.5659 -0.159 0.9171 0.0578 0.3942 -0.0103 0.6446 -0.0388 -0.762 0.0484 0.6899 -0.0566 -0.7214 0.0203 0.9368 0.0954 0.3367 -0.0055
0.7816 0.0193 -0.611 -0.1243 0.6932 -0.1846 -0.6962 -0.026 0.7422 -0.2216 -0.6308 -0.0463 0.7484 0.1743 -0.6373 -0.0579 0.6633 -0.0793 -0.7438 0.0216 0.7715 0.0437 -0.6343 -0.0217 0.9171 0.0578 0.3942 -0.0103 0.6446 -0.0388 -0.762 0.0484 0.6899 -0.0566 -0.7214 0.0203 0.9368 0.0954 0.3367 -0.0055
0.7816 0.0193 -0.611 -0.1243 0.6932 -0.1846 -0.6962 -0.026 0.7422 -0.2216 -0.6308 -0.0463 0.7484 0.1743 -0.6373 -0.0579 0.6633 -0.0793 -0.7438 0.0216 0.7715 0.0437 -0.6343 -0.0217 0.9171 0.0578 0.3942 -0.0103 0.6446 -0.0388 -0.762 0.0484 0.6899 -0.0566 -0.7214 0.0203 0.9368 0.0954 0.3367 -0.0055
0.7816 0.0193 -0.611 -0.1243 0.6995 -0.1872 -0.6859 -0.0725 0.7405 -0.2229 -0.6318 -0.0528 0.7484 0.1743 -0.6373 -0.0579 0.6633 -0.0793 -0.7438 0.0216 0.7715 0.0437 -0.6343 -0.0217 0.9171 0.0578 0.3942 -0.0103 0.6446 -0.0388 -0.762 0.0484 0.6899 -0.0566 -0.7214 0.0203 0.9368 0.0954 0.3367 -0.0055
0.7816 0.0193 -0.611 -0.1243 0.6995 -0.1872 -0.6859 -0.0725 0.7405 -0.2229 -0.6318 -0.0528 0.7484 0.1743 -0.6373 -0.0579 0.6633 -0.0793 -0.7438 0.0216 0.7715 0.0437 -0.6343 -0.0217 0.9171 0.0578 0.3942 -0.0103 0.6446 -0.0388 -0.762 0.0484 0.6985 -0.0778 -0.7092 0.0553 0.9368 0.0954 0.3367 -0.0055
0.7816 0.0193 -0.611 -0.1243 0.6995 -0.1872 -0.6859 -0.0725 0.7405 -0.2229 -0.6318 -0.0528 0.7484 0.1743 -0.6373 -0.0579 0.6633 -0.0793 -0.7438 0.0216 0.7715 0.0437 -0.6343 -0.0217 0.9171 0.0578 0.3942 -0.0103 0.6446 -0.0388 -0.762 0.0484 0.6985 -0.0778 -0.7092 0.0553 0.9368 0.0954 0.3367 -0.0055
0.7816 0.0193 -0.611 -0.1243 0.6995 -0.1872 -0.6859 -0.0725 0.7405 -0.2229 -0.6318 -0.0528 0.7484 0.1743 -0.6373 -0.0579 0.6633 -0.0793 -0.7438 0.0216 0.7715 0.0437 -0.6343 -0.0217 0.9171 0.0578 0.3942 -0.0103 0.6446 -0.0388 -0.762 0.0484 0.6985 -0.0778 -0.7092 0.0553 0.9368 0.0954 0.3367 -0.0055
0.7816 0.0193 -0.611 -0.1243 0.6995 -0.1872 -0.6859 -0.0725 0.7405 -0.2229 -0.6318 -0.0528 0.7484 0.1743 -0.6373 -0.0579 0.6633 -0.0793 -0.7438 0.0216 0.7715 0.0437 -0.6343 -0.0217 0.9171 0.0578 0.3942 -0.0103 0.6446 -0.0388 -0.762 0.0484 0.6985 -0.0778 -0.7092 0.0553 0.9368 0.0954 0.3367 -0.0055
0.7758 0.0221 -0.6119 -0.1525 0.6995 -0.1872 -0.6859 -0.0725 0.7405 -0.2229 -0.6318 -0.0528 0.7467 0.1661 -0.6392 -0.0793 0.7015 -0.1263 -0.6512 0.2603 0.7271 -0.1102 -0.6616 0.147 0.9171 0.0578 0.3942 -0.0103 0.6446 -0.0388 -0.762 0.0484 0.6985 -0.0778 -0.7092 0.0553 0.9368 0.0954 0.3367 -0.0055
0.7758 0.0221 -0.6119 -0.1525 0.6995 -0.1872 -0.6859 -0.0725 0.7405 -0.2229 -0.6318 -0.0528 0.7467 0.1661 -0.6392 -0.0793 0.7015 -0.1263 -0.6512 0.2603 0.7271 -0.1102 -0.6616 0.147 0.9171 0.0578 0.3942 -0.0103 0.6446 -0.0388 -0.762 0.0484 0.6985 -0.0778 -0.7092 0.0553 0.9368 0.0954 0.3367 -0.0055
0.7758 0.0221 -0.6119 -0.1525 0.6973 -0.1972 -0.6838 -0.0859 0.742 -0.2493 -0.6194 -0.0595 0.7467 0.1661 -0.6392 -0.0793 0.7015 -0.1263 -0.6512 0.2603 0.7271 -0.1102 -0.6616 0.147 0.9171 0.0578 0.3942 -0.0103 0.6164 -0.064 -0.7775 0.1069 0.6985 -0.0778 -0.7092 0.0553 0.9368 0.0954 0.3367 -0.0055
0.7758 0.0221 -0.6119 -0.1525 0.6973 -0.1972 -0.6838 -0.0859 0.742 -0.2493 -0.6194 -0.0595 0.7467 0.1661 -0.6392 -0.0793 0.7015 -0.1263 -0.6512 0.2603 0.7271 -0.1102 -0.6616 0.147 0.9171 0.0578 0.3942 -0.0103 0.6164 -0.064 -0.7775 0.1069 0.7098 -0.1152 -0.6877 0.0997 0.9368 0.0954 0.3367 -0.0055
0.7758 0.0221 -0.6119 -0.1525 0.6973 -0.1972 -0.6838 -0.0859 0.742 -0.2493 -0.6194 -0.0595 0.7467 0.1661 -0.6392 -0.0793 0.7015 -0.1263 -0.6512 0.2603 0.7271 -0.1102 -0.6616 0.147 0.9171 0.0578 0.3942 -0.0103 0.6164 -0.064 -0.7775 0.1069 0.7098 -0.1152 -0.6877 0.0997 0.9368 0.0954 0.3367 -0.0055
0.7758 0.0221 -0.6119 -0.1525 0.6973 -0.1972 -0.6838 -0.0859 0.742 -0.2493 -0.6194 -0.0595 0.7467 0.1661 -0.6392 -0.0793 0.7015 -0.1263 -0.6512 0.2603 0.7271 -0.1102 -0.6616 0.147 0.9941 0.0515 0.0908 0.0291 0.6164 -0.064 -0.7775 0.1069 0.7098 -0.1152 -0.6877 0.0997 0.9368 0.0954 0.3367 -0.0055
0.7758 0.0221 -0.6119 -0.1525 0.6973 -0.1972 -0.6838 -0.0859 0.742 -0.2493 -0.6194 -0.0595 0.7467 0.1661 -0.6392 -0.0793 0.7015 -0.1263 -0.6512 0.2603 0.7271 -0.1102 -0.6616 0.147 0.9941 0.0515 0.0908 0.0291 0.6164 -0.064 -0.7775 0.1069 0.7098 -0.1152 -0.6877 0.0997 0.9368 0.0954 0.3367 -0.0055
0.7758 0.0221 -0.6119 -0.1525 0.6973 -0.1972 -0.6838 -0.0859 0.742 -0.2493 -0.6194 -0.0595 0.7467 0.1661 -0.6392 -0.0793 0.7015 -0.1263 -0.6512 0.2603 0.7271 -0.1102 -0.6616 0.147 0.9941 0.0515 0.0908 0.0291 0.6164 -0.064 -0.7775 0.1069 0.7098 -0.1152 -0.6877 0.0997 0.9368 0.0954 0.3367 -0.0055
0.7729 0.013 -0.6169 -0.1478 0.6973 -0.1972 -0.6838 -0.0859 0.742 -0.2493 -0.6194 -0.0595 0.7593 0.131 -0.6342 -0.0641 0.7015 -0.1263 -0.6512 0.2603 0.723 -0.1027 -0.6662 0.1514 0.9941 0.0515 0.0908 0.0291 0.6164 -0.064 -0.7775 0.1069 0.7098 -0.1152 -0.6877 0.0997 0.9368 0.0954 0.3367 -0.0055
0.7729 0.013 -0.6169 -0.1478 0.6862 -0.2047 -0.6941 -0.0734 0.7361 -0.243 -0.6309 -0.0319 0.7593 0.131 -0.6342 -0.0641 0.7015 -0.1263 -0.6512 0.2603 0.723 -0.1027 -0.6662 0.1514 0.9941 0.0515 0.0908 0.0291 0.6143 -0.0742 -0.7719 0.146 0.7098 -0.1152 -0.6877 0.0997 0.9368 0.0954 0.3367 -0.0055
0.7729 0.013 -0.6169 -0.1478 0.6862 -0.2047 -0.6941 -0.0734 0.7361 -0.243 -0.6309 -0.0319 0.7593 0.131 -0.6342 -0.0641 0.7015 -0.1263 -0.6512 0.2603 0.723 -0.1027 -0.6662 0.1514 0.9941 0.0515 0.0908 0.0291 0.6143 -0.0742 -0.7719 0.146 0.7207 -0.1777 -0.6498 0.1633 0.9368 0.0954 0.3367 -0.0055
0.7729 0.013 -0.6169 -0.1478 0.6862 -0.2047 -0.6941 -0.0734 0.7361 -0.243 -0.6309 -0.0319 0.7593 0.131 -0.6342 -0.0641 0.7015 -0.1263 -0.6512 0.2603 0.723 -0.1027 -0.6662 0.1514 0.9941 0.0515 0.0908 0.0291 0.6143 -0.0742 -0.7719 0.146 0.7207 -0.1777 -0.6498 0.1633 0.9368 0.0954 0.3367 -0.0055
0.7729 0.013 -0.6169 -0.1478 0.6862 -0.2047 -0.6941 -0.0734 0.7361 -0.243 -0.6309 -0.0319 0.7593 0.131 -0.6342 -0.0641 0.7015 -0.1263 -0.6512 0.2603 0.723 -0.1027 -0.6662 0.1514 0.9941 0.0515 0.0908 0.0291 0.6143 -0.0742 -0.7719 0.146 0.7207 -0.1777 -0.6498 0.1633 0.9368 0.0954 0.3367 -0.0055
0.7729 0.013 -0.6169 -0.1478 0.6862 -0.2047 -0.6941 -0.0734 0.7361 -0.243 -0.6309 -0.0319 0.7593 0.131 -0.6342 -0.0641 0.7015 -0.1263 -0.6512 0.2603 0.723 -0.1027 -0.6662 0.1514 0.9941 0.0515 0.0908 0.0291 0.6143 -0.0742 -0.7719 0.146 0.7207 -0.1777 -0.6498 0.1633 0.9368 0.0954 0.3367 -0.0055
0.7729 0.013 -0.6169 -0.1478 0.6862 -0.2047 -0.6941 -0.0734 0.7361 -0.243 -0.6309 -0.0319 0.7593 0.131 -0.6342 -0.0641 0.7015 -0.1263 -0.6512 0.2603 0.723 -0.1027 -0.6662 0.1514 0.9941 0.0515 0.0908 0.0291 0.6143 -0.0742 -0.7719 0.146 0.7207 -0.1777 -0.6498 0.1633 0.9368 0.0954 0.3367 -0.0055
0.7697 0.0265 -0.631 -0.0941 0.6862 -0.2047 -0.6941 -0.0734 0.7361 -0.243 -0.6309 -0.0319 0.7593 0.131 -0.6342 -0.0641 0.7015 -0.1263 -0.6512 0.2603 0.7275 0.0266 -0.6673 0.1573 0.9941 0.0515 0.0908 0.0291 0.6143 -0.0742 -0.7719 0.146 0.7207 -0.1777 -0.6498 0.1633 0.9368 0.0954 0.3367 -0.0055
0.7697 0.0265 -0.631 -0.0941 0.6671 -0.1847 -0.7213 -0.0266 0.7401 -0.2032 -0.6385 0.0575 0.7593 0.131 -0.6342 -0.0641 0.7015 -0.1263 -0.6512 0.2603 0.7275 0.0266 -0.6673 0.1573 0.9941 0.0515 0.0908 0.0291 0.6732 -0.0659 -0.7279 0.1122 0.7207 -0.1777 -0.6498 0.1633 0.9368 0.0954 0.3367 -0.0055
0.7697 0.0265 -0.631 -0.0941 0.6671 -0.1847 -0.7213 -0.0266 0.7401 -0.2032 -0.6385 0.0575 0.7593 0.131 -0.6342 -0.0641 0.7015 -0.1263 -0.6512 0.2603 0.7275 0.0266 -0.6673 0.1573 0.9941 0.0515 0.0908 0.0291 0.6732 -0.0659 -0.7279 0.1122 0.7411 -0.1907 -0.5618 0.3145 0.9368 0.0954 0.3367 -0.0055
0.7697 0.0265 -0.631 -0.0941 0.6671 -0.1847 -0.7213 -0.0266 0.7401 -0.2032 -0.6385 0.0575 0.7593 0.131 -0.6342 -0.0641 0.7015 -0.1263 -0.6512 0.2603 0.7275 0.0266 -0.6673 0.1573 0.9941 0.0515 0.0908 0.0291 0.6732 -0.0659 -0.7279 0.1122 0.7411 -0.1907 -0.5618 0.3145 0.9368 0.0954 0.3367 -0.0055
0.7697 0.0265 -0.631 -0.0941 0.6671 -0.1847 -0.7213 -0.0266 0.7401 -0.2032 -0.6385 0.0575 0.7593 0.131 -0.6342 -0.0641 0.7015 -0.1263 -0.6512 0.2603 0.7275 0.0266 -0.6673 0.1573 0.9941 0.0515 0.0908 0.0291 0.6732 -0.0659 -0.7279 0.1122 0.7411 -0.1907 -0.5618 0.3145 0.5117 -0.0082 0.8558 -0.0749
0.7697 0.0265 -0.631 -0.0941 0.6671 -0.1847 -0.7213 -0.0266 0.7401 -0.2032 -0.6385 0.0575 0.7621 0.0745 -0.6411 0.052 0.7015 -0.1263 -0.6512 0.2603 0.7275 0.0266 -0.6673 0.1573 0.9941 0.0515 0.0908 0.0291 0.6732 -0.0659 -0.7279 0.1122 0.7411 -0.1907 -0.5618 0.3145 0.5117 -0.0082 0.8558 -0.0749
0.7697 0.0725 -0.6339 0.0239 0.6671 -0.1847 -0.7213 -0.0266 0.7401 -0.2032 -0.6385 0.0575 0.7621 0.0745 -0.6411 0.052 0.6539 -0.1213 -0.7341 0.1371 0.7275 0.0266 -0.6673 0.1573 0.9941 0.0515 0.0908 0.0291 0.6732 -0.0659 -0.7279 0.1122 0.7411 -0.1907 -0.5618 0.3145 0.5117 -0.0082 0.8558 -0.0749
0.7697 0.0725 -0.6339 0.0239 0.6671 -0.1847 -0.7213 -0.0266 0.7372 -0.1911 -0.6396 0.1041 0.7621 0.0745 -0.6411 0.052 0.6539 -0.1213 -0.7341 0.1371 0.7275 0.0266 -0.6673 0.1573 0.9941 0.0515 0.0908 0.0291 0.6732 -0.0659 -0.7279 0.1122 0.7411 -0.1907 -0.5618 0.3145 0.5117 -0.0082 0.8558 -0.0749
0.7697 0.0725 -0.6339 0.0239 0.6671 -0.1847 -0.7213 -0.0266 0.7372 -0.1911 -0.6396 0.1041 0.7621 0.0745 -0.6411 0.052 0.6539 -0.1213 -0.7341 0.1371 0.7275 0.0266 -0.6673 0.1573 0.9941 0.0515 0.0908 0.0291 0.6732 -0.0659 -0.7279 0.1122 0.7411 -0.1907 -0.5618 0.3145 0.5117 -0.0082 0.8558 -0.0749
0.7697 0.0725 -0.6339 0.0239 0.6351 -0.1713 -0.7496 0.0733 0.7372 -0.1911 -0.6396 0.1041 0.7621 0.0745 -0.6411 0.052 0.6539 -0.1213 -0.7341 0.1371 0.7275 0.0266 -0.6673 0.1573 0.9941 0.0515 0.0908 0.0291 0.6732 -0.0659 -0.7279 0.1122 0.7371 -0.1343 -0.5684 0.34 0.5117 -0.0082 0.8558 -0.0749
0.7697 0.0725 -0.6339 0.0239 0.6351 -0.1713 -0.7496 0.0733 0.7372 -0.1911 -0.6396 0.1041 0.7621 0.0745 -0.6411 0.052 0.6539 -0.1213 -0.7341 0.1371 0.7275 0.0266 -0.6673 0.1573 0.9941 0.0515 0.0908 0.0291 0.6732 -0.0659 -0.7279 0.1122 0.7371 -0.1343 -0.5684 0.34 0.5117 -0.0082 0.8558 -0.0749
0.7697 0.0725 -0.6339 0.0239 0.6351 -0.1713 -0.7496 0.0733 0.7372 -0.1911 -0.6396 0.1041 0.7621 0.0745 -0.6411 0.052 0.6539 -0.1213 -0.7341 0.1371 0.7275 0.0266 -0.6673 0.1573 0.9941 0.0515 0.0908 0.0291 0.6732 -0.0659 -0.7279 0.1122 0.7371 -0.1343 -0.5684 0.34 0.5117 -0.0082 0.8558 -0.0749
0.7697 0.0725 -0.6339 0.0239 0.6351 -0.1713 -0.7496 0.0733 0.7372 -0.1911 -0.6396 0.1041 0.7621 0.0745 -0.6411 0.052 0.6539 -0.1213 -0.7341 0.1371 0.7275 0.0266 -0.6673 0.1573 0.9941 0.0515 0.0908 0.0291 0.6732 -0.0659 -0.7279 0.1122 0.7371 -0.1343 -0.5684 0.34 0.5117 -0.0082 0.8558 -0.0749
0.7697 0.0725 -0.6339 0.0239 0.6351 -0.1713 -0.7496 0.0733 0.7372 -0.1911 -0.6396 0.1041 0.7621 0.0745 -0.6411 0.052 0.6539 -0.1213 -0.7341 0.1371 0.7275 0.0266 -0.6673 0.1573 0.9941 0.0515 0.0908 0.0291 0.6732 -0.0659 -0.7279 0.1122 0.7371 -0.1343 -0.5684 0.34 0.5117 -0.0082 0.8558 -0.0749
0.783 0.0373 -0.6122 0.1033 0.6351 -0.1713 -0.7496 0.0733 0.7372 -0.1911 -0.6396 0.1041 0.7544 0.1047 -0.6442 0.0709 0.6539 -0.1213 -0.7341 0.1371 0.7327 0.0298 -0.6799 0.0034 0.9941 0.0515 0.0908 0.0291 0.6732 -0.0659 -0.7279 0.1122 0.7371 -0.1343 -0.5684 0.34 0.5117 -0.0082 0.8558 -0.0749
0.783 0.0373 -0.6122 0.1033 0.5963 -0.2278 -0.7573 0.138 0.7315 -0.1691 -0.6485 0.1256 0.7544 0.1047 -0.6442 0.0709 0.6539 -0.1213 -0.7341 0.1371 0.7327 0.0298 -0.6799 0.0034 0.9941 0.0515 0.0908 0.0291 0.793 -0.012 -0.5907 -0.1489 0.7371 -0.1343 -0.5684 0.34 0.5117 -0.0082 0.8558 -0.0749
0.783 0.0373 -0.6122 0.1033 0.5963 -0.2278 -0.7573 0.138 0.7315 -0.1691 -0.6485 0.1256 0.7544 0.1047 -0.6442 0.0709 0.6539 -0.1213 -0.7341 0.1371 0.7327 0.0298 -0.6799 0.0034 0.9941 0.0515 0.0908 0.0291 0.793 -0.012 -0.5907 -0.1489 0.7064 -0.0298 -0.6924 0.1434 0.5117 -0.0082 0.8558 -0.0749
0.783 0.0373 -0.6122 0.1033 0.5963 -0.2278 -0.7573 0.138 0.7315 -0.1691 -0.6485 0.1256 0.7544 0.1047 -0.6442 0.0709 0.6539 -0.1213 -0.7341 0.1371 0.7327 0.0298 -0.6799 0.0034 0.9941 0.0515 0.0908 0.0291 0.793 -0.012 -0.5907 -0.1489 0.7064 -0.0298 -0.6924 0.1434 0.5117 -0.0082 0.8558 -0.0749
0.783 0.0373 -0.6122 0.1033 0.5963 -0.2278 -0.7573 0.138 0.7315 -0.1691 -0.6485 0.1256 0.7544 0.1047 -0.6442 0.0709 0.6539 -0.1213 -0.7341 0.1371 0.7327 0.0298 -0.6799 0.0034 0.9941 0.0515 0.0908 0.0291 0.793 -0.012 -0.5907 -0.1489 0.7064 -0.0298 -0.6924 0.1434 0.8969 0.0646 0.436 0.0359
0.783 0.0373 -0.6122 0.1033 0.5963 -0.2278 -0.7573 0.138 0.7315 -0.1691 -0.6485 0.1256 0.7544 0.1047 -0.6442 0.0709 0.6539 -0.1213 -0.7341 0.1371 0.7327 0.0298 -0.6799 0.0034 0.9941 0.0515 0.0908 0.0291 0.793 -0.012 -0.5907 -0.1489 0.7064 -0.0298 -0.6924 0.1434 0.8969 0.0646 0.436 0.0359
0.7893 4.0E-4 -0.6017 0.1224 0.5963 -0.2278 -0.7573 0.138 0.7315 -0.1691 -0.6485 0.1256 0.7559 0.1292 -0.6385 0.0648 0.6539 -0.1213 -0.7341 0.1371 0.7327 0.0298 -0.6799 0.0034 0.9941 0.0515 0.0908 0.0291 0.793 -0.012 -0.5907 -0.1489 0.7064 -0.0298 -0.6924 0.1434 0.8969 0.0646 0.436 0.0359
0.7893 4.0E-4 -0.6017 0.1224 0.5963 -0.2278 -0.7573 0.138 0.7315 -0.1691 -0.6485 0.1256 0.7559 0.1292 -0.6385 0.0648 0.6539 -0.1213 -0.7341 0.1371 0.7413 0.0883 -0.6638 -0.0462 0.9941 0.0515 0.0908 0.0291 0.793 -0.012 -0.5907 -0.1489 0.7064 -0.0298 -0.6924 0.1434 0.8969 0.0646 0.436 0.0359
0.7893 4.0E-4 -0.6017 0.1224 0.5509 -0.2564 -0.7748 0.1744 0.7339 -0.1607 -0.6516 0.1047 0.7559 0.1292 -0.6385 0.0648 0.6539 -0.1213 -0.7341 0.1371 0.7413 0.0883 -0.6638 -0.0462 0.9941 0.0515 0.0908 0.0291 0.7612 -0.0424 -0.6065 -0.2255 0.7064 -0.0298 -0.6924 0.1434 0.8969 0.0646 0.436 0.0359
0.7893 4.0E-4 -0.6017 0.1224 0.5509 -0.2564 -0.7748 0.1744 0.7339 -0.1607 -0.6516 0.1047 0.7559 0.1292 -0.6385 0.0648 0.6539 -0.1213 -0.7341 0.1371 0.7413 0.0883 -0.6638 -0.0462 0.9941 0.0515 0.0908 0.0291 0.7612 -0.0424 -0.6065 -0.2255 0.6241 0.1389 -0.7491 -0.1736 0.8969 0.0646 0.436 0.0359
0.7893 4.0E-4 -0.6017 0.1224 0.5509 -0.2564 -0.7748 0.1744 0.7339 -0.1607 -0.6516 0.1047 0.7559 0.1292 -0.6385 0.0648 0.6539 -0.1213 -0.7341 0.1371 0.7413 0.0883 -0.6638 -0.0462 0.9941 0.0515 0.0908 0.0291 0.7612 -0.0424 -0.6065 -0.2255 0.6241 0.1389 -0.7491 -0.1736 0.8969 0.0646 0.436 0.0359
0.7893 4.0E-4 -0.6017 0.1224 0.5509 -0.2564 -0.7748 0.1744 0.7339 -0.1607 -0.6516 0.1047 0.7559 0.1292 -0.6385 0.0648 0.6539 -0.1213 -0.7341 0.1371 0.7413 0.0883 -0.6638 -0.0462 0.9244 0.0034 0.3809 0.0195 0.7612 -0.0424 -0.6065 -0.2255 0.6241 0.1389 -0.7491 -0.1736 0.8969 0.0646 0.436 0.0359
0.7893 4.0E-4 -0.6017 0.1224 0.5509 -0.2564 -0.7748 0.1744 0.7339 -0.1607 -0.6516 0.1047 0.7559 0.1292 -0.6385 0.0648 0.6539 -0.1213 -0.7341 0.1371 0.7413 0.0883 -0.6638 -0.0462 0.9244 0.0034 0.3809 0.0195 0.7612 -0.0424 -0.6065 -0.2255 0.6241 0.1389 -0.7491 -0.1736 0.8969 0.0646 0.436 0.0359
0.7893 4.0E-4 -0.6017 0.1224 0.5509 -0.2564 -0.7748 0.1744 0.7339 -0.1607 -0.6516 0.1047 0.7559 0.1292 -0.6385 0.0648 0.6539 -0.1213 -0.7341 0.1371 0.7413 0.0883 -0.6638 -0.0462 0.9244 0.0034 0.3809 0.0195 0.7612 -0.0424 -0.6065 -0.2255 0.6241 0.1389 -0.7491 -0.1736 0.8969 0.0646 0.436 0.0359
0.7971 -0.0078 -0.5941 0.1078 0.5509 -0.2564 -0.7748 0.1744 0.7339 -0.1607 -0.6516 0.1047 0.7631 0.1405 -0.6282 0.0575 0.6539 -0.1213 -0.7341 0.1371 0.7449 0.1874 -0.6273 -0.1286 0.9244 0.0034 0.3809 0.0195 0.7612 -0.0424 -0.6065 -0.2255 0.6241 0.1389 -0.7491 -0.1736 0.8969 0.0646 0.436 0.0359
0.7971 -0.0078 -0.5941 0.1078 0.5509 -0.2564 -0.7748 0.1744 0.7339 -0.1607 -0.6516 0.1047 0.7631 0.1405 -0.6282 0.0575 0.6539 -0.1213 -0.7341 0.1371 0.7449 0.1874 -0.6273 -0.1286 0.9244 0.0034 0.3809 0.0195 0.7612 -0.0424 -0.6065 -0.2255 0.6241 0.1389 -0.7491 -0.1736 0.8969 0.0646 0.436 0.0359
0.7971 -0.0078 -0.5941 0.1078 0.5637 -0.2501 -0.7714 0.157 0.7351 -0.1608 -0.6559 0.059 0.7631 0.1405 -0.6282 0.0575 0.6539 -0.1213 -0.7341 0.1371 0.7449 0.1874 -0.6273 -0.1286 0.9244 0.0034 0.3809 0.0195 0.7296 -0.049 -0.6379 -0.2416 0.6203 0.1124 -0.7651 -0.1313 0.8969 0.0646 0.436 0.0359
0.7971 -0.0078 -0.5941 0.1078 0.5637 -0.2501 -0.7714 0.157 0.7351 -0.1608 -0.6559 0.059 0.7631 0.1405 -0.6282 0.0575 0.6539 -0.1213 -0.7341 0.1371 0.7449 0.1874 -0.6273 -0.1286 0.9244 0.0034 0.3809 0.0195 0.7296 -0.049 -0.6379 -0.2416 0.6203 0.1124 -0.7651 -0.1313 0.8969 0.0646 0.436 0.0359
0.7971 -0.0078 -0.5941 0.1078 0.5637 -0.2501 -0.7714 0.157 0.7351 -0.1608 -0.6559 0.059 0.7631 0.1405 -0.6282 0.0575 0.6539 -0.1213 -0.7341 0.1371 0.7449 0.1874 -0.6273 -0.1286 0.9244 0.0034 0.3809 0.0195 0.7296 -0.049 -0.6379 -0.2416 0.6203 0.1124 -0.7651 -0.1313 0.8969 0.0646 0.436 0.0359
0.7971 -0.0078 -0.5941 0.1078 0.5637 -0.2501 -0.7714 0.157 0.7351 -0.1608 -0.6559 0.059 0.7631 0.1405 -0.6282 0.0575 0.6539 -0.1213 -0.7341 0.1371 0.7449 0.1874 -0.6273 -0.1286 0.9244 0.0034 0.3809 0.0195 0.7296 -0.049 -0.6379 -0.2416 0.6203 0.1124 -0.7651 -0.1313 0.8969 0.0646 0.436 0.0359
0.7937 -0.037 -0.6068 0.0233 0.5637 -0.2501 -0.7714 0.157 0.7351 -0.1608 -0.6559 0.059 0.76 0.1164 -0.6394 -0.0031 0.6539 -0.1213 -0.7341 0.1371 0.7274 0.2819 -0.5598 -0.2795 0.9244 0.0034 0.3809 0.0195 0.7296 -0.049 -0.6379 -0.2416 0.6203 0.1124 -0.7651 -0.1313 0.8969 0.0646 0.436 0.0359
0.7937 -0.037 -0.6068 0.0233 0.5637 -0.2501 -0.7714 0.157 0.746 -0.166 -0.6449 0.0063 0.76 0.1164 -0.6394 -0.0031 0.6539 -0.1213 -0.7341 0.1371 0.7274 0.2819 -0.5598 -0.2795 0.9244 0.0034 0.3809 0.0195 0.7296 -0.049 -0.6379 -0.2416 0.6203 0.1124 -0.7651 -0.1313 0.8969 0.0646 0.436 0.0359
0.7937 -0.037 -0.6068 0.0233 0.6256 -0.2306 -0.7421 0.0688 0.746 -0.166 -0.6449 0.0063 0.76 0.1164 -0.6394 -0.0031 0.6539 -0.1213 -0.7341 0.1371 0.7274 0.2819 -0.5598 -0.2795 0.9244 0.0034 0.3809 0.0195 0.7185 -0.0496 -0.6539 -0.2318 0.6203 0.1124 -0.7651 -0.1313 0.8969 0.0646 0.436 0.0359
0.7937 -0.037 -0.6068 0.0233 0.6256 -0.2306 -0.7421 0.0688 0.746 -0.166 -0.6449 0.0063 0.76 0.1164 -0.6394 -0.0031 0.6539 -0.1213 -0.7341 0.1371 0.7274 0.2819 -0.5598 -0.2795 0.9244 0.0034 0.3809 0.0195 0.7185 -0.0496 -0.6539 -0.2318 0.6415 -0.0086 -0.7626 -0.0832 0.8969 0.0646 0.436 0.0359
0.7937 -0.037 -0.6068 0.0233 0.6256 -0.2306 -0.7421 0.0688 0.746 -0.166 -0.6449 0.0063 0.76 0.1164 -0.6394 -0.0031 0.6539 -0.1213 -0.7341 0.1371 0.7274 0.2819 -0.5598 -0.2795 0.9244 0.0034 0.3809 0.0195 0.7185 -0.0496 -0.6539 -0.2318 0.6415 -0.0086 -0.7626 -0.0832 0.8969 0.0646 0.436 0.0359
0.7937 -0.037 -0.6068 0.0233 0.6256 -0.2306 -0.7421 0.0688 0.746 -0.166 -0.6449 0.0063 0.76 0.1164 -0.6394 -0.0031 0.6539 -0.1213 -0.7341 0.1371 0.7274 0.2819 -0.5598 -0.2795 0.9244 0.0034 0.3809 0.0195 0.7185 -0.0496 -0.6539 -0.2318 0.6415 -0.0086 -0.7626 -0.0832 0.8969 0.0646 0.436 0.0359
0.7937 -0.037 -0.6068 0.0233 0.6256 -0.2306 -0.7421 0.0688 0.746 -0.166 -0.6449 0.0063 0.76 0.1164 -0.6394 -0.0031 0.6539 -0.1213 -0.7341 0.1371 0.7274 0.2819 -0.5598 -0.2795 0.9244 0.0034 0.3809 0.0195 0.7185 -0.0496 -0.6539 -0.2318 0.6415 -0.0086 -0.7626 -0.0832 0.8969 0.0646 0.436 0.0359
0.7937 -0.037 -0.6068 0.0233 0.6256 -0.2306 -0.7421 0.0688 0.746 -0.166 -0.6449 0.0063 0.76 0.1164 -0.6394 -0.0031 0.6539 -0.1213 -0.7341 0.1371 0.7274 0.2819 -0.5598 -0.2795 0.9244 0.0034 0.3809 0.0195 0.7185 -0.0496 -0.6539 -0.2318 0.6415 -0.0086 -0.7626 -0.0832 0.8969 0.0646 0.436 0.0359
0.784 -0.0242 -0.6193 -0.0356 0.6256 -0.2306 -0.7421 0.0688 0.746 -0.166 -0.6449 0.0063 0.782 0.0754 -0.6129 -0.0847 0.7165 -0.1971 -0.6647 0.077 0.73 0.249 -0.5289 -0.3541 0.9244 0.0034 0.3809 0.0195 0.7185 -0.0496 -0.6539 -0.2318 0.6415 -0.0086 -0.7626 -0.0832 0.8969 0.0646 0.436 0.0359
0.784 -0.0242 -0.6193 -0.0356 0.6669 -0.194 -0.7191 0.0221 0.7484 -0.2508 -0.6013 -0.1246 0.782 0.0754 -0.6129 -0.0847 0.7165 -0.1971 -0.6647 0.077 0.73 0.249 -0.5289 -0.3541 0.9244 0.0034 0.3809 0.0195 0.6872 0.002 -0.7233 -0.0679 0.6415 -0.0086 -0.7626 -0.0832 0.8969 0.0646 0.436 0.0359
0.784 -0.0242 -0.6193 -0.0356 0.6669 -0.194 -0.7191 0.0221 0.7484 -0.2508 -0.6013 -0.1246 0.782 0.0754 -0.6129 -0.0847 0.7165 -0.1971 -0.6647 0.077 0.73 0.249 -0.5289 -0.3541 0.9244 0.0034 0.3809 0.0195 0.6872 0.002 -0.7233 -0.0679 0.6581 -0.0239 -0.7525 0.0034 0.8969 0.0646 0.436 0.0359
0.784 -0.0242 -0.6193 -0.0356 0.6669 -0.194 -0.7191 0.0221 0.7484 -0.2508 -0.6013 -0.1246 0.782 0.0754 -0.6129 -0.0847 0.7165 -0.1971 -0.6647 0.077 0.73 0.249 -0.5289 -0.3541 0.9244 0.0034 0.3809 0.0195 0.6872 0.002 -0.7233 -0.0679 0.6581 -0.0239 -0.7525 0.0034 0.8969 0.0646 0.436 0.0359
0.784 -0.0242 -0.6193 -0.0356 0.6669 -0.194 -0.7191 0.0221 0.7484 -0.2508 -0.6013 -0.1246 0.782 0.0754 -0.6129 -0.0847 0.7165 -0.1971 -0.6647 0.077 0.73 0.249 -0.5289 -0.3541 0.8005 0.0927 0.5901 -0.0479 0.6872 0.002 -0.7233 -0.0679 0.6581 -0.0239 -0.7525 0.0034 0.8969 0.0646 0.436 0.0359
0.784 -0.0242 -0.6193 -0.0356 0.6669 -0.194 -0.7191 0.0221 0.7484 -0.2508 -0.6013 -0.1246 0.8054 0.1055 -0.5671 -0.136 0.7165 -0.1971 -0.6647 0.077 0.73 0.249 -0.5289 -0.3541 0.8005 0.0927 0.5901 -0.0479 0.6872 0.002 -0.7233 -0.0679 0.6581 -0.0239 -0.7525 0.0034 0.8969 0.0646 0.436 0.0359
0.7838 -0.0411 -0.6087 -0.116 0.6669 -0.194 -0.7191 0.0221 0.7484 -0.2508 -0.6013 -0.1246 0.8054 0.1055 -0.5671 -0.136 0.7096 -0.165 -0.6419 0.2391 0.73 0.249 -0.5289 -0.3541 0.8005 0.0927 0.5901 -0.0479 0.6872 0.002 -0.7233 -0.0679 0.6581 -0.0239 -0.7525 0.0034 0.8969 0.0646 0.436 0.0359
0.7838 -0.0411 -0.6087 -0.116 0.6669 -0.194 -0.7191 0.0221 0.7484 -0.2508 -0.6013 -0.1246 0.8054 0.1055 -0.5671 -0.136 0.7096 -0.165 -0.6419 0.2391 0.7393 0.1331 -0.6531 -0.0957 0.8005 0.0927 0.5901 -0.0479 0.6872 0.002 -0.7233 -0.0679 0.6581 -0.0239 -0.7525 0.0034 0.8969 0.0646 0.436 0.0359
0.7838 -0.0411 -0.6087 -0.116 0.6669 -0.194 -0.7191 0.0221 0.7484 -0.2508 -0.6013 -0.1246 0.8054 0.1055 -0.5671 -0.136 0.7096 -0.165 -0.6419 0.2391 0.7393 0.1331 -0.6531 -0.0957 0.8005 0.0927 0.5901 -0.0479 0.6564 0.0026 -0.754 0.0239 0.6581 -0.0239 -0.7525 0.0034 0.8969 0.0646 0.436 0.0359
0.7838 -0.0411 -0.6087 -0.116 0.6713 -0.2143 -0.7093 -0.0198 0.7484 -0.2508 -0.6013 -0.1246 0.8054 0.1055 -0.5671 -0.136 0.7096 -0.165 -0.6419 0.2391 0.7393 0.1331 -0.6531 -0.0957 0.8005 0.0927 0.5901 -0.0479 0.6564 0.0026 -0.754 0.0239 0.6581 -0.0239 -0.7525 0.0034 0.8969 0.0646 0.436 0.0359
0.7838 -0.0411 -0.6087 -0.116 0.6713 -0.2143 -0.7093 -0.0198 0.7484 -0.2508 -0.6013 -0.1246 0.8054 0.1055 -0.5671 -0.136 0.7096 -0.165 -0.6419 0.2391 0.7393 0.1331 -0.6531 -0.0957 0.8005 0.0927 0.5901 -0.0479 0.6564 0.0026 -0.754 0.0239 0.6808 -0.0634 -0.7269 0.064 0.8969 0.0646 0.436 0.0359
0.7838 -0.0411 -0.6087 -0.116 0.6713 -0.2143 -0.7093 -0.0198 0.7484 -0.2508 -0.6013 -0.1246 0.8054 0.1055 -0.5671 -0.136 0.7096 -0.165 -0.6419 0.2391 0.7393 0.1331 -0.6531 -0.0957 0.8005 0.0927 0.5901 -0.0479 0.6564 0.0026 -0.754 0.0239 0.6808 -0.0634 -0.7269 0.064 0.8969 0.0646 0.436 0.0359
0.7838 -0.0411 -0.6087 -0.116 0.6713 -0.2143 -0.7093 -0.0198 0.7484 -0.2508 -0.6013 -0.1246 0.8054 0.1055 -0.5671 -0.136 0.7096 -0.165 -0.6419 0.2391 0.7393 0.1331 -0.6531 -0.0957 0.8005 0.0927 0.5901 -0.0479 0.6564 0.0026 -0.754 0.0239 0.6808 -0.0634 -0.7269 0.064 0.8969 0.0646 0.436 0.0359
0.7738 -0.0527 -0.6089 -0.1661 0.6713 -0.2143 -0.7093 -0.0198 0.7484 -0.2508 -0.6013 -0.1246 0.7825 0.2396 -0.5596 -0.1309 0.6758 -0.0982 -0.6762 0.2762 0.7393 0.1331 -0.6531 -0.0957 0.8005 0.0927 0.5901 -0.0479 0.6564 0.0026 -0.754 0.0239 0.6808 -0.0634 -0.7269 0.064 0.8969 0.0646 0.436 0.0359
0.7738 -0.0527 -0.6089 -0.1661 0.6713 -0.2143 -0.7093 -0.0198 0.7484 -0.2508 -0.6013 -0.1246 0.7825 0.2396 -0.5596 -0.1309 0.6758 -0.0982 -0.6762 0.2762 0.7393 0.1331 -0.6531 -0.0957 0.8005 0.0927 0.5901 -0.0479 0.6564 0.0026 -0.754 0.0239 0.6808 -0.0634 -0.7269 0.064 0.8969 0.0646 0.436 0.0359
0.7738 -0.0527 -0.6089 -0.1661 0.6795 -0.2325 -0.6934 -0.0581 0.7852 -0.2124 -0.5654 -0.1372 0.7825 0.2396 -0.5596 -0.1309 0.6758 -0.0982 -0.6762 0.2762 0.7125 -0.0715 -0.674 0.1819 0.8005 0.0927 0.5901 -0.0479 0.6361 0.0066 -0.7631 0.1143 0.6808 -0.0634 -0.7269 0.064 0.8969 0.0646 0.436 0.0359
0.7738 -0.0527 -0.6089 -0.1661 0.6795 -0.2325 -0.6934 -0.0581 0.7852 -0.2124 -0.5654 -0.1372 0.7825 0.2396 -0.5596 -0.1309 0.6758 -0.0982 -0.6762 0.2762 0.7125 -0.0715 -0.674 0.1819 0.8005 0.0927 0.5901 -0.0479 0.6361 0.0066 -0.7631 0.1143 0.6808 -0.0634 -0.7269 0.064 0.8969 0.0646 0.436 0.0359
0.7738 -0.0527 -0.6089 -0.1661 0.6795 -0.2325 -0.6934 -0.0581 0.7852 -0.2124 -0.5654 -0.1372 0.7825 0.2396 -0.5596 -0.1309 0.6758 -0.0982 -0.6762 0.2762 0.7125 -0.0715 -0.674 0.1819 0.991 0.0785 0.1021 0.0377 0.6361 0.0066 -0.7631 0.1143 0.6955 -0.1124 -0.6955 0.1414 0.8969 0.0646 0.436 0.0359
0.7738 -0.0527 -0.6089 -0.1661 0.6795 -0.2325 -0.6934 -0.0581 0.7852 -0.2124 -0.5654 -0.1372 0.7825 0.2396 -0.5596 -0.1309 0.6758 -0.0982 -0.6762 0.2762 0.7125 -0.0715 -0.674 0.1819 0.991 0.0785 0.1021 0.0377 0.6361 0.0066 -0.7631 0.1143 0.6955 -0.1124 -0.6955 0.1414 0.8969 0.0646 0.436 0.0359
0.7738 -0.0527 -0.6089 -0.1661 0.6795 -0.2325 -0.6934 -0.0581 0.7852 -0.2124 -0.5654 -0.1372 0.774 0.2465 -0.5633 -0.1511 0.6758 -0.0982 -0.6762 0.2762 0.7125 -0.0715 -0.674 0.1819 0.991 0.0785 0.1021 0.0377 0.6361 0.0066 -0.7631 0.1143 0.6955 -0.1124 -0.6955 0.1414 0.8969 0.0646 0.436 0.0359
0.7738 -0.0527 -0.6089 -0.1661 0.6795 -0.2325 -0.6934 -0.0581 0.7852 -0.2124 -0.5654 -0.1372 0.774 0.2465 -0.5633 -0.1511 0.6758 -0.0982 -0.6762 0.2762 0.7125 -0.0715 -0.674 0.1819 0.991 0.0785 0.1021 0.0377 0.6361 0.0066 -0.7631 0.1143 0.6955 -0.1124 -0.6955 0.1414 0.8969 0.0646 0.436 0.0359
0.7708 -0.0414 -0.6199 -0.1413 0.6795 -0.2325 -0.6934 -0.0581 0.7852 -0.2124 -0.5654 -0.1372 0.774 0.2465 -0.5633 -0.1511 0.6758 -0.0982 -0.6762 0.2762 0.6924 -0.0574 -0.6989 0.1699 0.991 0.0785 0.1021 0.0377 0.6361 0.0066 -0.7631 0.1143 0.6955 -0.1124 -0.6955 0.1414 0.8969 0.0646 0.436 0.0359
0.7708 -0.0414 -0.6199 -0.1413 0.6795 -0.2325 -0.6934 -0.0581 0.7852 -0.2124 -0.5654 -0.1372 0.774 0.2465 -0.5633 -0.1511 0.6758 -0.0982 -0.6762 0.2762 0.6924 -0.0574 -0.6989 0.1699 0.991 0.0785 0.1021 0.0377 0.6361 0.0066 -0.7631 0.1143 0.6955 -0.1124 -0.6955 0.1414 0.8969 0.0646 0.436 0.0359
0.7708 -0.0414 -0.6199 -0.1413 0.6855 -0.2025 -0.6981 -0.0425 0.7852 -0.2124 -0.5654 -0.1372 0.774 0.2465 -0.5633 -0.1511 0.6758 -0.0982 -0.6762 0.2762 0.6924 -0.0574 -0.6989 0.1699 0.991 0.0785 0.1021 0.0377 0.6361 0.0066 -0.7631 0.1143 0.6955 -0.1124 -0.6955 0.1414 0.8969 0.0646 0.436 0.0359
0.7708 -0.0414 -0.6199 -0.1413 0.6855 -0.2025 -0.6981 -0.0425 0.7852 -0.2124 -0.5654 -0.1372 0.774 0.2465 -0.5633 -0.1511 0.6758 -0.0982 -0.6762 0.2762 0.6924 -0.0574 -0.6989 0.1699 0.991 0.0785 0.1021 0.0377 0.6361 0.0066 -0.7631 0.1143 0.6955 -0.1898 -0.6342 0.2795 0.8969 0.0646 0.436 0.0359
0.7708 -0.0414 -0.6199 -0.1413 0.6855 -0.2025 -0.6981 -0.0425 0.7852 -0.2124 -0.5654 -0.1372 0.774 0.2465 -0.5633 -0.1511 0.6758 -0.0982 -0.6762 0.2762 0.6924 -0.0574 -0.6989 0.1699 0.9642 0.0018 0.2619 0.041 0.6361 0.0066 -0.7631 0.1143 0.6955 -0.1898 -0.6342 0.2795 0.8969 0.0646 0.436 0.0359
0.7708 -0.0414 -0.6199 -0.1413 0.6855 -0.2025 -0.6981 -0.0425 0.7852 -0.2124 -0.5654 -0.1372 0.774 0.2465 -0.5633 -0.1511 0.6758 -0.0982 -0.6762 0.2762 0.6924 -0.0574 -0.6989 0.1699 0.9642 0.0018 0.2619 0.041 0.6361 0.0066 -0.7631 0.1143 0.6955 -0.1898 -0.6342 0.2795 0.8969 0.0646 0.436 0.0359
0.7708 -0.0414 -0.6199 -0.1413 0.6855 -0.2025 -0.6981 -0.0425 0.7852 -0.2124 -0.5654 -0.1372 0.7828 0.1906 -0.5898 -0.0552 0.6758 -0.0982 -0.6762 0.2762 0.6924 -0.0574 -0.6989 0.1699 0.9642 0.0018 0.2619 0.041 0.6361 0.0066 -0.7631 0.1143 0.6955 -0.1898 -0.6342 0.2795 0.8969 0.0646 0.436 0.0359
0.7708 -0.0414 -0.6199 -0.1413 0.6855 -0.2025 -0.6981 -0.0425 0.7852 -0.2124 -0.5654 -0.1372 0.7828 0.1906 -0.5898 -0.0552 0.6758 -0.0982 -0.6762 0.2762 0.7076 0.0908 -0.6867 0.1399 0.9642 0.0018 0.2619 0.041 0.6361 0.0066 -0.7631 0.1143 0.6955 -0.1898 -0.6342 0.2795 0.8969 0.0646 0.436 0.0359
0.7708 -0.0414 -0.6199 -0.1413 0.6775 -0.1683 -0.715 0.0385 0.7709 -0.147 -0.6197 -0.0114 0.7828 0.1906 -0.5898 -0.0552 0.6758 -0.0982 -0.6762 0.2762 0.7076 0.0908 -0.6867 0.1399 0.9642 0.0018 0.2619 0.041 0.7629 0.0264 -0.6453 0.0296 0.6955 -0.1898 -0.6342 0.2795 0.8969 0.0646 0.436 0.0359
0.7708 -0.0414 -0.6199 -0.1413 0.6775 -0.1683 -0.715 0.0385 0.7709 -0.147 -0.6197 -0.0114 0.7828 0.1906 -0.5898 -0.0552 0.6758 -0.0982 -0.6762 0.2762 0.7076 0.0908 -0.6867 0.1399 0.9642 0.0018 0.2619 0.041 0.7629 0.0264 -0.6453 0.0296 0.7245 -0.1169 -0.5505 0.3978 0.8969 0.0646 0.436 0.0359
0.7708 -0.0414 -0.6199 -0.1413 0.6775 -0.1683 -0.715 0.0385 0.7709 -0.147 -0.6197 -0.0114 0.7828 0.1906 -0.5898 -0.0552 0.6758 -0.0982 -0.6762 0.2762 0.7076 0.0908 -0.6867 0.1399 0.9642 0.0018 0.2619 0.041 0.7629 0.0264 -0.6453 0.0296 0.7245 -0.1169 -0.5505 0.3978 0.8969 0.0646 0.436 0.0359
0.7708 -0.0414 -0.6199 -0.1413 0.6775 -0.1683 -0.715 0.0385 0.7709 -0.147 -0.6197 -0.0114 0.7828 0.1906 -0.5898 -0.0552 0.6758 -0.0982 -0.6762 0.2762 0.7076 0.0908 -0.6867 0.1399 0.9532 -0.0011 0.2979 0.0512 0.7629 0.0264 -0.6453 0.0296 0.7245 -0.1169 -0.5505 0.3978 0.8969 0.0646 0.436 0.0359
0.7708 -0.0414 -0.6199 -0.1413 0.6775 -0.1683 -0.715 0.0385 0.7709 -0.147 -0.6197 -0.0114 0.7836 0.1163 -0.6103 -0.0012 0.6758 -0.0982 -0.6762 0.2762 0.7076 0.0908 -0.6867 0.1399 0.9532 -0.0011 0.2979 0.0512 0.7629 0.0264 -0.6453 0.0296 0.7245 -0.1169 -0.5505 0.3978 0.8969 0.0646 0.436 0.0359
0.7708 -0.0414 -0.6199 -0.1413 0.6775 -0.1683 -0.715 0.0385 0.7709 -0.147 -0.6197 -0.0114 0.7836 0.1163 -0.6103 -0.0012 0.6758 -0.0982 -0.6762 0.2762 0.7076 0.0908 -0.6867 0.1399 0.9532 -0.0011 0.2979 0.0512 0.7629 0.0264 -0.6453 0.0296 0.7245 -0.1169 -0.5505 0.3978 0.8969 0.0646 0.436 0.0359
0.7894 0.0313 -0.6059 0.0931 0.6775 -0.1683 -0.715 0.0385 0.7626 -0.152 -0.6275 0.0402 0.7836 0.1163 -0.6103 -0.0012 0.6758 -0.0982 -0.6762 0.2762 0.7203 0.0959 -0.6855 0.0453 0.9532 -0.0011 0.2979 0.0512 0.7629 0.0264 -0.6453 0.0296 0.7245 -0.1169 -0.5505 0.3978 0.8969 0.0646 0.436 0.0359
0.7894 0.0313 -0.6059 0.0931 0.6424 -0.1765 -0.7291 0.1569 0.7626 -0.152 -0.6275 0.0402 0.7836 0.1163 -0.6103 -0.0012 0.6758 -0.0982 -0.6762 0.2762 0.7203 0.0959 -0.6855 0.0453 0.9532 -0.0011 0.2979 0.0512 0.7995 -0.0172 -0.5862 -0.1298 0.7245 -0.1169 -0.5505 0.3978 0.8969 0.0646 0.436 0.0359
0.7894 0.0313 -0.6059 0.0931 0.6424 -0.1765 -0.7291 0.1569 0.7626 -0.152 -0.6275 0.0402 0.7836 0.1163 -0.6103 -0.0012 0.6758 -0.0982 -0.6762 0.2762 0.7203 0.0959 -0.6855 0.0453 0.9532 -0.0011 0.2979 0.0512 0.7995 -0.0172 -0.5862 -0.1298 0.7245 -0.1169 -0.5505 0.3978 0.8969 0.0646 0.436 0.0359
0.7894 0.0313 -0.6059 0.0931 0.6424 -0.1765 -0.7291 0.1569 0.7626 -0.152 -0.6275 0.0402 0.7836 0.1163 -0.6103 -0.0012 0.6758 -0.0982 -0.6762 0.2762 0.7203 0.0959 -0.6855 0.0453 0.9532 -0.0011 0.2979 0.0512 0.7995 -0.0172 -0.5862 -0.1298 0.7091 -0.0201 -0.6679 0.2252 0.8969 0.0646 0.436 0.0359
0.7894 0.0313 -0.6059 0.0931 0.6424 -0.1765 -0.7291 0.1569 0.7626 -0.152 -0.6275 0.0402 0.7836 0.1163 -0.6103 -0.0012 0.6758 -0.0982 -0.6762 0.2762 0.7203 0.0959 -0.6855 0.0453 0.9456 -0.0103 0.322 0.0462 0.7995 -0.0172 -0.5862 -0.1298 0.7091 -0.0201 -0.6679 0.2252 0.8969 0.0646 0.436 0.0359
0.7894 0.0313 -0.6059 0.0931 0.6424 -0.1765 -0.7291 0.1569 0.7626 -0.152 -0.6275 0.0402 0.7836 0.1163 -0.6103 -0.0012 0.6758 -0.0982 -0.6762 0.2762 0.7203 0.0959 -0.6855 0.0453 0.9456 -0.0103 0.322 0.0462 0.7995 -0.0172 -0.5862 -0.1298 0.7091 -0.0201 -0.6679 0.2252 0.8969 0.0646 0.436 0.0359
0.7871 -0.0366 -0.6069 0.1039 0.6424 -0.1765 -0.7291 0.1569 0.7626 -0.152 -0.6275 0.0402 0.7836 0.1123 -0.6094 0.0448 0.6277 -0.0941 -0.7722 0.0298 0.7308 0.1249 -0.67 -0.037 0.9456 -0.0103 0.322 0.0462 0.7995 -0.0172 -0.5862 -0.1298 0.7091 -0.0201 -0.6679 0.2252 0.8969 0.0646 0.436 0.0359
0.7871 -0.0366 -0.6069 0.1039 0.6424 -0.1765 -0.7291 0.1569 0.7626 -0.152 -0.6275 0.0402 0.7836 0.1123 -0.6094 0.0448 0.6277 -0.0941 -0.7722 0.0298 0.7308 0.1249 -0.67 -0.037 0.9456 -0.0103 0.322 0.0462 0.7995 -0.0172 -0.5862 -0.1298 0.7091 -0.0201 -0.6679 0.2252 0.8969 0.0646 0.436 0.0359
0.7871 -0.0366 -0.6069 0.1039 0.5466 -0.2846 -0.7707 0.162 0.7576 -0.1392 -0.6276 0.1135 0.7836 0.1123 -0.6094 0.0448 0.6277 -0.0941 -0.7722 0.0298 0.7308 0.1249 -0.67 -0.037 0.9456 -0.0103 0.322 0.0462 0.7609 -0.0347 -0.6127 -0.2108 0.7091 -0.0201 -0.6679 0.2252 0.8969 0.0646 0.436 0.0359
0.7871 -0.0366 -0.6069 0.1039 0.5466 -0.2846 -0.7707 0.162 0.7576 -0.1392 -0.6276 0.1135 0.7836 0.1123 -0.6094 0.0448 0.6277 -0.0941 -0.7722 0.0298 0.7308 0.1249 -0.67 -0.037 0.9456 -0.0103 0.322 0.0462 0.7609 -0.0347 -0.6127 -0.2108 0.7091 -0.0201 -0.6679 0.2252 0.8969 0.0646 0.436 0.0359
0.7871 -0.0366 -0.6069 0.1039 0.5466 -0.2846 -0.7707 0.162 0.7576 -0.1392 -0.6276 0.1135 0.7836 0.1123 -0.6094 0.0448 0.6277 -0.0941 -0.7722 0.0298 0.7308 0.1249 -0.67 -0.037 0.9456 -0.0103 0.322 0.0462 0.7609 -0.0347 -0.6127 -0.2108 0.649 0.1277 -0.7408 -0.1166 0.8969 0.0646 0.436 0.0359
0.7871 -0.0366 -0.6069 0.1039 0.5466 -0.2846 -0.7707 0.162 0.7576 -0.1392 -0.6276 0.1135 0.7836 0.1123 -0.6094 0.0448 0.6277 -0.0941 -0.7722 0.0298 0.7308 0.1249 -0.67 -0.037 0.9456 -0.0103 0.322 0.0462 0.7609 -0.0347 -0.6127 -0.2108 0.649 0.1277 -0.7408 -0.1166 0.8969 0.0646 0.436 0.0359
0.7871 -0.0366 -0.6069 0.1039 0.5466 -0.2846 -0.7707 0.162 0.7576 -0.1392 -0.6276 0.1135 0.7908 0.1306 -0.5843 0.1271 0.6277 -0.0941 -0.7722 0.0298 0.7308 0.1249 -0.67 -0.037 0.9456 -0.0103 0.322 0.0462 0.7609 -0.0347 -0.6127 -0.2108 0.649 0.1277 -0.7408 -0.1166 0.8969 0.0646 0.436 0.0359
0.7975 -0.0448 -0.5919 0.1078 0.5466 -0.2846 -0.7707 0.162 0.7576 -0.1392 -0.6276 0.1135 0.7908 0.1306 -0.5843 0.1271 0.6439 -0.0995 -0.7578 -0.0364 0.7365 0.1829 -0.6385 -0.1282 0.9456 -0.0103 0.322 0.0462 0.7609 -0.0347 -0.6127 -0.2108 0.649 0.1277 -0.7408 -0.1166 0.8969 0.0646 0.436 0.0359
0.7975 -0.0448 -0.5919 0.1078 0.5466 -0.2846 -0.7707 0.162 0.7515 -0.1021 -0.6354 0.1455 0.7908 0.1306 -0.5843 0.1271 0.6439 -0.0995 -0.7578 -0.0364 0.7365 0.1829 -0.6385 -0.1282 0.9456 -0.0103 0.322 0.0462 0.7609 -0.0347 -0.6127 -0.2108 0.649 0.1277 -0.7408 -0.1166 0.8969 0.0646 0.436 0.0359
0.7975 -0.0448 -0.5919 0.1078 0.5096 -0.2946 -0.7831 0.2009 0.7515 -0.1021 -0.6354 0.1455 0.7908 0.1306 -0.5843 0.1271 0.6439 -0.0995 -0.7578 -0.0364 0.7365 0.1829 -0.6385 -0.1282 0.9456 -0.0103 0.322 0.0462 0.7305 -0.0778 -0.6332 -0.2435 0.649 0.1277 -0.7408 -0.1166 0.8969 0.0646 0.436 0.0359
0.7975 -0.0448 -0.5919 0.1078 0.5096 -0.2946 -0.7831 0.2009 0.7515 -0.1021 -0.6354 0.1455 0.7908 0.1306 -0.5843 0.1271 0.6439 -0.0995 -0.7578 -0.0364 0.7365 0.1829 -0.6385 -0.1282 0.9456 -0.0103 0.322 0.0462 0.7305 -0.0778 -0.6332 -0.2435 0.649 0.1277 -0.7408 -0.1166 0.8969 0.0646 0.436 0.0359
0.7975 -0.0448 -0.5919 0.1078 0.5096 -0.2946 -0.7831 0.2009 0.7515 -0.1021 -0.6354 0.1455 0.7908 0.1306 -0.5843 0.1271 0.6439 -0.0995 -0.7578 -0.0364 0.7365 0.1829 -0.6385 -0.1282 0.9456 -0.0103 0.322 0.0462 0.7305 -0.0778 -0.6332 -0.2435 0.614 0.1437 -0.7637 -0.1387 0.8969 0.0646 0.436 0.0359
0.7975 -0.0448 -0.5919 0.1078 0.5096 -0.2946 -0.7831 0.2009 0.7515 -0.1021 -0.6354 0.1455 0.7908 0.1306 -0.5843 0.1271 0.6439 -0.0995 -0.7578 -0.0364 0.7365 0.1829 -0.6385 -0.1282 0.7986 0.0441 0.5972 0.0604 0.7305 -0.0778 -0.6332 -0.2435 0.614 0.1437 -0.7637 -0.1387 0.8969 0.0646 0.436 0.0359
0.7975 -0.0448 -0.5919 0.1078 0.5096 -0.2946 -0.7831 0.2009 0.7515 -0.1021 -0.6354 0.1455 0.7904 0.1016 -0.5919 0.1208 0.6439 -0.0995 -0.7578 -0.0364 0.7365 0.1829 -0.6385 -0.1282 0.7986 0.0441 0.5972 0.0604 0.7305 -0.0778 -0.6332 -0.2435 0.614 0.1437 -0.7637 -0.1387 0.8969 0.0646 0.436 0.0359
0.8043 -0.0458 -0.588 0.0728 0.5096 -0.2946 -0.7831 0.2009 0.7515 -0.1021 -0.6354 0.1455 0.7904 0.1016 -0.5919 0.1208 0.6806 -0.1289 -0.719 -0.0563 0.7365 0.1829 -0.6385 -0.1282 0.7986 0.0441 0.5972 0.0604 0.7305 -0.0778 -0.6332 -0.2435 0.614 0.1437 -0.7637 -0.1387 0.8969 0.0646 0.436 0.0359
0.8043 -0.0458 -0.588 0.0728 0.5096 -0.2946 -0.7831 0.2009 0.7422 -0.1583 -0.6484 0.0596 0.7904 0.1016 -0.5919 0.1208 0.6806 -0.1289 -0.719 -0.0563 0.7214 0.2559 -0.5807 -0.2773 0.7986 0.0441 0.5972 0.0604 0.7305 -0.0778 -0.6332 -0.2435 0.614 0.1437 -0.7637 -0.1387 0.8969 0.0646 0.436 0.0359
0.8043 -0.0458 -0.588 0.0728 0.5838 -0.2682 -0.7571 0.1188 0.7422 -0.1583 -0.6484 0.0596 0.7904 0.1016 -0.5919 0.1208 0.6806 -0.1289 -0.719 -0.0563 0.7214 0.2559 -0.5807 -0.2773 0.7986 0.0441 0.5972 0.0604 0.7305 -0.0778 -0.6332 -0.2435 0.614 0.1437 -0.7637 -0.1387 0.8969 0.0646 0.436 0.0359
0.8043 -0.0458 -0.588 0.0728 0.5838 -0.2682 -0.7571 0.1188 0.7422 -0.1583 -0.6484 0.0596 0.7904 0.1016 -0.5919 0.1208 0.6806 -0.1289 -0.719 -0.0563 0.7214 0.2559 -0.5807 -0.2773 0.7986 0.0441 0.5972 0.0604 0.7305 -0.0778 -0.6332 -0.2435 0.6475 -0.0086 -0.7549 -0.1042 0.8969 0.0646 0.436 0.0359
0.8043 -0.0458 -0.588 0.0728 0.5838 -0.2682 -0.7571 0.1188 0.7422 -0.1583 -0.6484 0.0596 0.7904 0.1016 -0.5919 0.1208 0.6806 -0.1289 -0.719 -0.0563 0.7214 0.2559 -0.5807 -0.2773 0.7986 0.0441 0.5972 0.0604 0.7305 -0.0778 -0.6332 -0.2435 0.6475 -0.0086 -0.7549 -0.1042 0.8969 0.0646 0.436 0.0359
0.8043 -0.0458 -0.588 0.0728 0.5838 -0.2682 -0.7571 0.1188 0.7422 -0.1583 -0.6484 0.0596 0.7904 0.1016 -0.5919 0.1208 0.6806 -0.1289 -0.719 -0.0563 0.7214 0.2559 -0.5807 -0.2773 0.7986 0.0441 0.5972 0.0604 0.7305 -0.0778 -0.6332 -0.2435 0.6475 -0.0086 -0.7549 -0.1042 0.8969 0.0646 0.436 0.0359
0.8043 -0.0458 -0.588 0.0728 0.5838 -0.2682 -0.7571 0.1188 0.7422 -0.1583 -0.6484 0.0596 0.7904 0.1016 -0.5919 0.1208 0.6806 -0.1289 -0.719 -0.0563 0.7214 0.2559 -0.5807 -0.2773 0.7986 0.0441 0.5972 0.0604 0.7305 -0.0778 -0.6332 -0.2435 0.6475 -0.0086 -0.7549 -0.1042 0.8969 0.0646 0.436 0.0359
0.8043 -0.0458 -0.588 0.0728 0.5838 -0.2682 -0.7571 0.1188 0.7422 -0.1583 -0.6484 0.0596 0.7904 0.1016 -0.5919 0.1208 0.6806 -0.1289 -0.719 -0.0563 0.7214 0.2559 -0.5807 -0.2773 0.7986 0.0441 0.5972 0.0604 0.7305 -0.0778 -0.6332 -0.2435 0.6475 -0.0086 -0.7549 -0.1042 0.8969 0.0646 0.436 0.0359
0.8002 -0.0355 -0.5986 0.007 0.5838 -0.2682 -0.7571 0.1188 0.7453 -0.2493 -0.6133 -0.0792 0.7964 0.0486 -0.6027 -0.0162 0.7166 -0.1891 -0.6686 0.0596 0.7339 0.2442 -0.551 -0.3134 0.7986 0.0441 0.5972 0.0604 0.7305 -0.0778 -0.6332 -0.2435 0.6475 -0.0086 -0.7549 -0.1042 0.8969 0.0646 0.436 0.0359
0.8002 -0.0355 -0.5986 0.007 0.6509 -0.1901 -0.731 0.0763 0.7453 -0.2493 -0.6133 -0.0792 0.7964 0.0486 -0.6027 -0.0162 0.7166 -0.1891 -0.6686 0.0596 0.7339 0.2442 -0.551 -0.3134 0.7986 0.0441 0.5972 0.0604 0.7054 0.0041 -0.7021 -0.0967 0.6475 -0.0086 -0.7549 -0.1042 0.8969 0.0646 0.436 0.0359
0.8002 -0.0355 -0.5986 0.007 0.6509 -0.1901 -0.731 0.0763 0.7453 -0.2493 -0.6133 -0.0792 0.7964 0.0486 -0.6027 -0.0162 0.7166 -0.1891 -0.6686 0.0596 0.7339 0.2442 -0.551 -0.3134 0.7986 0.0441 0.5972 0.0604 0.7054 0.0041 -0.7021 -0.0967 0.6475 -0.0086 -0.7549 -0.1042 0.8969 0.0646 0.436 0.0359
0.8002 -0.0355 -0.5986 0.007 0.6509 -0.1901 -0.731 0.0763 0.7453 -0.2493 -0.6133 -0.0792 0.7964 0.0486 -0.6027 -0.0162 0.7166 -0.1891 -0.6686 0.0596 0.7339 0.2442 -0.551 -0.3134 0.7986 0.0441 0.5972 0.0604 0.7054 0.0041 -0.7021 -0.0967 0.6626 -0.0328 -0.7479 -0.0223 0.8969 0.0646 0.436 0.0359
0.8002 -0.0355 -0.5986 0.007 0.6509 -0.1901 -0.731 0.0763 0.7453 -0.2493 -0.6133 -0.0792 0.7964 0.0486 -0.6027 -0.0162 0.7166 -0.1891 -0.6686 0.0596 0.7339 0.2442 -0.551 -0.3134 0.7853 0.0649 0.614 -0.047 0.7054 0.0041 -0.7021 -0.0967 0.6626 -0.0328 -0.7479 -0.0223 0.8969 0.0646 0.436 0.0359
0.8002 -0.0355 -0.5986 0.007 0.6509 -0.1901 -0.731 0.0763 0.7453 -0.2493 -0.6133 -0.0792 0.8029 0.1335 -0.5698 -0.1135 0.7166 -0.1891 -0.6686 0.0596 0.7339 0.2442 -0.551 -0.3134 0.7853 0.0649 0.614 -0.047 0.7054 0.0041 -0.7021 -0.0967 0.6626 -0.0328 -0.7479 -0.0223 0.8969 0.0646 0.436 0.0359
0.7875 -0.0192 -0.61 -0.0854 0.6509 -0.1901 -0.731 0.0763 0.7453 -0.2493 -0.6133 -0.0792 0.8029 0.1335 -0.5698 -0.1135 0.7151 -0.1631 -0.6427 0.2215 0.7563 0.1198 -0.631 -0.1243 0.7853 0.0649 0.614 -0.047 0.7054 0.0041 -0.7021 -0.0967 0.6626 -0.0328 -0.7479 -0.0223 0.8969 0.0646 0.436 0.0359
0.7875 -0.0192 -0.61 -0.0854 0.6509 -0.1901 -0.731 0.0763 0.7751 -0.2142 -0.5801 -0.1299 0.8029 0.1335 -0.5698 -0.1135 0.7151 -0.1631 -0.6427 0.2215 0.7563 0.1198 -0.631 -0.1243 0.7853 0.0649 0.614 -0.047 0.7054 0.0041 -0.7021 -0.0967 0.6626 -0.0328 -0.7479 -0.0223 0.8969 0.0646 0.436 0.0359
0.7875 -0.0192 -0.61 -0.0854 0.6932 -0.2004 -0.6918 -0.0248 0.7751 -0.2142 -0.5801 -0.1299 0.8029 0.1335 -0.5698 -0.1135 0.7151 -0.1631 -0.6427 0.2215 0.7563 0.1198 -0.631 -0.1243 0.7853 0.0649 0.614 -0.047 0.7054 0.0041 -0.7021 -0.0967 0.6626 -0.0328 -0.7479 -0.0223 0.8969 0.0646 0.436 0.0359
0.7875 -0.0192 -0.61 -0.0854 0.6932 -0.2004 -0.6918 -0.0248 0.7751 -0.2142 -0.5801 -0.1299 0.8029 0.1335 -0.5698 -0.1135 0.7151 -0.1631 -0.6427 0.2215 0.7563 0.1198 -0.631 -0.1243 0.7853 0.0649 0.614 -0.047 0.7054 0.0041 -0.7021 -0.0967 0.6626 -0.0328 -0.7479 -0.0223 0.8969 0.0646 0.436 0.0359
0.7875 -0.0192 -0.61 -0.0854 0.6932 -0.2004 -0.6918 -0.0248 0.7751 -0.2142 -0.5801 -0.1299 0.8029 0.1335 -0.5698 -0.1135 0.7151 -0.1631 -0.6427 0.2215 0.7563 0.1198 -0.631 -0.1243 0.7853 0.0649 0.614 -0.047 0.7054 0.0041 -0.7021 -0.0967 0.6839 -0.0505 -0.7268 0.0387 0.8969 0.0646 0.436 0.0359
0.7875 -0.0192 -0.61 -0.0854 0.6932 -0.2004 -0.6918 -0.0248 0.7751 -0.2142 -0.5801 -0.1299 0.8029 0.1335 -0.5698 -0.1135 0.7151 -0.1631 -0.6427 0.2215 0.7563 0.1198 -0.631 -0.1243 0.9594 0.0436 0.2766 0.0353 0.7054 0.0041 -0.7021 -0.0967 0.6839 -0.0505 -0.7268 0.0387 0.8969 0.0646 0.436 0.0359
0.7875 -0.0192 -0.61 -0.0854 0.6932 -0.2004 -0.6918 -0.0248 0.7751 -0.2142 -0.5801 -0.1299 0.8029 0.1335 -0.5698 -0.1135 0.7151 -0.1631 -0.6427 0.2215 0.7563 0.1198 -0.631 -0.1243 0.9594 0.0436 0.2766 0.0353 0.7054 0.0041 -0.7021 -0.0967 0.6839 -0.0505 -0.7268 0.0387 0.8969 0.0646 0.436 0.0359
0.7728 -0.025 -0.6162 -0.1495 0.6932 -0.2004 -0.6918 -0.0248 0.7751 -0.2142 -0.5801 -0.1299 0.7534 0.2886 -0.5629 -0.1796 0.6822 -0.1493 -0.6722 0.2458 0.7563 0.1198 -0.631 -0.1243 0.9594 0.0436 0.2766 0.0353 0.7054 0.0041 -0.7021 -0.0967 0.6839 -0.0505 -0.7268 0.0387 0.8969 0.0646 0.436 0.0359
0.7728 -0.025 -0.6162 -0.1495 0.6932 -0.2004 -0.6918 -0.0248 0.7751 -0.2142 -0.5801 -0.1299 0.7534 0.2886 -0.5629 -0.1796 0.6822 -0.1493 -0.6722 0.2458 0.7563 0.1198 -0.631 -0.1243 0.9594 0.0436 0.2766 0.0353 0.7054 0.0041 -0.7021 -0.0967 0.6839 -0.0505 -0.7268 0.0387 0.8969 0.0646 0.436 0.0359
0.7728 -0.025 -0.6162 -0.1495 0.7177 -0.204 -0.6614 -0.0769 0.7921 -0.2105 -0.5574 -0.1323 0.7534 0.2886 -0.5629 -0.1796 0.6822 -0.1493 -0.6722 0.2458 0.7228 -0.0948 -0.6664 0.1564 0.9594 0.0436 0.2766 0.0353 0.6331 -0.021 -0.7664 0.1068 0.6839 -0.0505 -0.7268 0.0387 0.8969 0.0646 0.436 0.0359
0.7728 -0.025 -0.6162 -0.1495 0.7177 -0.204 -0.6614 -0.0769 0.7921 -0.2105 -0.5574 -0.1323 0.7534 0.2886 -0.5629 -0.1796 0.6822 -0.1493 -0.6722 0.2458 0.7228 -0.0948 -0.6664 0.1564 0.9594 0.0436 0.2766 0.0353 0.6331 -0.021 -0.7664 0.1068 0.6839 -0.0505 -0.7268 0.0387 0.8969 0.0646 0.436 0.0359
0.7728 -0.025 -0.6162 -0.1495 0.7177 -0.204 -0.6614 -0.0769 0.7921 -0.2105 -0.5574 -0.1323 0.7534 0.2886 -0.5629 -0.1796 0.6822 -0.1493 -0.6722 0.2458 0.7228 -0.0948 -0.6664 0.1564 0.9594 0.0436 0.2766 0.0353 0.6331 -0.021 -0.7664 0.1068 0.7031 -0.0956 -0.6967 0.1057 0.8969 0.0646 0.436 0.0359
0.7728 -0.025 -0.6162 -0.1495 0.7177 -0.204 -0.6614 -0.0769 0.7921 -0.2105 -0.5574 -0.1323 0.7534 0.2886 -0.5629 -0.1796 0.6822 -0.1493 -0.6722 0.2458 0.7228 -0.0948 -0.6664 0.1564 0.9962 0.0502 0.0695 0.0132 0.6331 -0.021 -0.7664 0.1068 0.7031 -0.0956 -0.6967 0.1057 0.8969 0.0646 0.436 0.0359
0.7728 -0.025 -0.6162 -0.1495 0.7177 -0.204 -0.6614 -0.0769 0.7921 -0.2105 -0.5574 -0.1323 0.7534 0.2886 -0.5629 -0.1796 0.6822 -0.1493 -0.6722 0.2458 0.7228 -0.0948 -0.6664 0.1564 0.9962 0.0502 0.0695 0.0132 0.6331 -0.021 -0.7664 0.1068 0.7031 -0.0956 -0.6967 0.1057 0.8969 0.0646 0.436 0.0359
0.7728 -0.025 -0.6162 -0.1495 0.7177 -0.204 -0.6614 -0.0769 0.7921 -0.2105 -0.5574 -0.1323 0.7312 0.3 -0.5505 -0.2689 0.6822 -0.1493 -0.6722 0.2458 0.7228 -0.0948 -0.6664 0.1564 0.9962 0.0502 0.0695 0.0132 0.6331 -0.021 -0.7664 0.1068 0.7031 -0.0956 -0.6967 0.1057 0.8969 0.0646 0.436 0.0359
0.7728 -0.025 -0.6162 -0.1495 0.7177 -0.204 -0.6614 -0.0769 0.7921 -0.2105 -0.5574 -0.1323 0.7312 0.3 -0.5505 -0.2689 0.6822 -0.1493 -0.6722 0.2458 0.7228 -0.0948 -0.6664 0.1564 0.9962 0.0502 0.0695 0.0132 0.6331 -0.021 -0.7664 0.1068 0.7031 -0.0956 -0.6967 0.1057 0.8969 0.0646 0.436 0.0359
0.7712 -0.0398 -0.6157 -0.1565 0.7134 -0.2041 -0.6661 -0.0754 0.8038 -0.1852 -0.5589 -0.0855 0.7312 0.3 -0.5505 -0.2689 0.6822 -0.1493 -0.6722 0.2458 0.7015 -0.08 -0.6833 0.1859 0.9962 0.0502 0.0695 0.0132 0.6331 -0.0338 -0.7597 0.1447 0.7031 -0.0956 -0.6967 0.1057 0.8969 0.0646 0.436 0.0359
0.7712 -0.0398 -0.6157 -0.1565 0.7134 -0.2041 -0.6661 -0.0754 0.8038 -0.1852 -0.5589 -0.0855 0.7312 0.3 -0.5505 -0.2689 0.6822 -0.1493 -0.6722 0.2458 0.7015 -0.08 -0.6833 0.1859 0.9962 0.0502 0.0695 0.0132 0.6331 -0.0338 -0.7597 0.1447 0.7031 -0.0956 -0.6967 0.1057 0.8969 0.0646 0.436 0.0359
0.7712 -0.0398 -0.6157 -0.1565 0.7134 -0.2041 -0.6661 -0.0754 0.8038 -0.1852 -0.5589 -0.0855 0.7312 0.3 -0.5505 -0.2689 0.6822 -0.1493 -0.6722 0.2458 0.7015 -0.08 -0.6833 0.1859 0.9962 0.0502 0.0695 0.0132 0.6331 -0.0338 -0.7597 0.1447 0.7106 -0.1888 -0.6298 0.2505 0.8969 0.0646 0.436 0.0359
0.7712 -0.0398 -0.6157 -0.1565 0.7134 -0.2041 -0.6661 -0.0754 0.8038 -0.1852 -0.5589 -0.0855 0.7312 0.3 -0.5505 -0.2689 0.6822 -0.1493 -0.6722 0.2458 0.7015 -0.08 -0.6833 0.1859 0.9692 0.0066 0.2437 0.0334 0.6331 -0.0338 -0.7597 0.1447 0.7106 -0.1888 -0.6298 0.2505 0.8969 0.0646 0.436 0.0359
0.7712 -0.0398 -0.6157 -0.1565 0.7134 -0.2041 -0.6661 -0.0754 0.8038 -0.1852 -0.5589 -0.0855 0.7312 0.3 -0.5505 -0.2689 0.6822 -0.1493 -0.6722 0.2458 0.7015 -0.08 -0.6833 0.1859 0.9692 0.0066 0.2437 0.0334 0.6331 -0.0338 -0.7597 0.1447 0.7106 -0.1888 -0.6298 0.2505 0.8969 0.0646 0.436 0.0359
0.7751 -0.0101 -0.6266 -0.0801 0.7134 -0.2041 -0.6661 -0.0754 0.8038 -0.1852 -0.5589 -0.0855 0.765 0.2275 -0.5849 -0.1451 0.661 -0.114 -0.7093 0.2166 0.7015 -0.08 -0.6833 0.1859 0.9692 0.0066 0.2437 0.0334 0.6331 -0.0338 -0.7597 0.1447 0.7106 -0.1888 -0.6298 0.2505 0.8969 0.0646 0.436 0.0359
0.7751 -0.0101 -0.6266 -0.0801 0.7134 -0.2041 -0.6661 -0.0754 0.8038 -0.1852 -0.5589 -0.0855 0.765 0.2275 -0.5849 -0.1451 0.661 -0.114 -0.7093 0.2166 0.7015 -0.08 -0.6833 0.1859 0.9692 0.0066 0.2437 0.0334 0.6331 -0.0338 -0.7597 0.1447 0.7106 -0.1888 -0.6298 0.2505 0.8969 0.0646 0.436 0.0359
0.7751 -0.0101 -0.6266 -0.0801 0.6997 -0.1865 -0.6896 0.0036 0.7834 -0.152 -0.6006 -0.0498 0.765 0.2275 -0.5849 -0.1451 0.661 -0.114 -0.7093 0.2166 0.7201 0.0453 -0.6794 0.1331 0.9692 0.0066 0.2437 0.0334 0.7352 0.0173 -0.6755 0.0543 0.7106 -0.1888 -0.6298 0.2505 0.8969 0.0646 0.436 0.0359
0.7751 -0.0101 -0.6266 -0.0801 0.6997 -0.1865 -0.6896 0.0036 0.7834 -0.152 -0.6006 -0.0498 0.765 0.2275 -0.5849 -0.1451 0.661 -0.114 -0.7093 0.2166 0.7201 0.0453 -0.6794 0.1331 0.9692 0.0066 0.2437 0.0334 0.7352 0.0173 -0.6755 0.0543 0.7106 -0.1888 -0.6298 0.2505 0.8969 0.0646 0.436 0.0359
0.7751 -0.0101 -0.6266 -0.0801 0.6997 -0.1865 -0.6896 0.0036 0.7834 -0.152 -0.6006 -0.0498 0.765 0.2275 -0.5849 -0.1451 0.661 -0.114 -0.7093 0.2166 0.7201 0.0453 -0.6794 0.1331 0.9692 0.0066 0.2437 0.0334 0.7352 0.0173 -0.6755 0.0543 0.7106 -0.1888 -0.6298 0.2505 0.8969 0.0646 0.436 0.0359
0.7751 -0.0101 -0.6266 -0.0801 0.6997 -0.1865 -0.6896 0.0036 0.7834 -0.152 -0.6006 -0.0498 0.765 0.2275 -0.5849 -0.1451 0.661 -0.114 -0.7093 0.2166 0.7201 0.0453 -0.6794 0.1331 0.9561 0.0049 0.2902 0.0416 0.7352 0.0173 -0.6755 0.0543 0.7375 -0.1225 -0.5382 0.389 0.8969 0.0646 0.436 0.0359
0.7751 -0.0101 -0.6266 -0.0801 0.6997 -0.1865 -0.6896 0.0036 0.7834 -0.152 -0.6006 -0.0498 0.7912 0.1282 -0.5977 -0.0173 0.661 -0.114 -0.7093 0.2166 0.7201 0.0453 -0.6794 0.1331 0.9561 0.0049 0.2902 0.0416 0.7352 0.0173 -0.6755 0.0543 0.7375 -0.1225 -0.5382 0.389 0.8969 0.0646 0.436 0.0359
0.7958 0.0355 -0.5983 0.0858 0.6997 -0.1865 -0.6896 0.0036 0.7834 -0.152 -0.6006 -0.0498 0.7912 0.1282 -0.5977 -0.0173 0.6437 -0.1115 -0.7532 0.0766 0.7201 0.0453 -0.6794 0.1331 0.9561 0.0049 0.2902 0.0416 0.7352 0.0173 -0.6755 0.0543 0.7375 -0.1225 -0.5382 0.389 0.8969 0.0646 0.436 0.0359
0.7958 0.0355 -0.5983 0.0858 0.6997 -0.1865 -0.6896 0.0036 0.7834 -0.152 -0.6006 -0.0498 0.7912 0.1282 -0.5977 -0.0173 0.6437 -0.1115 -0.7532 0.0766 0.7201 0.0453 -0.6794 0.1331 0.9561 0.0049 0.2902 0.0416 0.7352 0.0173 -0.6755 0.0543 0.7375 -0.1225 -0.5382 0.389 0.8969 0.0646 0.436 0.0359
0.7958 0.0355 -0.5983 0.0858 0.6612 -0.1799 -0.7124 0.1515 0.7646 -0.1568 -0.6249 -0.0145 0.7912 0.1282 -0.5977 -0.0173 0.6437 -0.1115 -0.7532 0.0766 0.7269 0.0474 -0.6833 0.0488 0.9561 0.0049 0.2902 0.0416 0.7886 0.0031 -0.603 -0.1204 0.7375 -0.1225 -0.5382 0.389 0.8969 0.0646 0.436 0.0359
0.7958 0.0355 -0.5983 0.0858 0.6612 -0.1799 -0.7124 0.1515 0.7646 -0.1568 -0.6249 -0.0145 0.7912 0.1282 -0.5977 -0.0173 0.6437 -0.1115 -0.7532 0.0766 0.7269 0.0474 -0.6833 0.0488 0.9561 0.0049 0.2902 0.0416 0.7886 0.0031 -0.603 -0.1204 0.7375 -0.1225 -0.5382 0.389 0.8969 0.0646 0.436 0.0359
0.7958 0.0355 -0.5983 0.0858 0.6612 -0.1799 -0.7124 0.1515 0.7646 -0.1568 -0.6249 -0.0145 0.7912 0.1282 -0.5977 -0.0173 0.6437 -0.1115 -0.7532 0.0766 0.7269 0.0474 -0.6833 0.0488 0.9455 -0.0157 0.3238 0.0316 0.7886 0.0031 -0.603 -0.1204 0.7094 -0.065 -0.6676 0.2167 0.8969 0.0646 0.436 0.0359
0.7958 0.0355 -0.5983 0.0858 0.6612 -0.1799 -0.7124 0.1515 0.7646 -0.1568 -0.6249 -0.0145 0.7912 0.1282 -0.5977 -0.0173 0.6437 -0.1115 -0.7532 0.0766 0.7269 0.0474 -0.6833 0.0488 0.9455 -0.0157 0.3238 0.0316 0.7886 0.0031 -0.603 -0.1204 0.7094 -0.065 -0.6676 0.2167 0.8969 0.0646 0.436 0.0359
0.7958 0.0355 -0.5983 0.0858 0.6612 -0.1799 -0.7124 0.1515 0.7646 -0.1568 -0.6249 -0.0145 0.7912 0.1282 -0.5977 -0.0173 0.6437 -0.1115 -0.7532 0.0766 0.7269 0.0474 -0.6833 0.0488 0.9455 -0.0157 0.3238 0.0316 0.7886 0.0031 -0.603 -0.1204 0.7094 -0.065 -0.6676 0.2167 0.8969 0.0646 0.436 0.0359
0.7976 -0.0563 -0.5913 0.1051 0.6612 -0.1799 -0.7124 0.1515 0.7646 -0.1568 -0.6249 -0.0145 0.7951 0.0983 -0.5959 0.0547 0.6379 -0.094 -0.7643 0.0098 0.7269 0.0474 -0.6833 0.0488 0.9455 -0.0157 0.3238 0.0316 0.7886 0.0031 -0.603 -0.1204 0.7094 -0.065 -0.6676 0.2167 0.8969 0.0646 0.436 0.0359
0.7976 -0.0563 -0.5913 0.1051 0.6612 -0.1799 -0.7124 0.1515 0.7591 -0.1331 -0.6309 0.0897 0.7951 0.0983 -0.5959 0.0547 0.6379 -0.094 -0.7643 0.0098 0.7386 0.0948 -0.6672 -0.021 0.9455 -0.0157 0.3238 0.0316 0.7751 -0.0344 -0.5936 -0.2138 0.7094 -0.065 -0.6676 0.2167 0.8969 0.0646 0.436 0.0359
0.7976 -0.0563 -0.5913 0.1051 0.5629 -0.3083 -0.7497 0.1614 0.7591 -0.1331 -0.6309 0.0897 0.7951 0.0983 -0.5959 0.0547 0.6379 -0.094 -0.7643 0.0098 0.7386 0.0948 -0.6672 -0.021 0.9455 -0.0157 0.3238 0.0316 0.7751 -0.0344 -0.5936 -0.2138 0.7094 -0.065 -0.6676 0.2167 0.8969 0.0646 0.436 0.0359
0.7976 -0.0563 -0.5913 0.1051 0.5629 -0.3083 -0.7497 0.1614 0.7591 -0.1331 -0.6309 0.0897 0.7951 0.0983 -0.5959 0.0547 0.6379 -0.094 -0.7643 0.0098 0.7386 0.0948 -0.6672 -0.021 0.9455 -0.0157 0.3238 0.0316 0.7751 -0.0344 -0.5936 -0.2138 0.7094 -0.065 -0.6676 0.2167 0.8969 0.0646 0.436 0.0359
0.7976 -0.0563 -0.5913 0.1051 0.5629 -0.3083 -0.7497 0.1614 0.7591 -0.1331 -0.6309 0.0897 0.7951 0.0983 -0.5959 0.0547 0.6379 -0.094 -0.7643 0.0098 0.7386 0.0948 -0.6672 -0.021 0.9266 -0.013 0.3754 0.0183 0.7751 -0.0344 -0.5936 -0.2138 0.6439 0.1247 -0.7479 -0.1025 0.8969 0.0646 0.436 0.0359
0.7976 -0.0563 -0.5913 0.1051 0.5629 -0.3083 -0.7497 0.1614 0.7591 -0.1331 -0.6309 0.0897 0.7951 0.0983 -0.5959 0.0547 0.6379 -0.094 -0.7643 0.0098 0.7386 0.0948 -0.6672 -0.021 0.9266 -0.013 0.3754 0.0183 0.7751 -0.0344 -0.5936 -0.2138 0.6439 0.1247 -0.7479 -0.1025 0.8969 0.0646 0.436 0.0359
0.7976 -0.0563 -0.5913 0.1051 0.5629 -0.3083 -0.7497 0.1614 0.7591 -0.1331 -0.6309 0.0897 0.7951 0.0983 -0.5959 0.0547 0.6379 -0.094 -0.7643 0.0098 0.7386 0.0948 -0.6672 -0.021 0.9266 -0.013 0.3754 0.0183 0.7751 -0.0344 -0.5936 -0.2138 0.6439 0.1247 -0.7479 -0.1025 0.8969 0.0646 0.436 0.0359
0.8034 -0.0606 -0.5803 0.1186 0.5629 -0.3083 -0.7497 0.1614 0.7591 -0.1331 -0.6309 0.0897 0.7932 0.1264 -0.5737 0.1608 0.6449 -0.0786 -0.7582 -0.0546 0.7386 0.0948 -0.6672 -0.021 0.9266 -0.013 0.3754 0.0183 0.7751 -0.0344 -0.5936 -0.2138 0.6439 0.1247 -0.7479 -0.1025 0.8969 0.0646 0.436 0.0359
0.8034 -0.0606 -0.5803 0.1186 0.5629 -0.3083 -0.7497 0.1614 0.7476 -0.1022 -0.6372 0.1567 0.7932 0.1264 -0.5737 0.1608 0.6449 -0.0786 -0.7582 -0.0546 0.7443 0.1635 -0.6396 -0.101 0.9266 -0.013 0.3754 0.0183 0.7271 -0.0616 -0.6453 -0.226 0.6439 0.1247 -0.7479 -0.1025 0.8969 0.0646 0.436 0.0359
0.8034 -0.0606 -0.5803 0.1186 0.5326 -0.3151 -0.7614 0.1931 0.7476 -0.1022 -0.6372 0.1567 0.7932 0.1264 -0.5737 0.1608 0.6449 -0.0786 -0.7582 -0.0546 0.7443 0.1635 -0.6396 -0.101 0.9266 -0.013 0.3754 0.0183 0.7271 -0.0616 -0.6453 -0.226 0.6439 0.1247 -0.7479 -0.1025 0.8969 0.0646 0.436 0.0359
0.8034 -0.0606 -0.5803 0.1186 0.5326 -0.3151 -0.7614 0.1931 0.7476 -0.1022 -0.6372 0.1567 0.7932 0.1264 -0.5737 0.1608 0.6449 -0.0786 -0.7582 -0.0546 0.7443 0.1635 -0.6396 -0.101 0.9266 -0.013 0.3754 0.0183 0.7271 -0.0616 -0.6453 -0.226 0.6439 0.1247 -0.7479 -0.1025 0.8969 0.0646 0.436 0.0359
0.8034 -0.0606 -0.5803 0.1186 0.5326 -0.3151 -0.7614 0.1931 0.7476 -0.1022 -0.6372 0.1567 0.7932 0.1264 -0.5737 0.1608 0.6449 -0.0786 -0.7582 -0.0546 0.7443 0.1635 -0.6396 -0.101 0.8221 0.0067 0.5686 0.0284 0.7271 -0.0616 -0.6453 -0.226 0.6191 0.1171 -0.7588 -0.1652 0.8969 0.0646 0.436 0.0359
0.8034 -0.0606 -0.5803 0.1186 0.5326 -0.3151 -0.7614 0.1931 0.7476 -0.1022 -0.6372 0.1567 0.7932 0.1264 -0.5737 0.1608 0.6449 -0.0786 -0.7582 -0.0546 0.7443 0.1635 -0.6396 -0.101 0.8221 0.0067 0.5686 0.0284 0.7271 -0.0616 -0.6453 -0.226 0.6191 0.1171 -0.7588 -0.1652 0.8969 0.0646 0.436 0.0359
0.8034 -0.0606 -0.5803 0.1186 0.5326 -0.3151 -0.7614 0.1931 0.7476 -0.1022 -0.6372 0.1567 0.7904 0.1101 -0.5792 0.1664 0.6449 -0.0786 -0.7582 -0.0546 0.7443 0.1635 -0.6396 -0.101 0.8221 0.0067 0.5686 0.0284 0.7271 -0.0616 -0.6453 -0.226 0.6191 0.1171 -0.7588 -0.1652 0.8969 0.0646 0.436 0.0359
0.8101 -0.0659 -0.576 0.0874 0.5326 -0.3151 -0.7614 0.1931 0.7476 -0.1022 -0.6372 0.1567 0.7904 0.1101 -0.5792 0.1664 0.6825 -0.1051 -0.7214 -0.0519 0.7443 0.1635 -0.6396 -0.101 0.8221 0.0067 0.5686 0.0284 0.7271 -0.0616 -0.6453 -0.226 0.6191 0.1171 -0.7588 -0.1652 0.8969 0.0646 0.436 0.0359
0.8101 -0.0659 -0.576 0.0874 0.5326 -0.3151 -0.7614 0.1931 0.7437 -0.1379 -0.647 0.0963 0.7904 0.1101 -0.5792 0.1664 0.6825 -0.1051 -0.7214 -0.0519 0.7244 0.2616 -0.5848 -0.2544 0.8221 0.0067 0.5686 0.0284 0.7271 -0.0616 -0.6453 -0.226 0.6191 0.1171 -0.7588 -0.1652 0.8969 0.0646 0.436 0.0359
0.8101 -0.0659 -0.576 0.0874 0.5896 -0.28 -0.7444 0.1407 0.7437 -0.1379 -0.647 0.0963 0.7904 0.1101 -0.5792 0.1664 0.6825 -0.1051 -0.7214 -0.0519 0.7244 0.2616 -0.5848 -0.2544 0.8221 0.0067 0.5686 0.0284 0.7271 -0.0616 -0.6453 -0.226 0.6191 0.1171 -0.7588 -0.1652 0.8969 0.0646 0.436 0.0359
0.8101 -0.0659 -0.576 0.0874 0.5896 -0.28 -0.7444 0.1407 0.7437 -0.1379 -0.647 0.0963 0.7904 0.1101 -0.5792 0.1664 0.6825 -0.1051 -0.7214 -0.0519 0.7244 0.2616 -0.5848 -0.2544 0.8221 0.0067 0.5686 0.0284 0.7271 -0.0616 -0.6453 -0.226 0.6191 0.1171 -0.7588 -0.1652 0.8969 0.0646 0.436 0.0359
0.8101 -0.0659 -0.576 0.0874 0.5896 -0.28 -0.7444 0.1407 0.7437 -0.1379 -0.647 0.0963 0.7904 0.1101 -0.5792 0.1664 0.6825 -0.1051 -0.7214 -0.0519 0.7244 0.2616 -0.5848 -0.2544 0.8221 0.0067 0.5686 0.0284 0.7271 -0.0616 -0.6453 -0.226 0.645 -0.0068 -0.7566 -0.1072 0.8969 0.0646 0.436 0.0359
0.8101 -0.0659 -0.576 0.0874 0.5896 -0.28 -0.7444 0.1407 0.7437 -0.1379 -0.647 0.0963 0.7904 0.1101 -0.5792 0.1664 0.6825 -0.1051 -0.7214 -0.0519 0.7244 0.2616 -0.5848 -0.2544 0.8221 0.0067 0.5686 0.0284 0.7271 -0.0616 -0.6453 -0.226 0.645 -0.0068 -0.7566 -0.1072 0.8969 0.0646 0.436 0.0359
0.7968 -0.053 -0.6012 0.0288 0.5896 -0.28 -0.7444 0.1407 0.7437 -0.1379 -0.647 0.0963 0.8055 0.0739 -0.5874 0.0228 0.6825 -0.1051 -0.7214 -0.0519 0.7244 0.2616 -0.5848 -0.2544 0.8221 0.0067 0.5686 0.0284 0.7271 -0.0616 -0.6453 -0.226 0.645 -0.0068 -0.7566 -0.1072 0.8969 0.0646 0.436 0.0359
0.7968 -0.053 -0.6012 0.0288 0.5896 -0.28 -0.7444 0.1407 0.7437 -0.1379 -0.647 0.0963 0.8055 0.0739 -0.5874 0.0228 0.6825 -0.1051 -0.7214 -0.0519 0.7244 0.2616 -0.5848 -0.2544 0.8221 0.0067 0.5686 0.0284 0.7271 -0.0616 -0.6453 -0.226 0.645 -0.0068 -0.7566 -0.1072 0.8969 0.0646 0.436 0.0359
0.7968 -0.053 -0.6012 0.0288 0.5896 -0.28 -0.7444 0.1407 0.7437 -0.1379 -0.647 0.0963 0.8055 0.0739 -0.5874 0.0228 0.6825 -0.1051 -0.7214 -0.0519 0.7244 0.2616 -0.5848 -0.2544 0.8221 0.0067 0.5686 0.0284 0.7271 -0.0616 -0.6453 -0.226 0.645 -0.0068 -0.7566 -0.1072 0.8969 0.0646 0.436 0.0359
0.7968 -0.053 -0.6012 0.0288 0.641 -0.2319 -0.7283 0.0695 0.7559 -0.2358 -0.6087 -0.0507 0.8055 0.0739 -0.5874 0.0228 0.6825 -0.1051 -0.7214 -0.0519 0.7386 0.209 -0.5222 -0.3716 0.8221 0.0067 0.5686 0.0284 0.7057 -0.0035 -0.7012 -0.1015 0.645 -0.0068 -0.7566 -0.1072 0.8969 0.0646 0.436 0.0359
0.7968 -0.053 -0.6012 0.0288 0.641 -0.2319 -0.7283 0.0695 0.7559 -0.2358 -0.6087 -0.0507 0.8055 0.0739 -0.5874 0.0228 0.6825 -0.1051 -0.7214 -0.0519 0.7386 0.209 -0.5222 -0.3716 0.8221 0.0067 0.5686 0.0284 0.7057 -0.0035 -0.7012 -0.1015 0.645 -0.0068 -0.7566 -0.1072 0.8969 0.0646 0.436 0.0359
0.7968 -0.053 -0.6012 0.0288 0.641 -0.2319 -0.7283 0.0695 0.7559 -0.2358 -0.6087 -0.0507 0.8055 0.0739 -0.5874 0.0228 0.6825 -0.1051 -0.7214 -0.0519 0.7386 0.209 -0.5222 -0.3716 0.8221 0.0067 0.5686 0.0284 0.7057 -0.0035 -0.7012 -0.1015 0.6606 -0.0274 -0.75 -0.018 0.8969 0.0646 0.436 0.0359
0.7968 -0.053 -0.6012 0.0288 0.641 -0.2319 -0.7283 0.0695 0.7559 -0.2358 -0.6087 -0.0507 0.8055 0.0739 -0.5874 0.0228 0.6825 -0.1051 -0.7214 -0.0519 0.7386 0.209 -0.5222 -0.3716 0.7674 0.0793 0.6321 -0.0728 0.7057 -0.0035 -0.7012 -0.1015 0.6606 -0.0274 -0.75 -0.018 0.8969 0.0646 0.436 0.0359
0.7968 -0.053 -0.6012 0.0288 0.641 -0.2319 -0.7283 0.0695 0.7559 -0.2358 -0.6087 -0.0507 0.8055 0.0739 -0.5874 0.0228 0.6825 -0.1051 -0.7214 -0.0519 0.7386 0.209 -0.5222 -0.3716 0.7674 0.0793 0.6321 -0.0728 0.7057 -0.0035 -0.7012 -0.1015 0.6606 -0.0274 -0.75 -0.018 0.8969 0.0646 0.436 0.0359
0.7886 -0.0421 -0.61 -0.0653 0.641 -0.2319 -0.7283 0.0695 0.7559 -0.2358 -0.6087 -0.0507 0.814 0.1577 -0.5535 -0.0786 0.712 -0.1711 -0.6395 0.2344 0.7386 0.209 -0.5222 -0.3716 0.7674 0.0793 0.6321 -0.0728 0.7057 -0.0035 -0.7012 -0.1015 0.6606 -0.0274 -0.75 -0.018 0.8969 0.0646 0.436 0.0359
0.7886 -0.0421 -0.61 -0.0653 0.641 -0.2319 -0.7283 0.0695 0.7559 -0.2358 -0.6087 -0.0507 0.814 0.1577 -0.5535 -0.0786 0.712 -0.1711 -0.6395 0.2344 0.7386 0.209 -0.5222 -0.3716 0.7674 0.0793 0.6321 -0.0728 0.7057 -0.0035 -0.7012 -0.1015 0.6606 -0.0274 -0.75 -0.018 0.8969 0.0646 0.436 0.0359
0.7886 -0.0421 -0.61 -0.0653 0.6696 -0.2042 -0.7141 0.0029 0.7866 -0.1926 -0.5779 -0.1013 0.814 0.1577 -0.5535 -0.0786 0.712 -0.1711 -0.6395 0.2344 0.7534 0.1202 -0.6341 -0.1262 0.7674 0.0793 0.6321 -0.0728 0.6674 0.0082 -0.7444 0.0172 0.6606 -0.0274 -0.75 -0.018 0.8969 0.0646 0.436 0.0359
0.7886 -0.0421 -0.61 -0.0653 0.6696 -0.2042 -0.7141 0.0029 0.7866 -0.1926 -0.5779 -0.1013 0.814 0.1577 -0.5535 -0.0786 0.712 -0.1711 -0.6395 0.2344 0.7534 0.1202 -0.6341 -0.1262 0.7674 0.0793 0.6321 -0.0728 0.6674 0.0082 -0.7444 0.0172 0.6606 -0.0274 -0.75 -0.018 0.8969 0.0646 0.436 0.0359
0.7886 -0.0421 -0.61 -0.0653 0.6696 -0.2042 -0.7141 0.0029 0.7866 -0.1926 -0.5779 -0.1013 0.814 0.1577 -0.5535 -0.0786 0.712 -0.1711 -0.6395 0.2344 0.7534 0.1202 -0.6341 -0.1262 0.7674 0.0793 0.6321 -0.0728 0.6674 0.0082 -0.7444 0.0172 0.6823 -0.0526 -0.7277 0.0471 0.8969 0.0646 0.436 0.0359
0.7886 -0.0421 -0.61 -0.0653 0.6696 -0.2042 -0.7141 0.0029 0.7866 -0.1926 -0.5779 -0.1013 0.814 0.1577 -0.5535 -0.0786 0.712 -0.1711 -0.6395 0.2344 0.7534 0.1202 -0.6341 -0.1262 0.7674 0.0793 0.6321 -0.0728 0.6674 0.0082 -0.7444 0.0172 0.6823 -0.0526 -0.7277 0.0471 0.8969 0.0646 0.436 0.0359
0.7886 -0.0421 -0.61 -0.0653 0.6696 -0.2042 -0.7141 0.0029 0.7866 -0.1926 -0.5779 -0.1013 0.814 0.1577 -0.5535 -0.0786 0.712 -0.1711 -0.6395 0.2344 0.7534 0.1202 -0.6341 -0.1262 0.7674 0.0793 0.6321 -0.0728 0.6674 0.0082 -0.7444 0.0172 0.6823 -0.0526 -0.7277 0.0471 0.8969 0.0646 0.436 0.0359
0.7886 -0.0421 -0.61 -0.0653 0.6696 -0.2042 -0.7141 0.0029 0.7866 -0.1926 -0.5779 -0.1013 0.814 0.1577 -0.5535 -0.0786 0.712 -0.1711 -0.6395 0.2344 0.7534 0.1202 -0.6341 -0.1262 0.7674 0.0793 0.6321 -0.0728 0.6674 0.0082 -0.7444 0.0172 0.6823 -0.0526 -0.7277 0.0471 0.8969 0.0646 0.436 0.0359
0.7734 -0.0408 -0.6151 -0.1477 0.6696 -0.2042 -0.7141 0.0029 0.8026 -0.1931 -0.5521 -0.1169 0.7537 0.3389 -0.5435 -0.1473 0.712 -0.1711 -0.6395 0.2344 0.7312 -0.065 -0.6579 0.168 0.7674 0.0793 0.6321 -0.0728 0.6359 0.0033 -0.7629 0.116 0.6823 -0.0526 -0.7277 0.0471 0.8969 0.0646 0.436 0.0359
0.7734 -0.0408 -0.6151 -0.1477 0.6934 -0.2045 -0.6887 -0.0563 0.8026 -0.1931 -0.5521 -0.1169 0.7537 0.3389 -0.5435 -0.1473 0.712 -0.1711 -0.6395 0.2344 0.7312 -0.065 -0.6579 0.168 0.7674 0.0793 0.6321 -0.0728 0.6359 0.0033 -0.7629 0.116 0.6823 -0.0526 -0.7277 0.0471 0.8969 0.0646 0.436 0.0359
0.7734 -0.0408 -0.6151 -0.1477 0.6934 -0.2045 -0.6887 -0.0563 0.8026 -0.1931 -0.5521 -0.1169 0.7537 0.3389 -0.5435 -0.1473 0.712 -0.1711 -0.6395 0.2344 0.7312 -0.065 -0.6579 0.168 0.7674 0.0793 0.6321 -0.0728 0.6359 0.0033 -0.7629 0.116 0.6823 -0.0526 -0.7277 0.0471 0.8969 0.0646 0.436 0.0359
0.7734 -0.0408 -0.6151 -0.1477 0.6934 -0.2045 -0.6887 -0.0563 0.8026 -0.1931 -0.5521 -0.1169 0.7537 0.3389 -0.5435 -0.1473 0.712 -0.1711 -0.6395 0.2344 0.7312 -0.065 -0.6579 0.168 0.7674 0.0793 0.6321 -0.0728 0.6359 0.0033 -0.7629 0.116 0.6823 -0.0526 -0.7277 0.0471 0.8969 0.0646 0.436 0.0359
0.7734 -0.0408 -0.6151 -0.1477 0.6934 -0.2045 -0.6887 -0.0563 0.8026 -0.1931 -0.5521 -0.1169 0.7537 0.3389 -0.5435 -0.1473 0.712 -0.1711 -0.6395 0.2344 0.7312 -0.065 -0.6579 0.168 0.9958 0.0797 0.0433 0.0125 0.6359 0.0033 -0.7629 0.116 0.6982 -0.0979 -0.6999 0.1144 0.8969 0.0646 0.436 0.0359
0.7734 -0.0408 -0.6151 -0.1477 0.6934 -0.2045 -0.6887 -0.0563 0.8026 -0.1931 -0.5521 -0.1169 0.7537 0.3389 -0.5435 -0.1473 0.712 -0.1711 -0.6395 0.2344 0.7312 -0.065 -0.6579 0.168 0.9958 0.0797 0.0433 0.0125 0.6359 0.0033 -0.7629 0.116 0.6982 -0.0979 -0.6999 0.1144 0.8969 0.0646 0.436 0.0359
0.7655 -0.0467 -0.6199 -0.1657 0.6934 -0.2045 -0.6887 -0.0563 0.8026 -0.1931 -0.5521 -0.1169 0.743 0.3099 -0.5331 -0.2603 0.671 -0.0964 -0.6881 0.259 0.7312 -0.065 -0.6579 0.168 0.9958 0.0797 0.0433 0.0125 0.6359 0.0033 -0.7629 0.116 0.6982 -0.0979 -0.6999 0.1144 0.8969 0.0646 0.436 0.0359
0.7655 -0.0467 -0.6199 -0.1657 0.6934 -0.2045 -0.6887 -0.0563 0.8026 -0.1931 -0.5521 -0.1169 0.743 0.3099 -0.5331 -0.2603 0.671 -0.0964 -0.6881 0.259 0.7312 -0.065 -0.6579 0.168 0.9958 0.0797 0.0433 0.0125 0.6359 0.0033 -0.7629 0.116 0.6982 -0.0979 -0.6999 0.1144 0.8969 0.0646 0.436 0.0359
0.7655 -0.0467 -0.6199 -0.1657 0.7087 -0.2037 -0.6709 -0.0786 0.809 -0.1852 -0.551 -0.087 0.743 0.3099 -0.5331 -0.2603 0.671 -0.0964 -0.6881 0.259 0.7062 -0.0999 -0.6829 0.1578 0.9958 0.0797 0.0433 0.0125 0.6277 -0.023 -0.7608 0.1633 0.6982 -0.0979 -0.6999 0.1144 0.8969 0.0646 0.436 0.0359
0.7655 -0.0467 -0.6199 -0.1657 0.7087 -0.2037 -0.6709 -0.0786 0.809 -0.1852 -0.551 -0.087 0.743 0.3099 -0.5331 -0.2603 0.671 -0.0964 -0.6881 0.259 0.7062 -0.0999 -0.6829 0.1578 0.9958 0.0797 0.0433 0.0125 0.6277 -0.023 -0.7608 0.1633 0.6982 -0.0979 -0.6999 0.1144 0.8969 0.0646 0.436 0.0359
0.7655 -0.0467 -0.6199 -0.1657 0.7087 -0.2037 -0.6709 -0.0786 0.809 -0.1852 -0.551 -0.087 0.743 0.3099 -0.5331 -0.2603 0.671 -0.0964 -0.6881 0.259 0.7062 -0.0999 -0.6829 0.1578 0.9958 0.0797 0.0433 0.0125 0.6277 -0.023 -0.7608 0.1633 0.7073 -0.1832 -0.6393 0.2394 0.8969 0.0646 0.436 0.0359
0.7655 -0.0467 -0.6199 -0.1657 0.7087 -0.2037 -0.6709 -0.0786 0.809 -0.1852 -0.551 -0.087 0.743 0.3099 -0.5331 -0.2603 0.671 -0.0964 -0.6881 0.259 0.7062 -0.0999 -0.6829 0.1578 0.9958 0.0797 0.0433 0.0125 0.6277 -0.023 -0.7608 0.1633 0.7073 -0.1832 -0.6393 0.2394 0.7339 0.0643 0.6665 -0.1137
0.7655 -0.0467 -0.6199 -0.1657 0.7087 -0.2037 -0.6709 -0.0786 0.809 -0.1852 -0.551 -0.087 0.743 0.3099 -0.5331 -0.2603 0.671 -0.0964 -0.6881 0.259 0.7062 -0.0999 -0.6829 0.1578 0.9958 0.0797 0.0433 0.0125 0.6277 -0.023 -0.7608 0.1633 0.7073 -0.1832 -0.6393 0.2394 0.7339 0.0643 0.6665 -0.1137
0.7715 -0.0494 -0.6217 -0.1254 0.7087 -0.2037 -0.6709 -0.0786 0.809 -0.1852 -0.551 -0.087 0.7596 0.2531 -0.5746 -0.1694 0.6501 -0.1162 -0.7124 0.2375 0.7062 -0.0999 -0.6829 0.1578 0.9958 0.0797 0.0433 0.0125 0.6277 -0.023 -0.7608 0.1633 0.7073 -0.1832 -0.6393 0.2394 0.7339 0.0643 0.6665 -0.1137
0.7715 -0.0494 -0.6217 -0.1254 0.7087 -0.2037 -0.6709 -0.0786 0.809 -0.1852 -0.551 -0.087 0.7596 0.2531 -0.5746 -0.1694 0.6501 -0.1162 -0.7124 0.2375 0.7062 -0.0999 -0.6829 0.1578 0.9958 0.0797 0.0433 0.0125 0.6277 -0.023 -0.7608 0.1633 0.7073 -0.1832 -0.6393 0.2394 0.7339 0.0643 0.6665 -0.1137
0.7715 -0.0494 -0.6217 -0.1254 0.6938 -0.204 -0.6901 -0.0278 0.8052 -0.1096 -0.5826 -0.0115 0.7596 0.2531 -0.5746 -0.1694 0.6501 -0.1162 -0.7124 0.2375 0.7208 0.0411 -0.6832 0.1096 0.9958 0.0797 0.0433 0.0125 0.7108 0.0138 -0.6912 0.13 0.7073 -0.1832 -0.6393 0.2394 0.7339 0.0643 0.6665 -0.1137
0.7715 -0.0494 -0.6217 -0.1254 0.6938 -0.204 -0.6901 -0.0278 0.8052 -0.1096 -0.5826 -0.0115 0.7596 0.2531 -0.5746 -0.1694 0.6501 -0.1162 -0.7124 0.2375 0.7208 0.0411 -0.6832 0.1096 0.9958 0.0797 0.0433 0.0125 0.7108 0.0138 -0.6912 0.13 0.7073 -0.1832 -0.6393 0.2394 0.7339 0.0643 0.6665 -0.1137
0.7715 -0.0494 -0.6217 -0.1254 0.6938 -0.204 -0.6901 -0.0278 0.8052 -0.1096 -0.5826 -0.0115 0.7596 0.2531 -0.5746 -0.1694 0.6501 -0.1162 -0.7124 0.2375 0.7208 0.0411 -0.6832 0.1096 0.9958 0.0797 0.0433 0.0125 0.7108 0.0138 -0.6912 0.13 0.7073 -0.1832 -0.6393 0.2394 0.7339 0.0643 0.6665 -0.1137
0.7715 -0.0494 -0.6217 -0.1254 0.6938 -0.204 -0.6901 -0.0278 0.8052 -0.1096 -0.5826 -0.0115 0.7596 0.2531 -0.5746 -0.1694 0.6501 -0.1162 -0.7124 0.2375 0.7208 0.0411 -0.6832 0.1096 0.9496 0.0037 0.3113 0.035 0.7108 0.0138 -0.6912 0.13 0.7311 -0.1547 -0.5425 0.3837 0.5969 -0.0397 0.7996 -0.0527
0.7715 -0.0494 -0.6217 -0.1254 0.6938 -0.204 -0.6901 -0.0278 0.8052 -0.1096 -0.5826 -0.0115 0.7955 0.1522 -0.5865 -0.0027 0.6501 -0.1162 -0.7124 0.2375 0.7208 0.0411 -0.6832 0.1096 0.9496 0.0037 0.3113 0.035 0.7108 0.0138 -0.6912 0.13 0.7311 -0.1547 -0.5425 0.3837 0.5969 -0.0397 0.7996 -0.0527
0.7989 -0.0023 -0.601 0.0239 0.6938 -0.204 -0.6901 -0.0278 0.8052 -0.1096 -0.5826 -0.0115 0.7955 0.1522 -0.5865 -0.0027 0.644 -0.131 -0.7376 0.1552 0.7208 0.0411 -0.6832 0.1096 0.9496 0.0037 0.3113 0.035 0.7108 0.0138 -0.6912 0.13 0.7311 -0.1547 -0.5425 0.3837 0.5969 -0.0397 0.7996 -0.0527
0.7989 -0.0023 -0.601 0.0239 0.6938 -0.204 -0.6901 -0.0278 0.7765 -0.1334 -0.6158 -0.0055 0.7955 0.1522 -0.5865 -0.0027 0.644 -0.131 -0.7376 0.1552 0.7219 0.0912 -0.6856 0.0204 0.9496 0.0037 0.3113 0.035 0.7108 0.0138 -0.6912 0.13 0.7311 -0.1547 -0.5425 0.3837 0.5969 -0.0397 0.7996 -0.0527
0.7989 -0.0023 -0.601 0.0239 0.663 -0.2112 -0.7111 0.1007 0.7765 -0.1334 -0.6158 -0.0055 0.7955 0.1522 -0.5865 -0.0027 0.644 -0.131 -0.7376 0.1552 0.7219 0.0912 -0.6856 0.0204 0.9496 0.0037 0.3113 0.035 0.7108 0.0138 -0.6912 0.13 0.7311 -0.1547 -0.5425 0.3837 0.5969 -0.0397 0.7996 -0.0527
0.7989 -0.0023 -0.601 0.0239 0.663 -0.2112 -0.7111 0.1007 0.7765 -0.1334 -0.6158 -0.0055 0.7955 0.1522 -0.5865 -0.0027 0.644 -0.131 -0.7376 0.1552 0.7219 0.0912 -0.6856 0.0204 0.9496 0.0037 0.3113 0.035 0.7108 0.0138 -0.6912 0.13 0.7311 -0.1547 -0.5425 0.3837 0.5969 -0.0397 0.7996 -0.0527
0.7989 -0.0023 -0.601 0.0239 0.663 -0.2112 -0.7111 0.1007 0.7765 -0.1334 -0.6158 -0.0055 0.7955 0.1522 -0.5865 -0.0027 0.644 -0.131 -0.7376 0.1552 0.7219 0.0912 -0.6856 0.0204 0.9496 0.0037 0.3113 0.035 0.7108 0.0138 -0.6912 0.13 0.725 -0.0801 -0.6212 0.2864 0.5969 -0.0397 0.7996 -0.0527
0.7989 -0.0023 -0.601 0.0239 0.663 -0.2112 -0.7111 0.1007 0.7765 -0.1334 -0.6158 -0.0055 0.7955 0.1522 -0.5865 -0.0027 0.644 -0.131 -0.7376 0.1552 0.7219 0.0912 -0.6856 0.0204 0.9344 0.01 0.3543 0.0348 0.7108 0.0138 -0.6912 0.13 0.725 -0.0801 -0.6212 0.2864 0.5969 -0.0397 0.7996 -0.0527
0.7998 -0.0588 -0.5929 0.0729 0.663 -0.2112 -0.7111 0.1007 0.7765 -0.1334 -0.6158 -0.0055 0.8063 0.092 -0.5822 0.0488 0.64 -0.1434 -0.7518 0.0677 0.7219 0.0912 -0.6856 0.0204 0.9344 0.01 0.3543 0.0348 0.7108 0.0138 -0.6912 0.13 0.725 -0.0801 -0.6212 0.2864 0.5969 -0.0397 0.7996 -0.0527
0.7998 -0.0588 -0.5929 0.0729 0.663 -0.2112 -0.7111 0.1007 0.7765 -0.1334 -0.6158 -0.0055 0.8063 0.092 -0.5822 0.0488 0.64 -0.1434 -0.7518 0.0677 0.7219 0.0912 -0.6856 0.0204 0.9344 0.01 0.3543 0.0348 0.7108 0.0138 -0.6912 0.13 0.725 -0.0801 -0.6212 0.2864 0.5969 -0.0397 0.7996 -0.0527
0.7998 -0.0588 -0.5929 0.0729 0.663 -0.2112 -0.7111 0.1007 0.7765 -0.1334 -0.6158 -0.0055 0.8063 0.092 -0.5822 0.0488 0.64 -0.1434 -0.7518 0.0677 0.7219 0.0912 -0.6856 0.0204 0.9344 0.01 0.3543 0.0348 0.7108 0.0138 -0.6912 0.13 0.725 -0.0801 -0.6212 0.2864 0.5969 -0.0397 0.7996 -0.0527
0.7998 -0.0588 -0.5929 0.0729 0.58 -0.3046 -0.7421 0.1423 0.7702 -0.1286 -0.6208 0.0696 0.8063 0.092 -0.5822 0.0488 0.64 -0.1434 -0.7518 0.0677 0.7298 0.1163 -0.6701 -0.0688 0.9344 0.01 0.3543 0.0348 0.7913 -0.025 -0.5868 -0.1702 0.725 -0.0801 -0.6212 0.2864 0.5969 -0.0397 0.7996 -0.0527
0.7998 -0.0588 -0.5929 0.0729 0.58 -0.3046 -0.7421 0.1423 0.7702 -0.1286 -0.6208 0.0696 0.8063 0.092 -0.5822 0.0488 0.64 -0.1434 -0.7518 0.0677 0.7298 0.1163 -0.6701 -0.0688 0.9344 0.01 0.3543 0.0348 0.7913 -0.025 -0.5868 -0.1702 0.725 -0.0801 -0.6212 0.2864 0.5969 -0.0397 0.7996 -0.0527
0.7998 -0.0588 -0.5929 0.0729 0.58 -0.3046 -0.7421 0.1423 0.7702 -0.1286 -0.6208 0.0696 0.8063 0.092 -0.5822 0.0488 0.64 -0.1434 -0.7518 0.0677 0.7298 0.1163 -0.6701 -0.0688 0.9344 0.01 0.3543 0.0348 0.7913 -0.025 -0.5868 -0.1702 0.725 -0.0801 -0.6212 0.2864 0.5969 -0.0397 0.7996 -0.0527
0.7998 -0.0588 -0.5929 0.0729 0.58 -0.3046 -0.7421 0.1423 0.7702 -0.1286 -0.6208 0.0696 0.8063 0.092 -0.5822 0.0488 0.64 -0.1434 -0.7518 0.0677 0.7298 0.1163 -0.6701 -0.0688 0.9117 0.0248 0.409 0.0308 0.7913 -0.025 -0.5868 -0.1702 0.6741 0.071 -0.7351 -0.0153 0.9562 0.1036 0.2706 0.0419
0.7998 -0.0588 -0.5929 0.0729 0.58 -0.3046 -0.7421 0.1423 0.7702 -0.1286 -0.6208 0.0696 0.8058 0.1238 -0.5651 0.1262 0.64 -0.1434 -0.7518 0.0677 0.7298 0.1163 -0.6701 -0.0688 0.9117 0.0248 0.409 0.0308 0.7913 -0.025 -0.5868 -0.1702 0.6741 0.071 -0.7351 -0.0153 0.9562 0.1036 0.2706 0.0419
0.7968 -0.0763 -0.592 0.0942 0.58 -0.3046 -0.7421 0.1423 0.7702 -0.1286 -0.6208 0.0696 0.8058 0.1238 -0.5651 0.1262 0.6485 -0.1323 -0.7496 -0.0041 0.7298 0.1163 -0.6701 -0.0688 0.9117 0.0248 0.409 0.0308 0.7913 -0.025 -0.5868 -0.1702 0.6741 0.071 -0.7351 -0.0153 0.9562 0.1036 0.2706 0.0419
0.7968 -0.0763 -0.592 0.0942 0.58 -0.3046 -0.7421 0.1423 0.7702 -0.1286 -0.6208 0.0696 0.8058 0.1238 -0.5651 0.1262 0.6485 -0.1323 -0.7496 -0.0041 0.7298 0.1163 -0.6701 -0.0688 0.9117 0.0248 0.409 0.0308 0.7913 -0.025 -0.5868 -0.1702 0.6741 0.071 -0.7351 -0.0153 0.9562 0.1036 0.2706 0.0419
0.7968 -0.0763 -0.592 0.0942 0.5276 -0.3274 -0.7642 0.1742 0.7637 -0.1169 -0.623 0.1219 0.8058 0.1238 -0.5651 0.1262 0.6485 -0.1323 -0.7496 -0.0041 0.7315 0.1554 -0.6498 -0.136 0.9117 0.0248 0.409 0.0308 0.743 -0.0622 -0.629 -0.2202 0.6741 0.071 -0.7351 -0.0153 0.9562 0.1036 0.2706 0.0419
0.7968 -0.0763 -0.592 0.0942 0.5276 -0.3274 -0.7642 0.1742 0.7637 -0.1169 -0.623 0.1219 0.8058 0.1238 -0.5651 0.1262 0.6485 -0.1323 -0.7496 -0.0041 0.7315 0.1554 -0.6498 -0.136 0.9117 0.0248 0.409 0.0308 0.743 -0.0622 -0.629 -0.2202 0.6741 0.071 -0.7351 -0.0153 0.9562 0.1036 0.2706 0.0419
0.7968 -0.0763 -0.592 0.0942 0.5276 -0.3274 -0.7642 0.1742 0.7637 -0.1169 -0.623 0.1219 0.8058 0.1238 -0.5651 0.1262 0.6485 -0.1323 -0.7496 -0.0041 0.7315 0.1554 -0.6498 -0.136 0.8466 0.0269 0.5302 0.039 0.743 -0.0622 -0.629 -0.2202 0.6 0.168 -0.7572 -0.1957 0.9887 0.1182 0.0687 0.0617
0.7968 -0.0763 -0.592 0.0942 0.5276 -0.3274 -0.7642 0.1742 0.7637 -0.1169 -0.623 0.1219 0.8058 0.1238 -0.5651 0.1262 0.6485 -0.1323 -0.7496 -0.0041 0.7315 0.1554 -0.6498 -0.136 0.8466 0.0269 0.5302 0.039 0.743 -0.0622 -0.629 -0.2202 0.6 0.168 -0.7572 -0.1957 0.9887 0.1182 0.0687 0.0617
0.7968 -0.0763 -0.592 0.0942 0.5276 -0.3274 -0.7642 0.1742 0.7637 -0.1169 -0.623 0.1219 0.8058 0.1238 -0.5651 0.1262 0.6645 -0.1365 -0.7318 -0.0663 0.7315 0.1554 -0.6498 -0.136 0.8466 0.0269 0.5302 0.039 0.743 -0.0622 -0.629 -0.2202 0.6 0.168 -0.7572 -0.1957 0.9887 0.1182 0.0687 0.0617
0.7968 -0.0763 -0.592 0.0942 0.5276 -0.3274 -0.7642 0.1742 0.7637 -0.1169 -0.623 0.1219 0.8058 0.1238 -0.5651 0.1262 0.6645 -0.1365 -0.7318 -0.0663 0.7315 0.1554 -0.6498 -0.136 0.8466 0.0269 0.5302 0.039 0.743 -0.0622 -0.629 -0.2202 0.6 0.168 -0.7572 -0.1957 0.9887 0.1182 0.0687 0.0617
0.7968 -0.0763 -0.592 0.0942 0.5276 -0.3274 -0.7642 0.1742 0.7637 -0.1169 -0.623 0.1219 0.8058 0.1238 -0.5651 0.1262 0.6645 -0.1365 -0.7318 -0.0663 0.7315 0.1554 -0.6498 -0.136 0.8466 0.0269 0.5302 0.039 0.743 -0.0622 -0.629 -0.2202 0.6 0.168 -0.7572 -0.1957 0.9887 0.1182 0.0687 0.0617
0.7968 -0.0763 -0.592 0.0942 0.5554 -0.2942 -0.7615 0.1586 0.7629 -0.1213 -0.6292 0.0856 0.8058 0.1238 -0.5651 0.1262 0.6645 -0.1365 -0.7318 -0.0663 0.7146 0.2366 -0.618 -0.2269 0.8466 0.0269 0.5302 0.039 0.7283 -0.0638 -0.6309 -0.2597 0.6 0.168 -0.7572 -0.1957 0.9887 0.1182 0.0687 0.0617
0.7968 -0.0763 -0.592 0.0942 0.5554 -0.2942 -0.7615 0.1586 0.7629 -0.1213 -0.6292 0.0856 0.8058 0.1238 -0.5651 0.1262 0.6645 -0.1365 -0.7318 -0.0663 0.7146 0.2366 -0.618 -0.2269 0.8466 0.0269 0.5302 0.039 0.7283 -0.0638 -0.6309 -0.2597 0.6 0.168 -0.7572 -0.1957 0.9887 0.1182 0.0687 0.0617
0.7968 -0.0763 -0.592 0.0942 0.5554 -0.2942 -0.7615 0.1586 0.7629 -0.1213 -0.6292 0.0856 0.8058 0.1238 -0.5651 0.1262 0.6645 -0.1365 -0.7318 -0.0663 0.7146 0.2366 -0.618 -0.2269 0.8466 0.0269 0.5302 0.039 0.7283 -0.0638 -0.6309 -0.2597 0.6309 -0.0022 -0.7537 -0.1842 0.9887 0.1182 0.0687 0.0617
0.7968 -0.0763 -0.592 0.0942 0.5554 -0.2942 -0.7615 0.1586 0.7629 -0.1213 -0.6292 0.0856 0.8058 0.1238 -0.5651 0.1262 0.6645 -0.1365 -0.7318 -0.0663 0.7146 0.2366 -0.618 -0.2269 0.8466 0.0269 0.5302 0.039 0.7283 -0.0638 -0.6309 -0.2597 0.6309 -0.0022 -0.7537 -0.1842 0.9887 0.1182 0.0687 0.0617
0.7968 -0.0763 -0.592 0.0942 0.5554 -0.2942 -0.7615 0.1586 0.7629 -0.1213 -0.6292 0.0856 0.8029 0.0985 -0.5863 0.0425 0.6645 -0.1365 -0.7318 -0.0663 0.7146 0.2366 -0.618 -0.2269 0.8466 0.0269 0.5302 0.039 0.7283 -0.0638 -0.6309 -0.2597 0.6309 -0.0022 -0.7537 -0.1842 0.9887 0.1182 0.0687 0.0617
0.7905 -0.1219 -0.6001 -0.014 0.5554 -0.2942 -0.7615 0.1586 0.7629 -0.1213 -0.6292 0.0856 0.8029 0.0985 -0.5863 0.0425 0.6645 -0.1365 -0.7318 -0.0663 0.7146 0.2366 -0.618 -0.2269 0.8466 0.0269 0.5302 0.039 0.7283 -0.0638 -0.6309 -0.2597 0.6309 -0.0022 -0.7537 -0.1842 0.9887 0.1182 0.0687 0.0617
0.7905 -0.1219 -0.6001 -0.014 0.5554 -0.2942 -0.7615 0.1586 0.7629 -0.1213 -0.6292 0.0856 0.8029 0.0985 -0.5863 0.0425 0.6645 -0.1365 -0.7318 -0.0663 0.7146 0.2366 -0.618 -0.2269 0.8466 0.0269 0.5302 0.039 0.7283 -0.0638 -0.6309 -0.2597 0.6309 -0.0022 -0.7537 -0.1842 0.9887 0.1182 0.0687 0.0617
0.7905 -0.1219 -0.6001 -0.014 0.6147 -0.2805 -0.7339 0.0704 0.7667 -0.1727 -0.6181 -0.0157 0.8029 0.0985 -0.5863 0.0425 0.6645 -0.1365 -0.7318 -0.0663 0.7122 0.2239 -0.5368 -0.393 0.8466 0.0269 0.5302 0.039 0.7242 -0.043 -0.6499 -0.2264 0.6309 -0.0022 -0.7537 -0.1842 0.9887 0.1182 0.0687 0.0617
0.7905 -0.1219 -0.6001 -0.014 0.6147 -0.2805 -0.7339 0.0704 0.7667 -0.1727 -0.6181 -0.0157 0.8029 0.0985 -0.5863 0.0425 0.6645 -0.1365 -0.7318 -0.0663 0.7122 0.2239 -0.5368 -0.393 0.8466 0.0269 0.5302 0.039 0.7242 -0.043 -0.6499 -0.2264 0.6309 -0.0022 -0.7537 -0.1842 0.9887 0.1182 0.0687 0.0617
0.7905 -0.1219 -0.6001 -0.014 0.6147 -0.2805 -0.7339 0.0704 0.7667 -0.1727 -0.6181 -0.0157 0.8029 0.0985 -0.5863 0.0425 0.6645 -0.1365 -0.7318 -0.0663 0.7122 0.2239 -0.5368 -0.393 0.8466 0.0269 0.5302 0.039 0.7242 -0.043 -0.6499 -0.2264 0.6309 -0.0022 -0.7537 -0.1842 0.9887 0.1182 0.0687 0.0617
0.7905 -0.1219 -0.6001 -0.014 0.6147 -0.2805 -0.7339 0.0704 0.7667 -0.1727 -0.6181 -0.0157 0.8029 0.0985 -0.5863 0.0425 0.6645 -0.1365 -0.7318 -0.0663 0.7122 0.2239 -0.5368 -0.393 0.8466 0.0269 0.5302 0.039 0.7242 -0.043 -0.6499 -0.2264 0.6309 -0.0022 -0.7537 -0.1842 0.9328 0.1339 0.3246 -0.0812
0.7811 -0.0995 -0.6129 -0.0655 0.6147 -0.2805 -0.7339 0.0704 0.7667 -0.1727 -0.6181 -0.0157 0.8103 0.121 -0.5636 -0.1055 0.718 -0.2424 -0.6415 0.1191 0.7122 0.2239 -0.5368 -0.393 0.8466 0.0269 0.5302 0.039 0.7242 -0.043 -0.6499 -0.2264 0.6309 -0.0022 -0.7537 -0.1842 0.9328 0.1339 0.3246 -0.0812
0.7811 -0.0995 -0.6129 -0.0655 0.6147 -0.2805 -0.7339 0.0704 0.785 -0.2272 -0.5598 -0.1372 0.8103 0.121 -0.5636 -0.1055 0.718 -0.2424 -0.6415 0.1191 0.7122 0.2239 -0.5368 -0.393 0.8466 0.0269 0.5302 0.039 0.7242 -0.043 -0.6499 -0.2264 0.6309 -0.0022 -0.7537 -0.1842 0.9328 0.1339 0.3246 -0.0812
0.7811 -0.0995 -0.6129 -0.0655 0.6147 -0.2805 -0.7339 0.0704 0.785 -0.2272 -0.5598 -0.1372 0.8103 0.121 -0.5636 -0.1055 0.718 -0.2424 -0.6415 0.1191 0.7122 0.2239 -0.5368 -0.393 0.8466 0.0269 0.5302 0.039 0.7242 -0.043 -0.6499 -0.2264 0.6309 -0.0022 -0.7537 -0.1842 0.9328 0.1339 0.3246 -0.0812
0.7811 -0.0995 -0.6129 -0.0655 0.6642 -0.2617 -0.7001 0.0092 0.785 -0.2272 -0.5598 -0.1372 0.8103 0.121 -0.5636 -0.1055 0.718 -0.2424 -0.6415 0.1191 0.7166 0.2059 -0.588 -0.3136 0.8466 0.0269 0.5302 0.039 0.7162 0.0089 -0.6879 -0.117 0.6309 -0.0022 -0.7537 -0.1842 0.9328 0.1339 0.3246 -0.0812
0.7811 -0.0995 -0.6129 -0.0655 0.6642 -0.2617 -0.7001 0.0092 0.785 -0.2272 -0.5598 -0.1372 0.8103 0.121 -0.5636 -0.1055 0.718 -0.2424 -0.6415 0.1191 0.7166 0.2059 -0.588 -0.3136 0.8466 0.0269 0.5302 0.039 0.7162 0.0089 -0.6879 -0.117 0.6309 -0.0022 -0.7537 -0.1842 0.9328 0.1339 0.3246 -0.0812
0.7811 -0.0995 -0.6129 -0.0655 0.6642 -0.2617 -0.7001 0.0092 0.785 -0.2272 -0.5598 -0.1372 0.8103 0.121 -0.5636 -0.1055 0.718 -0.2424 -0.6415 0.1191 0.7166 0.2059 -0.588 -0.3136 0.8466 0.0269 0.5302 0.039 0.7162 0.0089 -0.6879 -0.117 0.673 -0.1078 -0.7318 7.0E-4 0.9164 0.1467 0.3622 -0.0856
0.7811 -0.0995 -0.6129 -0.0655 0.6642 -0.2617 -0.7001 0.0092 0.785 -0.2272 -0.5598 -0.1372 0.8103 0.121 -0.5636 -0.1055 0.718 -0.2424 -0.6415 0.1191 0.7166 0.2059 -0.588 -0.3136 0.8466 0.0269 0.5302 0.039 0.7162 0.0089 -0.6879 -0.117 0.673 -0.1078 -0.7318 7.0E-4 0.9164 0.1467 0.3622 -0.0856
0.774 -0.1006 -0.6142 -0.1165 0.6642 -0.2617 -0.7001 0.0092 0.785 -0.2272 -0.5598 -0.1372 0.7729 0.2483 -0.549 -0.199 0.7042 -0.2311 -0.6368 0.2128 0.7166 0.2059 -0.588 -0.3136 0.8466 0.0269 0.5302 0.039 0.7162 0.0089 -0.6879 -0.117 0.673 -0.1078 -0.7318 7.0E-4 0.9164 0.1467 0.3622 -0.0856
0.774 -0.1006 -0.6142 -0.1165 0.6642 -0.2617 -0.7001 0.0092 0.785 -0.2272 -0.5598 -0.1372 0.7729 0.2483 -0.549 -0.199 0.7042 -0.2311 -0.6368 0.2128 0.7166 0.2059 -0.588 -0.3136 0.8466 0.0269 0.5302 0.039 0.7162 0.0089 -0.6879 -0.117 0.673 -0.1078 -0.7318 7.0E-4 0.9164 0.1467 0.3622 -0.0856
0.774 -0.1006 -0.6142 -0.1165 0.6642 -0.2617 -0.7001 0.0092 0.785 -0.2272 -0.5598 -0.1372 0.7729 0.2483 -0.549 -0.199 0.7042 -0.2311 -0.6368 0.2128 0.7166 0.2059 -0.588 -0.3136 0.8466 0.0269 0.5302 0.039 0.7162 0.0089 -0.6879 -0.117 0.673 -0.1078 -0.7318 7.0E-4 0.9164 0.1467 0.3622 -0.0856
0.774 -0.1006 -0.6142 -0.1165 0.681 -0.2719 -0.6791 -0.0345 0.8029 -0.1978 -0.5386 -0.162 0.7729 0.2483 -0.549 -0.199 0.7042 -0.2311 -0.6368 0.2128 0.7446 0.0115 -0.6656 -0.0495 0.8466 0.0269 0.5302 0.039 0.7052 0.0155 -0.7079 -0.0374 0.673 -0.1078 -0.7318 7.0E-4 0.9164 0.1467 0.3622 -0.0856
0.774 -0.1006 -0.6142 -0.1165 0.681 -0.2719 -0.6791 -0.0345 0.8029 -0.1978 -0.5386 -0.162 0.7729 0.2483 -0.549 -0.199 0.7042 -0.2311 -0.6368 0.2128 0.7446 0.0115 -0.6656 -0.0495 0.8466 0.0269 0.5302 0.039 0.7052 0.0155 -0.7079 -0.0374 0.673 -0.1078 -0.7318 7.0E-4 0.9164 0.1467 0.3622 -0.0856
0.774 -0.1006 -0.6142 -0.1165 0.681 -0.2719 -0.6791 -0.0345 0.8029 -0.1978 -0.5386 -0.162 0.7729 0.2483 -0.549 -0.199 0.7042 -0.2311 -0.6368 0.2128 0.7446 0.0115 -0.6656 -0.0495 0.9891 0.0568 0.1306 -0.0362 0.7052 0.0155 -0.7079 -0.0374 0.673 -0.1078 -0.7318 7.0E-4 0.8993 0.1418 0.4026 -0.0955
0.774 -0.1006 -0.6142 -0.1165 0.681 -0.2719 -0.6791 -0.0345 0.8029 -0.1978 -0.5386 -0.162 0.7729 0.2483 -0.549 -0.199 0.7042 -0.2311 -0.6368 0.2128 0.7446 0.0115 -0.6656 -0.0495 0.9891 0.0568 0.1306 -0.0362 0.7052 0.0155 -0.7079 -0.0374 0.673 -0.1078 -0.7318 7.0E-4 0.8993 0.1418 0.4026 -0.0955
0.7665 -0.1012 -0.6167 -0.1478 0.681 -0.2719 -0.6791 -0.0345 0.8029 -0.1978 -0.5386 -0.162 0.7294 0.2981 -0.5475 -0.2818 0.6974 -0.1864 -0.6605 0.2064 0.7446 0.0115 -0.6656 -0.0495 0.9891 0.0568 0.1306 -0.0362 0.7052 0.0155 -0.7079 -0.0374 0.673 -0.1078 -0.7318 7.0E-4 0.8993 0.1418 0.4026 -0.0955
0.7665 -0.1012 -0.6167 -0.1478 0.681 -0.2719 -0.6791 -0.0345 0.8029 -0.1978 -0.5386 -0.162 0.7294 0.2981 -0.5475 -0.2818 0.6974 -0.1864 -0.6605 0.2064 0.7446 0.0115 -0.6656 -0.0495 0.9891 0.0568 0.1306 -0.0362 0.7052 0.0155 -0.7079 -0.0374 0.673 -0.1078 -0.7318 7.0E-4 0.8993 0.1418 0.4026 -0.0955
0.7665 -0.1012 -0.6167 -0.1478 0.681 -0.2719 -0.6791 -0.0345 0.8068 -0.2098 -0.5276 -0.1635 0.7294 0.2981 -0.5475 -0.2818 0.6974 -0.1864 -0.6605 0.2064 0.7234 -0.1613 -0.6608 0.1179 0.9891 0.0568 0.1306 -0.0362 0.7052 0.0155 -0.7079 -0.0374 0.673 -0.1078 -0.7318 7.0E-4 0.8993 0.1418 0.4026 -0.0955
0.7665 -0.1012 -0.6167 -0.1478 0.678 -0.2672 -0.6831 -0.0475 0.8068 -0.2098 -0.5276 -0.1635 0.7294 0.2981 -0.5475 -0.2818 0.6974 -0.1864 -0.6605 0.2064 0.7234 -0.1613 -0.6608 0.1179 0.9891 0.0568 0.1306 -0.0362 0.7052 0.0155 -0.7079 -0.0374 0.673 -0.1078 -0.7318 7.0E-4 0.8993 0.1418 0.4026 -0.0955
0.7665 -0.1012 -0.6167 -0.1478 0.678 -0.2672 -0.6831 -0.0475 0.8068 -0.2098 -0.5276 -0.1635 0.7294 0.2981 -0.5475 -0.2818 0.6974 -0.1864 -0.6605 0.2064 0.7234 -0.1613 -0.6608 0.1179 0.9891 0.0568 0.1306 -0.0362 0.7052 0.0155 -0.7079 -0.0374 0.673 -0.1078 -0.7318 7.0E-4 0.8993 0.1418 0.4026 -0.0955
0.7665 -0.1012 -0.6167 -0.1478 0.678 -0.2672 -0.6831 -0.0475 0.8068 -0.2098 -0.5276 -0.1635 0.7294 0.2981 -0.5475 -0.2818 0.6974 -0.1864 -0.6605 0.2064 0.7234 -0.1613 -0.6608 0.1179 0.9891 0.0568 0.1306 -0.0362 0.7052 0.0155 -0.7079 -0.0374 0.7015 -0.1741 -0.6794 0.1263 0.8619 0.1187 0.4778 -0.1215
0.7665 -0.1012 -0.6167 -0.1478 0.678 -0.2672 -0.6831 -0.0475 0.8068 -0.2098 -0.5276 -0.1635 0.7294 0.2981 -0.5475 -0.2818 0.6974 -0.1864 -0.6605 0.2064 0.7234 -0.1613 -0.6608 0.1179 0.9891 0.0568 0.1306 -0.0362 0.7052 0.0155 -0.7079 -0.0374 0.7015 -0.1741 -0.6794 0.1263 0.8619 0.1187 0.4778 -0.1215
0.7665 -0.1012 -0.6167 -0.1478 0.678 -0.2672 -0.6831 -0.0475 0.8068 -0.2098 -0.5276 -0.1635 0.7294 0.2981 -0.5475 -0.2818 0.6974 -0.1864 -0.6605 0.2064 0.7234 -0.1613 -0.6608 0.1179 0.9891 0.0568 0.1306 -0.0362 0.7052 0.0155 -0.7079 -0.0374 0.7015 -0.1741 -0.6794 0.1263 0.8619 0.1187 0.4778 -0.1215
0.769 -0.0839 -0.6225 -0.1188 0.678 -0.2672 -0.6831 -0.0475 0.8058 -0.1666 -0.5594 -0.0998 0.7294 0.2981 -0.5475 -0.2818 0.6856 -0.1689 -0.6729 0.2205 0.7234 -0.1613 -0.6608 0.1179 0.9891 0.0568 0.1306 -0.0362 0.7052 0.0155 -0.7079 -0.0374 0.7015 -0.1741 -0.6794 0.1263 0.8619 0.1187 0.4778 -0.1215
0.769 -0.0839 -0.6225 -0.1188 0.678 -0.2672 -0.6831 -0.0475 0.8058 -0.1666 -0.5594 -0.0998 0.7294 0.2981 -0.5475 -0.2818 0.6856 -0.1689 -0.6729 0.2205 0.7296 -0.0787 -0.6643 0.142 0.9891 0.0568 0.1306 -0.0362 0.7052 0.0155 -0.7079 -0.0374 0.7015 -0.1741 -0.6794 0.1263 0.8619 0.1187 0.4778 -0.1215
0.769 -0.0839 -0.6225 -0.1188 0.6639 -0.2495 -0.7047 -0.0194 0.8058 -0.1666 -0.5594 -0.0998 0.7294 0.2981 -0.5475 -0.2818 0.6856 -0.1689 -0.6729 0.2205 0.7296 -0.0787 -0.6643 0.142 0.9891 0.0568 0.1306 -0.0362 0.6993 0.0097 -0.7101 0.0815 0.7015 -0.1741 -0.6794 0.1263 0.8619 0.1187 0.4778 -0.1215
0.769 -0.0839 -0.6225 -0.1188 0.6639 -0.2495 -0.7047 -0.0194 0.8058 -0.1666 -0.5594 -0.0998 0.7294 0.2981 -0.5475 -0.2818 0.6856 -0.1689 -0.6729 0.2205 0.7296 -0.0787 -0.6643 0.142 0.9891 0.0568 0.1306 -0.0362 0.6993 0.0097 -0.7101 0.0815 0.7142 -0.2221 -0.6341 0.1964 0.8619 0.1187 0.4778 -0.1215
0.769 -0.0839 -0.6225 -0.1188 0.6639 -0.2495 -0.7047 -0.0194 0.8058 -0.1666 -0.5594 -0.0998 0.7294 0.2981 -0.5475 -0.2818 0.6856 -0.1689 -0.6729 0.2205 0.7296 -0.0787 -0.6643 0.142 0.9891 0.0568 0.1306 -0.0362 0.6993 0.0097 -0.7101 0.0815 0.7142 -0.2221 -0.6341 0.1964 0.8619 0.1187 0.4778 -0.1215
0.769 -0.0839 -0.6225 -0.1188 0.6639 -0.2495 -0.7047 -0.0194 0.8058 -0.1666 -0.5594 -0.0998 0.7658 0.1646 -0.6093 -0.123 0.6856 -0.1689 -0.6729 0.2205 0.7296 -0.0787 -0.6643 0.142 0.9891 0.0568 0.1306 -0.0362 0.6993 0.0097 -0.7101 0.0815 0.7142 -0.2221 -0.6341 0.1964 0.8619 0.1187 0.4778 -0.1215
0.769 -0.0839 -0.6225 -0.1188 0.6639 -0.2495 -0.7047 -0.0194 0.8058 -0.1666 -0.5594 -0.0998 0.7658 0.1646 -0.6093 -0.123 0.6727 -0.1852 -0.6848 0.2104 0.7296 -0.0787 -0.6643 0.142 0.9891 0.0568 0.1306 -0.0362 0.6993 0.0097 -0.7101 0.0815 0.7142 -0.2221 -0.6341 0.1964 0.8619 0.1187 0.4778 -0.1215
0.7747 -0.0588 -0.6273 -0.0546 0.6639 -0.2495 -0.7047 -0.0194 0.8058 -0.1666 -0.5594 -0.0998 0.7658 0.1646 -0.6093 -0.123 0.6727 -0.1852 -0.6848 0.2104 0.7296 -0.0787 -0.6643 0.142 0.9891 0.0568 0.1306 -0.0362 0.6993 0.0097 -0.7101 0.0815 0.7142 -0.2221 -0.6341 0.1964 0.8619 0.1187 0.4778 -0.1215
0.7747 -0.0588 -0.6273 -0.0546 0.6436 -0.2332 -0.7285 0.028 0.8058 -0.1666 -0.5594 -0.0998 0.7658 0.1646 -0.6093 -0.123 0.6727 -0.1852 -0.6848 0.2104 0.7296 -0.0787 -0.6643 0.142 0.9891 0.0568 0.1306 -0.0362 0.6993 0.0097 -0.7101 0.0815 0.7142 -0.2221 -0.6341 0.1964 0.8619 0.1187 0.4778 -0.1215
0.7747 -0.0588 -0.6273 -0.0546 0.6436 -0.2332 -0.7285 0.028 0.8058 -0.1666 -0.5594 -0.0998 0.7658 0.1646 -0.6093 -0.123 0.6727 -0.1852 -0.6848 0.2104 0.7296 -0.0787 -0.6643 0.142 0.9891 0.0568 0.1306 -0.0362 0.6993 0.0097 -0.7101 0.0815 0.7142 -0.2221 -0.6341 0.1964 0.8619 0.1187 0.4778 -0.1215
0.7747 -0.0588 -0.6273 -0.0546 0.6436 -0.2332 -0.7285 0.028 0.8058 -0.1666 -0.5594 -0.0998 0.7658 0.1646 -0.6093 -0.123 0.6727 -0.1852 -0.6848 0.2104 0.7296 -0.0787 -0.6643 0.142 0.9891 0.0568 0.1306 -0.0362 0.6993 0.0097 -0.7101 0.0815 0.7142 -0.2221 -0.6341 0.1964 0.8619 0.1187 0.4778 -0.1215
0.7747 -0.0588 -0.6273 -0.0546 0.6436 -0.2332 -0.7285 0.028 0.8058 -0.1666 -0.5594 -0.0998 0.7658 0.1646 -0.6093 -0.123 0.6727 -0.1852 -0.6848 0.2104 0.7296 -0.0787 -0.6643 0.142 0.9575 -0.0095 0.2878 -0.0144 0.6993 0.0097 -0.7101 0.0815 0.7142 -0.2221 -0.6341 0.1964 0.8619 0.1187 0.4778 -0.1215
0.7747 -0.0588 -0.6273 -0.0546 0.6436 -0.2332 -0.7285 0.028 0.8058 -0.1666 -0.5594 -0.0998 0.7658 0.1646 -0.6093 -0.123 0.6727 -0.1852 -0.6848 0.2104 0.7296 -0.0787 -0.6643 0.142 0.9575 -0.0095 0.2878 -0.0144 0.6993 0.0097 -0.7101 0.0815 0.7142 -0.2221 -0.6341 0.1964 0.651 -0.0283 0.7506 -0.1093
0.7747 -0.0588 -0.6273 -0.0546 0.6436 -0.2332 -0.7285 0.028 0.8058 -0.1666 -0.5594 -0.0998 0.7658 0.1646 -0.6093 -0.123 0.6727 -0.1852 -0.6848 0.2104 0.7296 -0.0787 -0.6643 0.142 0.9575 -0.0095 0.2878 -0.0144 0.6993 0.0097 -0.7101 0.0815 0.7142 -0.2221 -0.6341 0.1964 0.651 -0.0283 0.7506 -0.1093
0.7853 -0.0127 -0.6187 0.0181 0.6436 -0.2332 -0.7285 0.028 0.8058 -0.1666 -0.5594 -0.0998 0.7985 0.0691 -0.5978 -0.0198 0.6727 -0.1852 -0.6848 0.2104 0.7296 -0.0787 -0.6643 0.142 0.9575 -0.0095 0.2878 -0.0144 0.6993 0.0097 -0.7101 0.0815 0.7142 -0.2221 -0.6341 0.1964 0.651 -0.0283 0.7506 -0.1093
