rt-uaw rt-uax rt-uay rt-uaz rt-faw rt-fax rt-fay rt-faz rt-thw rt-thx rt-thy rt-thz rt-llw rt-llx rt-lly rt-llz rt-ftw rt-ftx rt-fty rt-ftz lt-uaw lt-uax lt-uay lt-uaz lt-faw lt-fax lt-fay lt-faz lt-thw lt-thx lt-thy lt-thz lt-llw lt-llx lt-lly lt-llz lt-ftw lt-ftx lt-fty lt-ftz 
0.7434 -0.2258 -0.6125 -0.1456 0.6291 -0.2897 -0.694 -0.1968 0.6688 -0.1816 -0.6507 -0.3104 0.7769 -0.0227 -0.6242 -0.08 0.6645 0.1368 -0.7292 0.0897 0.6994 0.1443 -0.671 0.1995 0.9319 0.1163 0.3426 0.0239 0.6 0.1777 -0.7438 0.2348 0.6201 0.174 -0.7078 0.2902 0.9116 -0.1207 0.3689 0.1352
0.7434 -0.2258 -0.6125 -0.1456 0.6291 -0.2897 -0.694 -0.1968 0.6681 -0.1874 -0.6454 -0.3193 0.7769 -0.0227 -0.6242 -0.08 0.6645 0.1368 -0.7292 0.0897 0.6994 0.1443 -0.671 0.1995 0.9319 0.1163 0.3426 0.0239 0.6 0.1777 -0.7438 0.2348 0.6201 0.174 -0.7078 0.2902 0.9116 -0.1207 0.3689 0.1352
0.7434 -0.2258 -0.6125 -0.1456 0.6291 -0.2897 -0.694 -0.1968 0.6681 -0.1874 -0.6454 -0.3193 0.7769 -0.0227 -0.6242 -0.08 0.6645 0.1368 -0.7292 0.0897 0.6994 0.1443 -0.671 0.1995 0.9313 0.1157 0.3448 0.0224 0.6 0.1777 -0.7438 0.2348 0.6201 0.174 -0.7078 0.2902 0.9116 -0.1207 0.3689 0.1352
0.7424 -0.2251 -0.6135 -0.1478 0.6291 -0.2897 -0.694 -0.1968 0.6681 -0.1874 -0.6454 -0.3193 0.7769 -0.0227 -0.6242 -0.08 0.6645 0.1368 -0.7292 0.0897 0.6994 0.1443 -0.671 0.1995 0.9313 0.1157 0.3448 0.0224 0.6 0.1777 -0.7438 0.2348 0.6201 0.174 -0.7078 0.2902 0.9116 -0.1207 0.3689 0.1352
0.7424 -0.2251 -0.6135 -0.1478 0.6291 -0.2897 -0.694 -0.1968 0.6681 -0.1874 -0.6454 -0.3193 0.7769 -0.0227 -0.6242 -0.08 0.6645 0.1368 -0.7292 0.0897 0.6994 0.1443 -0.671 0.1995 0.9313 0.1157 0.3448 0.0224 0.6 0.1777 -0.7438 0.2348 0.6213 0.1624 -0.7104 0.2878 0.9127 -0.1271 0.3647 0.1335
0.7424 -0.2251 -0.6135 -0.1478 0.6291 -0.2897 -0.694 -0.1968 0.6681 -0.1874 -0.6454 -0.3193 0.7769 -0.0227 -0.6242 -0.08 0.6645 0.1368 -0.7292 0.0897 0.6994 0.1443 -0.671 0.1995 0.9313 0.1157 0.3448 0.0224 0.6 0.1777 -0.7438 0.2348 0.6213 0.1624 -0.7104 0.2878 0.9127 -0.1271 0.3647 0.1335
0.7424 -0.2251 -0.6135 -0.1478 0.6291 -0.2897 -0.694 -0.1968 0.6681 -0.1874 -0.6454 -0.3193 0.7769 -0.0227 -0.6242 -0.08 0.6645 0.1368 -0.7292 0.0897 0.6994 0.1443 -0.671 0.1995 0.9313 0.1157 0.3448 0.0224 0.6013 0.1817 -0.7427 0.2322 0.6213 0.1624 -0.7104 0.2878 0.9127 -0.1271 0.3647 0.1335
0.7424 -0.2251 -0.6135 -0.1478 0.6291 -0.2897 -0.694 -0.1968 0.6681 -0.1874 -0.6454 -0.3193 0.7769 -0.0227 -0.6242 -0.08 0.6645 0.1368 -0.7292 0.0897 0.6994 0.1443 -0.671 0.1995 0.9313 0.1157 0.3448 0.0224 0.6013 0.1817 -0.7427 0.2322 0.6213 0.1624 -0.7104 0.2878 0.9127 -0.1271 0.3647 0.1335
0.7424 -0.2251 -0.6135 -0.1478 0.6291 -0.2897 -0.694 -0.1968 0.6695 -0.1866 -0.6428 -0.3223 0.7769 -0.0227 -0.6242 -0.08 0.665 0.1306 -0.7308 0.0821 0.6994 0.1443 -0.671 0.1995 0.9313 0.1157 0.3448 0.0224 0.6013 0.1817 -0.7427 0.2322 0.6213 0.1624 -0.7104 0.2878 0.9127 -0.1271 0.3647 0.1335
0.7424 -0.2251 -0.6135 -0.1478 0.6291 -0.2897 -0.694 -0.1968 0.6695 -0.1866 -0.6428 -0.3223 0.7769 -0.0227 -0.6242 -0.08 0.665 0.1306 -0.7308 0.0821 0.6994 0.1443 -0.671 0.1995 0.9313 0.1157 0.3448 0.0224 0.6013 0.1817 -0.7427 0.2322 0.6213 0.1624 -0.7104 0.2878 0.9127 -0.1271 0.3647 0.1335
0.7424 -0.2251 -0.6135 -0.1478 0.6291 -0.2897 -0.694 -0.1968 0.6695 -0.1866 -0.6428 -0.3223 0.7769 -0.0227 -0.6242 -0.08 0.665 0.1306 -0.7308 0.0821 0.6994 0.1443 -0.671 0.1995 0.9313 0.1157 0.3448 0.0224 0.6013 0.1817 -0.7427 0.2322 0.6213 0.1624 -0.7104 0.2878 0.9127 -0.1271 0.3647 0.1335
0.7401 -0.2293 -0.6116 -0.1598 0.6291 -0.2897 -0.694 -0.1968 0.6695 -0.1866 -0.6428 -0.3223 0.7769 -0.0227 -0.6242 -0.08 0.665 0.1306 -0.7308 0.0821 0.6994 0.1443 -0.671 0.1995 0.9313 0.1157 0.3448 0.0224 0.6013 0.1817 -0.7427 0.2322 0.624 0.1392 -0.7137 0.2862 0.9204 -0.129 0.3446 0.1323
0.7401 -0.2293 -0.6116 -0.1598 0.6291 -0.2897 -0.694 -0.1968 0.6695 -0.1866 -0.6428 -0.3223 0.7779 -0.0059 -0.6213 -0.0938 0.665 0.1306 -0.7308 0.0821 0.6994 0.1443 -0.671 0.1995 0.9313 0.1157 0.3448 0.0224 0.6013 0.1817 -0.7427 0.2322 0.624 0.1392 -0.7137 0.2862 0.9204 -0.129 0.3446 0.1323
0.7401 -0.2293 -0.6116 -0.1598 0.6291 -0.2897 -0.694 -0.1968 0.6695 -0.1866 -0.6428 -0.3223 0.7779 -0.0059 -0.6213 -0.0938 0.665 0.1306 -0.7308 0.0821 0.6994 0.1443 -0.671 0.1995 0.9313 0.1157 0.3448 0.0224 0.5999 0.1724 -0.7494 0.2212 0.624 0.1392 -0.7137 0.2862 0.9204 -0.129 0.3446 0.1323
0.7401 -0.2293 -0.6116 -0.1598 0.6291 -0.2897 -0.694 -0.1968 0.6695 -0.1866 -0.6428 -0.3223 0.7779 -0.0059 -0.6213 -0.0938 0.665 0.1306 -0.7308 0.0821 0.6994 0.1443 -0.671 0.1995 0.9313 0.1157 0.3448 0.0224 0.5999 0.1724 -0.7494 0.2212 0.624 0.1392 -0.7137 0.2862 0.9204 -0.129 0.3446 0.1323
0.7401 -0.2293 -0.6116 -0.1598 0.6291 -0.2897 -0.694 -0.1968 0.6695 -0.1866 -0.6428 -0.3223 0.7779 -0.0059 -0.6213 -0.0938 0.665 0.1306 -0.7308 0.0821 0.6994 0.1443 -0.671 0.1995 0.9313 0.1157 0.3448 0.0224 0.5999 0.1724 -0.7494 0.2212 0.624 0.1392 -0.7137 0.2862 0.9204 -0.129 0.3446 0.1323
0.7401 -0.2293 -0.6116 -0.1598 0.6291 -0.2897 -0.694 -0.1968 0.6808 -0.1666 -0.6489 -0.2963 0.7779 -0.0059 -0.6213 -0.0938 0.6756 0.1283 -0.7214 0.0811 0.6994 0.1443 -0.671 0.1995 0.9342 0.1347 0.3288 0.0319 0.5999 0.1724 -0.7494 0.2212 0.624 0.1392 -0.7137 0.2862 0.9204 -0.129 0.3446 0.1323
0.7401 -0.2293 -0.6116 -0.1598 0.6291 -0.2897 -0.694 -0.1968 0.6808 -0.1666 -0.6489 -0.2963 0.7779 -0.0059 -0.6213 -0.0938 0.6756 0.1283 -0.7214 0.0811 0.6994 0.1443 -0.671 0.1995 0.9342 0.1347 0.3288 0.0319 0.5999 0.1724 -0.7494 0.2212 0.624 0.1392 -0.7137 0.2862 0.9204 -0.129 0.3446 0.1323
0.743 -0.2164 -0.6131 -0.1586 0.6291 -0.2897 -0.694 -0.1968 0.6808 -0.1666 -0.6489 -0.2963 0.7779 -0.0059 -0.6213 -0.0938 0.6756 0.1283 -0.7214 0.0811 0.6994 0.1443 -0.671 0.1995 0.9342 0.1347 0.3288 0.0319 0.5999 0.1724 -0.7494 0.2212 0.6194 0.128 -0.7227 0.2788 0.9286 -0.1319 0.3224 0.1277
0.743 -0.2164 -0.6131 -0.1586 0.6291 -0.2897 -0.694 -0.1968 0.6808 -0.1666 -0.6489 -0.2963 0.7779 -0.0059 -0.6213 -0.0938 0.6756 0.1283 -0.7214 0.0811 0.6994 0.1443 -0.671 0.1995 0.9342 0.1347 0.3288 0.0319 0.5999 0.1724 -0.7494 0.2212 0.6194 0.128 -0.7227 0.2788 0.9286 -0.1319 0.3224 0.1277
0.743 -0.2164 -0.6131 -0.1586 0.6291 -0.2897 -0.694 -0.1968 0.6808 -0.1666 -0.6489 -0.2963 0.7779 -0.0059 -0.6213 -0.0938 0.6756 0.1283 -0.7214 0.0811 0.6994 0.1443 -0.671 0.1995 0.9342 0.1347 0.3288 0.0319 0.5891 0.1658 -0.7587 0.2234 0.6194 0.128 -0.7227 0.2788 0.9286 -0.1319 0.3224 0.1277
0.743 -0.2164 -0.6131 -0.1586 0.6291 -0.2897 -0.694 -0.1968 0.6808 -0.1666 -0.6489 -0.2963 0.7779 -0.0059 -0.6213 -0.0938 0.6756 0.1283 -0.7214 0.0811 0.6994 0.1443 -0.671 0.1995 0.9342 0.1347 0.3288 0.0319 0.5891 0.1658 -0.7587 0.2234 0.6194 0.128 -0.7227 0.2788 0.9286 -0.1319 0.3224 0.1277
0.743 -0.2164 -0.6131 -0.1586 0.6291 -0.2897 -0.694 -0.1968 0.6808 -0.1666 -0.6489 -0.2963 0.7779 -0.0059 -0.6213 -0.0938 0.6756 0.1283 -0.7214 0.0811 0.6994 0.1443 -0.671 0.1995 0.9342 0.1347 0.3288 0.0319 0.5891 0.1658 -0.7587 0.2234 0.6194 0.128 -0.7227 0.2788 0.9286 -0.1319 0.3224 0.1277
0.743 -0.2164 -0.6131 -0.1586 0.6291 -0.2897 -0.694 -0.1968 0.6829 -0.1731 -0.6434 -0.2996 0.7779 -0.0059 -0.6213 -0.0938 0.6975 0.0986 -0.6871 0.1778 0.6994 0.1443 -0.671 0.1995 0.9188 0.1283 0.373 0.0139 0.5891 0.1658 -0.7587 0.2234 0.6194 0.128 -0.7227 0.2788 0.9286 -0.1319 0.3224 0.1277
0.7509 -0.1954 -0.6072 -0.1714 0.6291 -0.2897 -0.694 -0.1968 0.6829 -0.1731 -0.6434 -0.2996 0.7779 -0.0059 -0.6213 -0.0938 0.6975 0.0986 -0.6871 0.1778 0.6994 0.1443 -0.671 0.1995 0.9188 0.1283 0.373 0.0139 0.5891 0.1658 -0.7587 0.2234 0.6194 0.128 -0.7227 0.2788 0.9286 -0.1319 0.3224 0.1277
0.7509 -0.1954 -0.6072 -0.1714 0.6591 -0.261 -0.6758 -0.2017 0.6829 -0.1731 -0.6434 -0.2996 0.7779 -0.0059 -0.6213 -0.0938 0.6975 0.0986 -0.6871 0.1778 0.6994 0.1443 -0.671 0.1995 0.9188 0.1283 0.373 0.0139 0.5891 0.1658 -0.7587 0.2234 0.6115 0.11 -0.738 0.2632 0.9315 -0.1294 0.3154 0.1271
0.7509 -0.1954 -0.6072 -0.1714 0.6591 -0.261 -0.6758 -0.2017 0.6829 -0.1731 -0.6434 -0.2996 0.7779 -0.0059 -0.6213 -0.0938 0.6975 0.0986 -0.6871 0.1778 0.6994 0.1443 -0.671 0.1995 0.9188 0.1283 0.373 0.0139 0.5788 0.1576 -0.7679 0.2245 0.6115 0.11 -0.738 0.2632 0.9315 -0.1294 0.3154 0.1271
0.7509 -0.1954 -0.6072 -0.1714 0.6591 -0.261 -0.6758 -0.2017 0.6829 -0.1731 -0.6434 -0.2996 0.7779 -0.0059 -0.6213 -0.0938 0.6975 0.0986 -0.6871 0.1778 0.6994 0.1443 -0.671 0.1995 0.9188 0.1283 0.373 0.0139 0.5788 0.1576 -0.7679 0.2245 0.6115 0.11 -0.738 0.2632 0.9315 -0.1294 0.3154 0.1271
0.7509 -0.1954 -0.6072 -0.1714 0.6591 -0.261 -0.6758 -0.2017 0.6829 -0.1731 -0.6434 -0.2996 0.7779 -0.0059 -0.6213 -0.0938 0.6975 0.0986 -0.6871 0.1778 0.6994 0.1443 -0.671 0.1995 0.9188 0.1283 0.373 0.0139 0.5788 0.1576 -0.7679 0.2245 0.6115 0.11 -0.738 0.2632 0.9315 -0.1294 0.3154 0.1271
0.7509 -0.1954 -0.6072 -0.1714 0.6591 -0.261 -0.6758 -0.2017 0.6922 -0.1927 -0.6231 -0.3089 0.7779 -0.0059 -0.6213 -0.0938 0.6973 -0.0016 -0.6684 0.2589 0.7763 0.2328 -0.5804 0.0791 0.8708 0.1401 0.4711 -9.0E-4 0.5788 0.1576 -0.7679 0.2245 0.6115 0.11 -0.738 0.2632 0.9315 -0.1294 0.3154 0.1271
0.7509 -0.1954 -0.6072 -0.1714 0.6591 -0.261 -0.6758 -0.2017 0.6922 -0.1927 -0.6231 -0.3089 0.7779 -0.0059 -0.6213 -0.0938 0.6973 -0.0016 -0.6684 0.2589 0.7763 0.2328 -0.5804 0.0791 0.8708 0.1401 0.4711 -9.0E-4 0.5788 0.1576 -0.7679 0.2245 0.6115 0.11 -0.738 0.2632 0.9315 -0.1294 0.3154 0.1271
0.7509 -0.1954 -0.6072 -0.1714 0.6591 -0.261 -0.6758 -0.2017 0.6922 -0.1927 -0.6231 -0.3089 0.7779 -0.0059 -0.6213 -0.0938 0.6973 -0.0016 -0.6684 0.2589 0.7763 0.2328 -0.5804 0.0791 0.8708 0.1401 0.4711 -9.0E-4 0.5788 0.1576 -0.7679 0.2245 0.6115 0.11 -0.738 0.2632 0.9315 -0.1294 0.3154 0.1271
0.7509 -0.1954 -0.6072 -0.1714 0.6591 -0.261 -0.6758 -0.2017 0.6922 -0.1927 -0.6231 -0.3089 0.7779 -0.0059 -0.6213 -0.0938 0.6973 -0.0016 -0.6684 0.2589 0.7763 0.2328 -0.5804 0.0791 0.8708 0.1401 0.4711 -9.0E-4 0.5788 0.1576 -0.7679 0.2245 0.6115 0.11 -0.738 0.2632 0.9315 -0.1294 0.3154 0.1271
0.7391 -0.1881 -0.6108 -0.2125 0.6536 -0.2631 -0.6698 -0.2346 0.6922 -0.1927 -0.6231 -0.3089 0.7773 -0.0541 -0.6232 -0.0669 0.6973 -0.0016 -0.6684 0.2589 0.7763 0.2328 -0.5804 0.0791 0.8708 0.1401 0.4711 -9.0E-4 0.5643 0.1556 -0.7742 0.2407 0.605 0.1027 -0.7378 0.2812 0.9245 -0.1288 0.3331 0.1334
0.7391 -0.1881 -0.6108 -0.2125 0.6536 -0.2631 -0.6698 -0.2346 0.6922 -0.1927 -0.6231 -0.3089 0.7773 -0.0541 -0.6232 -0.0669 0.6973 -0.0016 -0.6684 0.2589 0.7763 0.2328 -0.5804 0.0791 0.8708 0.1401 0.4711 -9.0E-4 0.5643 0.1556 -0.7742 0.2407 0.605 0.1027 -0.7378 0.2812 0.9245 -0.1288 0.3331 0.1334
0.7391 -0.1881 -0.6108 -0.2125 0.6536 -0.2631 -0.6698 -0.2346 0.6922 -0.1927 -0.6231 -0.3089 0.7773 -0.0541 -0.6232 -0.0669 0.6973 -0.0016 -0.6684 0.2589 0.7763 0.2328 -0.5804 0.0791 0.8708 0.1401 0.4711 -9.0E-4 0.5643 0.1556 -0.7742 0.2407 0.605 0.1027 -0.7378 0.2812 0.9245 -0.1288 0.3331 0.1334
0.7391 -0.1881 -0.6108 -0.2125 0.6536 -0.2631 -0.6698 -0.2346 0.6965 -0.2241 -0.6052 -0.3138 0.7773 -0.0541 -0.6232 -0.0669 0.6973 -0.0016 -0.6684 0.2589 0.7763 0.2328 -0.5804 0.0791 0.8708 0.1401 0.4711 -9.0E-4 0.5643 0.1556 -0.7742 0.2407 0.605 0.1027 -0.7378 0.2812 0.9245 -0.1288 0.3331 0.1334
0.7391 -0.1881 -0.6108 -0.2125 0.6536 -0.2631 -0.6698 -0.2346 0.6965 -0.2241 -0.6052 -0.3138 0.7773 -0.0541 -0.6232 -0.0669 0.6774 0.0119 -0.6547 0.3352 0.7763 0.2328 -0.5804 0.0791 0.9254 0.1692 0.334 0.0596 0.5643 0.1556 -0.7742 0.2407 0.605 0.1027 -0.7378 0.2812 0.9245 -0.1288 0.3331 0.1334
0.7391 -0.1881 -0.6108 -0.2125 0.6536 -0.2631 -0.6698 -0.2346 0.6965 -0.2241 -0.6052 -0.3138 0.7773 -0.0541 -0.6232 -0.0669 0.6774 0.0119 -0.6547 0.3352 0.7763 0.2328 -0.5804 0.0791 0.9254 0.1692 0.334 0.0596 0.5643 0.1556 -0.7742 0.2407 0.605 0.1027 -0.7378 0.2812 0.9245 -0.1288 0.3331 0.1334
0.718 -0.1879 -0.6137 -0.2694 0.6536 -0.2631 -0.6698 -0.2346 0.6965 -0.2241 -0.6052 -0.3138 0.7773 -0.0541 -0.6232 -0.0669 0.6774 0.0119 -0.6547 0.3352 0.7763 0.2328 -0.5804 0.0791 0.9254 0.1692 0.334 0.0596 0.5643 0.1556 -0.7742 0.2407 0.6006 0.0784 -0.7338 0.3077 0.9167 -0.1171 0.3548 0.1412
0.718 -0.1879 -0.6137 -0.2694 0.6536 -0.2631 -0.6698 -0.2346 0.6965 -0.2241 -0.6052 -0.3138 0.7773 -0.0541 -0.6232 -0.0669 0.6774 0.0119 -0.6547 0.3352 0.7763 0.2328 -0.5804 0.0791 0.9254 0.1692 0.334 0.0596 0.5643 0.1556 -0.7742 0.2407 0.6006 0.0784 -0.7338 0.3077 0.9167 -0.1171 0.3548 0.1412
0.718 -0.1879 -0.6137 -0.2694 0.6536 -0.2631 -0.6698 -0.2346 0.6965 -0.2241 -0.6052 -0.3138 0.7773 -0.0541 -0.6232 -0.0669 0.6774 0.0119 -0.6547 0.3352 0.7763 0.2328 -0.5804 0.0791 0.9254 0.1692 0.334 0.0596 0.5463 0.1465 -0.7797 0.2685 0.6006 0.0784 -0.7338 0.3077 0.9167 -0.1171 0.3548 0.1412
0.718 -0.1879 -0.6137 -0.2694 0.6536 -0.2631 -0.6698 -0.2346 0.6965 -0.2241 -0.6052 -0.3138 0.7773 -0.0541 -0.6232 -0.0669 0.6774 0.0119 -0.6547 0.3352 0.7763 0.2328 -0.5804 0.0791 0.9254 0.1692 0.334 0.0596 0.5463 0.1465 -0.7797 0.2685 0.6006 0.0784 -0.7338 0.3077 0.9167 -0.1171 0.3548 0.1412
0.718 -0.1879 -0.6137 -0.2694 0.6536 -0.2631 -0.6698 -0.2346 0.6965 -0.2241 -0.6052 -0.3138 0.7773 -0.0541 -0.6232 -0.0669 0.6774 0.0119 -0.6547 0.3352 0.7763 0.2328 -0.5804 0.0791 0.9254 0.1692 0.334 0.0596 0.5463 0.1465 -0.7797 0.2685 0.6006 0.0784 -0.7338 0.3077 0.9167 -0.1171 0.3548 0.1412
0.718 -0.1879 -0.6137 -0.2694 0.6536 -0.2631 -0.6698 -0.2346 0.6894 -0.2477 -0.5923 -0.3355 0.7773 -0.0541 -0.6232 -0.0669 0.6685 0.017 -0.6644 0.3337 0.7763 0.2328 -0.5804 0.0791 0.9254 0.1692 0.334 0.0596 0.5463 0.1465 -0.7797 0.2685 0.6006 0.0784 -0.7338 0.3077 0.9167 -0.1171 0.3548 0.1412
0.718 -0.1879 -0.6137 -0.2694 0.6536 -0.2631 -0.6698 -0.2346 0.6894 -0.2477 -0.5923 -0.3355 0.7773 -0.0541 -0.6232 -0.0669 0.6685 0.017 -0.6644 0.3337 0.7763 0.2328 -0.5804 0.0791 0.9254 0.1692 0.334 0.0596 0.5463 0.1465 -0.7797 0.2685 0.6006 0.0784 -0.7338 0.3077 0.9167 -0.1171 0.3548 0.1412
0.6978 -0.1944 -0.6127 -0.316 0.6536 -0.2631 -0.6698 -0.2346 0.6894 -0.2477 -0.5923 -0.3355 0.7773 -0.0541 -0.6232 -0.0669 0.6685 0.017 -0.6644 0.3337 0.7763 0.2328 -0.5804 0.0791 0.9254 0.1692 0.334 0.0596 0.5463 0.1465 -0.7797 0.2685 0.5836 0.0477 -0.7271 0.3584 0.9035 -0.1074 0.3848 0.1552
0.6978 -0.1944 -0.6127 -0.316 0.6536 -0.2631 -0.6698 -0.2346 0.6894 -0.2477 -0.5923 -0.3355 0.7773 -0.0541 -0.6232 -0.0669 0.6685 0.017 -0.6644 0.3337 0.7763 0.2328 -0.5804 0.0791 0.9254 0.1692 0.334 0.0596 0.5463 0.1465 -0.7797 0.2685 0.5836 0.0477 -0.7271 0.3584 0.9035 -0.1074 0.3848 0.1552
0.6978 -0.1944 -0.6127 -0.316 0.6536 -0.2631 -0.6698 -0.2346 0.6894 -0.2477 -0.5923 -0.3355 0.7773 -0.0541 -0.6232 -0.0669 0.6685 0.017 -0.6644 0.3337 0.7763 0.2328 -0.5804 0.0791 0.9254 0.1692 0.334 0.0596 0.5347 0.1401 -0.7797 0.2941 0.5836 0.0477 -0.7271 0.3584 0.9035 -0.1074 0.3848 0.1552
0.6978 -0.1944 -0.6127 -0.316 0.6536 -0.2631 -0.6698 -0.2346 0.6894 -0.2477 -0.5923 -0.3355 0.7773 -0.0541 -0.6232 -0.0669 0.6685 0.017 -0.6644 0.3337 0.7763 0.2328 -0.5804 0.0791 0.9254 0.1692 0.334 0.0596 0.5347 0.1401 -0.7797 0.2941 0.5836 0.0477 -0.7271 0.3584 0.9035 -0.1074 0.3848 0.1552
0.6978 -0.1944 -0.6127 -0.316 0.6536 -0.2631 -0.6698 -0.2346 0.6894 -0.2477 -0.5923 -0.3355 0.7773 -0.0541 -0.6232 -0.0669 0.6685 0.017 -0.6644 0.3337 0.7763 0.2328 -0.5804 0.0791 0.9254 0.1692 0.334 0.0596 0.5347 0.1401 -0.7797 0.2941 0.5836 0.0477 -0.7271 0.3584 0.9035 -0.1074 0.3848 0.1552
0.6978 -0.1944 -0.6127 -0.316 0.6536 -0.2631 -0.6698 -0.2346 0.7062 -0.2323 -0.5802 -0.3328 0.7773 -0.0541 -0.6232 -0.0669 0.6448 -0.001 -0.6877 0.3337 0.6585 0.1069 -0.6982 0.2596 0.9559 0.1561 0.244 0.0497 0.5347 0.1401 -0.7797 0.2941 0.5836 0.0477 -0.7271 0.3584 0.9035 -0.1074 0.3848 0.1552
0.6978 -0.1944 -0.6127 -0.316 0.6536 -0.2631 -0.6698 -0.2346 0.7062 -0.2323 -0.5802 -0.3328 0.7773 -0.0541 -0.6232 -0.0669 0.6448 -0.001 -0.6877 0.3337 0.6585 0.1069 -0.6982 0.2596 0.9559 0.1561 0.244 0.0497 0.5347 0.1401 -0.7797 0.2941 0.5836 0.0477 -0.7271 0.3584 0.9035 -0.1074 0.3848 0.1552
0.6942 -0.1926 -0.6177 -0.3152 0.6536 -0.2631 -0.6698 -0.2346 0.7062 -0.2323 -0.5802 -0.3328 0.7773 -0.0541 -0.6232 -0.0669 0.6448 -0.001 -0.6877 0.3337 0.6585 0.1069 -0.6982 0.2596 0.9559 0.1561 0.244 0.0497 0.5347 0.1401 -0.7797 0.2941 0.5836 0.0477 -0.7271 0.3584 0.8151 -0.1392 0.543 0.1467
0.6942 -0.1926 -0.6177 -0.3152 0.6536 -0.2631 -0.6698 -0.2346 0.7062 -0.2323 -0.5802 -0.3328 0.7773 -0.0541 -0.6232 -0.0669 0.6448 -0.001 -0.6877 0.3337 0.6585 0.1069 -0.6982 0.2596 0.9559 0.1561 0.244 0.0497 0.5347 0.1401 -0.7797 0.2941 0.5836 0.0477 -0.7271 0.3584 0.8151 -0.1392 0.543 0.1467
0.6942 -0.1926 -0.6177 -0.3152 0.6536 -0.2631 -0.6698 -0.2346 0.7062 -0.2323 -0.5802 -0.3328 0.7773 -0.0541 -0.6232 -0.0669 0.6448 -0.001 -0.6877 0.3337 0.6585 0.1069 -0.6982 0.2596 0.9559 0.1561 0.244 0.0497 0.5659 0.1365 -0.7509 0.312 0.5836 0.0477 -0.7271 0.3584 0.8151 -0.1392 0.543 0.1467
0.6942 -0.1926 -0.6177 -0.3152 0.6536 -0.2631 -0.6698 -0.2346 0.7062 -0.2323 -0.5802 -0.3328 0.7773 -0.0541 -0.6232 -0.0669 0.6448 -0.001 -0.6877 0.3337 0.6585 0.1069 -0.6982 0.2596 0.9559 0.1561 0.244 0.0497 0.5659 0.1365 -0.7509 0.312 0.5836 0.0477 -0.7271 0.3584 0.8151 -0.1392 0.543 0.1467
0.6942 -0.1926 -0.6177 -0.3152 0.6536 -0.2631 -0.6698 -0.2346 0.746 -0.1954 -0.5754 -0.2726 0.7773 -0.0541 -0.6232 -0.0669 0.6321 0.0245 -0.7241 0.2747 0.6585 0.1069 -0.6982 0.2596 0.9559 0.1561 0.244 0.0497 0.5659 0.1365 -0.7509 0.312 0.5836 0.0477 -0.7271 0.3584 0.8151 -0.1392 0.543 0.1467
0.6942 -0.1926 -0.6177 -0.3152 0.6536 -0.2631 -0.6698 -0.2346 0.746 -0.1954 -0.5754 -0.2726 0.7773 -0.0541 -0.6232 -0.0669 0.6321 0.0245 -0.7241 0.2747 0.6585 0.1069 -0.6982 0.2596 0.9324 0.1395 0.3278 0.0613 0.5659 0.1365 -0.7509 0.312 0.5836 0.0477 -0.7271 0.3584 0.8151 -0.1392 0.543 0.1467
0.7139 -0.1708 -0.6261 -0.2629 0.6536 -0.2631 -0.6698 -0.2346 0.746 -0.1954 -0.5754 -0.2726 0.7773 -0.0541 -0.6232 -0.0669 0.6321 0.0245 -0.7241 0.2747 0.6585 0.1069 -0.6982 0.2596 0.9324 0.1395 0.3278 0.0613 0.5659 0.1365 -0.7509 0.312 0.5836 0.0477 -0.7271 0.3584 0.8151 -0.1392 0.543 0.1467
0.7139 -0.1708 -0.6261 -0.2629 0.6536 -0.2631 -0.6698 -0.2346 0.746 -0.1954 -0.5754 -0.2726 0.7773 -0.0541 -0.6232 -0.0669 0.6321 0.0245 -0.7241 0.2747 0.6585 0.1069 -0.6982 0.2596 0.9324 0.1395 0.3278 0.0613 0.5659 0.1365 -0.7509 0.312 0.5836 0.0477 -0.7271 0.3584 0.8151 -0.1392 0.543 0.1467
0.7139 -0.1708 -0.6261 -0.2629 0.6788 -0.2131 -0.6277 -0.3159 0.746 -0.1954 -0.5754 -0.2726 0.7985 -0.0193 -0.6005 -0.0367 0.6321 0.0245 -0.7241 0.2747 0.6585 0.1069 -0.6982 0.2596 0.9324 0.1395 0.3278 0.0613 0.6612 0.2264 -0.6722 0.2443 0.4898 -0.0577 -0.6261 0.6039 0.5287 -0.1443 0.8085 0.2145
0.7139 -0.1708 -0.6261 -0.2629 0.6788 -0.2131 -0.6277 -0.3159 0.746 -0.1954 -0.5754 -0.2726 0.7985 -0.0193 -0.6005 -0.0367 0.6321 0.0245 -0.7241 0.2747 0.6585 0.1069 -0.6982 0.2596 0.9324 0.1395 0.3278 0.0613 0.6612 0.2264 -0.6722 0.2443 0.4898 -0.0577 -0.6261 0.6039 0.5287 -0.1443 0.8085 0.2145
0.7139 -0.1708 -0.6261 -0.2629 0.6788 -0.2131 -0.6277 -0.3159 0.7477 -0.1929 -0.5836 -0.2516 0.7985 -0.0193 -0.6005 -0.0367 0.6321 0.0245 -0.7241 0.2747 0.6585 0.1069 -0.6982 0.2596 0.9324 0.1395 0.3278 0.0613 0.6612 0.2264 -0.6722 0.2443 0.4898 -0.0577 -0.6261 0.6039 0.5287 -0.1443 0.8085 0.2145
0.7139 -0.1708 -0.6261 -0.2629 0.6788 -0.2131 -0.6277 -0.3159 0.7477 -0.1929 -0.5836 -0.2516 0.7985 -0.0193 -0.6005 -0.0367 0.6321 0.0245 -0.7241 0.2747 0.6585 0.1069 -0.6982 0.2596 0.9324 0.1395 0.3278 0.0613 0.6612 0.2264 -0.6722 0.2443 0.4898 -0.0577 -0.6261 0.6039 0.5287 -0.1443 0.8085 0.2145
0.7139 -0.1708 -0.6261 -0.2629 0.6788 -0.2131 -0.6277 -0.3159 0.7477 -0.1929 -0.5836 -0.2516 0.7985 -0.0193 -0.6005 -0.0367 0.6335 0.0731 -0.7496 0.1772 0.6884 0.1968 -0.6805 0.1558 0.9248 0.1324 0.3519 0.0581 0.6612 0.2264 -0.6722 0.2443 0.4898 -0.0577 -0.6261 0.6039 0.5287 -0.1443 0.8085 0.2145
0.7139 -0.1708 -0.6261 -0.2629 0.6788 -0.2131 -0.6277 -0.3159 0.7477 -0.1929 -0.5836 -0.2516 0.7985 -0.0193 -0.6005 -0.0367 0.6335 0.0731 -0.7496 0.1772 0.6884 0.1968 -0.6805 0.1558 0.9248 0.1324 0.3519 0.0581 0.6612 0.2264 -0.6722 0.2443 0.4898 -0.0577 -0.6261 0.6039 0.5287 -0.1443 0.8085 0.2145
0.7555 -0.1405 -0.6124 -0.1855 0.6788 -0.2131 -0.6277 -0.3159 0.7477 -0.1929 -0.5836 -0.2516 0.7977 0.0078 -0.6026 -0.0226 0.6335 0.0731 -0.7496 0.1772 0.6884 0.1968 -0.6805 0.1558 0.9248 0.1324 0.3519 0.0581 0.6612 0.2264 -0.6722 0.2443 0.4927 -0.0495 -0.666 0.5579 0.6689 -0.1508 0.7091 0.1641
0.7555 -0.1405 -0.6124 -0.1855 0.6788 -0.2131 -0.6277 -0.3159 0.7477 -0.1929 -0.5836 -0.2516 0.7977 0.0078 -0.6026 -0.0226 0.6335 0.0731 -0.7496 0.1772 0.6884 0.1968 -0.6805 0.1558 0.9248 0.1324 0.3519 0.0581 0.7463 0.2397 -0.614 0.0928 0.4927 -0.0495 -0.666 0.5579 0.6689 -0.1508 0.7091 0.1641
0.7555 -0.1405 -0.6124 -0.1855 0.6788 -0.2131 -0.6277 -0.3159 0.7477 -0.1929 -0.5836 -0.2516 0.7977 0.0078 -0.6026 -0.0226 0.6335 0.0731 -0.7496 0.1772 0.6884 0.1968 -0.6805 0.1558 0.9248 0.1324 0.3519 0.0581 0.7463 0.2397 -0.614 0.0928 0.4927 -0.0495 -0.666 0.5579 0.6689 -0.1508 0.7091 0.1641
0.7555 -0.1405 -0.6124 -0.1855 0.6788 -0.2131 -0.6277 -0.3159 0.7477 -0.1929 -0.5836 -0.2516 0.7977 0.0078 -0.6026 -0.0226 0.6335 0.0731 -0.7496 0.1772 0.6884 0.1968 -0.6805 0.1558 0.9248 0.1324 0.3519 0.0581 0.7463 0.2397 -0.614 0.0928 0.4927 -0.0495 -0.666 0.5579 0.6689 -0.1508 0.7091 0.1641
0.7555 -0.1405 -0.6124 -0.1855 0.6788 -0.2131 -0.6277 -0.3159 0.7477 -0.1929 -0.5836 -0.2516 0.7977 0.0078 -0.6026 -0.0226 0.6335 0.0731 -0.7496 0.1772 0.6884 0.1968 -0.6805 0.1558 0.9248 0.1324 0.3519 0.0581 0.7463 0.2397 -0.614 0.0928 0.4927 -0.0495 -0.666 0.5579 0.6689 -0.1508 0.7091 0.1641
0.7555 -0.1405 -0.6124 -0.1855 0.6788 -0.2131 -0.6277 -0.3159 0.7527 -0.1894 -0.5874 -0.2293 0.7977 0.0078 -0.6026 -0.0226 0.6371 0.1118 -0.759 0.0743 0.7003 0.1809 -0.6816 0.1103 0.9169 0.1331 0.3729 0.0507 0.7463 0.2397 -0.614 0.0928 0.4927 -0.0495 -0.666 0.5579 0.6689 -0.1508 0.7091 0.1641
0.7767 -0.1768 -0.5851 -0.1522 0.6788 -0.2131 -0.6277 -0.3159 0.7527 -0.1894 -0.5874 -0.2293 0.7977 0.0078 -0.6026 -0.0226 0.6371 0.1118 -0.759 0.0743 0.7003 0.1809 -0.6816 0.1103 0.9169 0.1331 0.3729 0.0507 0.7463 0.2397 -0.614 0.0928 0.4927 -0.0495 -0.666 0.5579 0.6689 -0.1508 0.7091 0.1641
0.7767 -0.1768 -0.5851 -0.1522 0.6788 -0.2131 -0.6277 -0.3159 0.7527 -0.1894 -0.5874 -0.2293 0.7977 0.0078 -0.6026 -0.0226 0.6371 0.1118 -0.759 0.0743 0.7003 0.1809 -0.6816 0.1103 0.9169 0.1331 0.3729 0.0507 0.7463 0.2397 -0.614 0.0928 0.4927 -0.0495 -0.666 0.5579 0.6689 -0.1508 0.7091 0.1641
0.7767 -0.1768 -0.5851 -0.1522 0.6476 -0.2898 -0.6933 -0.1266 0.7527 -0.1894 -0.5874 -0.2293 0.7972 -0.0015 -0.6036 -2.0E-4 0.6371 0.1118 -0.759 0.0743 0.7003 0.1809 -0.6816 0.1103 0.9169 0.1331 0.3729 0.0507 0.7463 0.2397 -0.614 0.0928 0.4927 -0.0495 -0.666 0.5579 0.6689 -0.1508 0.7091 0.1641
0.7767 -0.1768 -0.5851 -0.1522 0.6476 -0.2898 -0.6933 -0.1266 0.7527 -0.1894 -0.5874 -0.2293 0.7972 -0.0015 -0.6036 -2.0E-4 0.6371 0.1118 -0.759 0.0743 0.7003 0.1809 -0.6816 0.1103 0.9169 0.1331 0.3729 0.0507 0.7449 0.2319 -0.6242 0.0422 0.4927 -0.0495 -0.666 0.5579 0.6689 -0.1508 0.7091 0.1641
0.7767 -0.1768 -0.5851 -0.1522 0.6476 -0.2898 -0.6933 -0.1266 0.7576 -0.186 -0.5845 -0.2231 0.7972 -0.0015 -0.6036 -2.0E-4 0.6371 0.1118 -0.759 0.0743 0.7003 0.1809 -0.6816 0.1103 0.9169 0.1331 0.3729 0.0507 0.7449 0.2319 -0.6242 0.0422 0.4927 -0.0495 -0.666 0.5579 0.6689 -0.1508 0.7091 0.1641
0.7767 -0.1768 -0.5851 -0.1522 0.6476 -0.2898 -0.6933 -0.1266 0.7576 -0.186 -0.5845 -0.2231 0.7972 -0.0015 -0.6036 -2.0E-4 0.6371 0.1118 -0.759 0.0743 0.7003 0.1809 -0.6816 0.1103 0.9169 0.1331 0.3729 0.0507 0.7449 0.2319 -0.6242 0.0422 0.4927 -0.0495 -0.666 0.5579 0.6689 -0.1508 0.7091 0.1641
0.7767 -0.1768 -0.5851 -0.1522 0.6476 -0.2898 -0.6933 -0.1266 0.7576 -0.186 -0.5845 -0.2231 0.7972 -0.0015 -0.6036 -2.0E-4 0.6353 0.1614 -0.7551 0.0135 0.7123 0.216 -0.6639 0.0718 0.9113 0.1176 0.3944 0.0151 0.7449 0.2319 -0.6242 0.0422 0.4927 -0.0495 -0.666 0.5579 0.6689 -0.1508 0.7091 0.1641
0.7977 -0.1777 -0.5682 -0.0965 0.6476 -0.2898 -0.6933 -0.1266 0.7576 -0.186 -0.5845 -0.2231 0.7972 -0.0015 -0.6036 -2.0E-4 0.6353 0.1614 -0.7551 0.0135 0.7123 0.216 -0.6639 0.0718 0.9113 0.1176 0.3944 0.0151 0.7449 0.2319 -0.6242 0.0422 0.4927 -0.0495 -0.666 0.5579 0.6689 -0.1508 0.7091 0.1641
0.7977 -0.1777 -0.5682 -0.0965 0.6326 -0.2967 -0.7133 -0.055 0.7576 -0.186 -0.5845 -0.2231 0.7972 -0.0015 -0.6036 -2.0E-4 0.6353 0.1614 -0.7551 0.0135 0.7123 0.216 -0.6639 0.0718 0.9113 0.1176 0.3944 0.0151 0.7449 0.2319 -0.6242 0.0422 0.6411 0.3475 -0.6786 0.0876 0.9772 -0.1501 0.1308 0.0736
0.7977 -0.1777 -0.5682 -0.0965 0.6326 -0.2967 -0.7133 -0.055 0.7576 -0.186 -0.5845 -0.2231 0.7972 -0.0015 -0.6036 -2.0E-4 0.6353 0.1614 -0.7551 0.0135 0.7123 0.216 -0.6639 0.0718 0.9113 0.1176 0.3944 0.0151 0.7271 0.194 -0.6579 0.0289 0.6411 0.3475 -0.6786 0.0876 0.9772 -0.1501 0.1308 0.0736
0.7977 -0.1777 -0.5682 -0.0965 0.6326 -0.2967 -0.7133 -0.055 0.7576 -0.186 -0.5845 -0.2231 0.7972 -0.0015 -0.6036 -2.0E-4 0.6353 0.1614 -0.7551 0.0135 0.7123 0.216 -0.6639 0.0718 0.9113 0.1176 0.3944 0.0151 0.7271 0.194 -0.6579 0.0289 0.6411 0.3475 -0.6786 0.0876 0.9772 -0.1501 0.1308 0.0736
0.7977 -0.1777 -0.5682 -0.0965 0.6326 -0.2967 -0.7133 -0.055 0.7603 -0.1649 -0.588 -0.2216 0.7972 -0.0015 -0.6036 -2.0E-4 0.6353 0.1614 -0.7551 0.0135 0.7123 0.216 -0.6639 0.0718 0.9113 0.1176 0.3944 0.0151 0.7271 0.194 -0.6579 0.0289 0.6411 0.3475 -0.6786 0.0876 0.9772 -0.1501 0.1308 0.0736
0.7977 -0.1777 -0.5682 -0.0965 0.6326 -0.2967 -0.7133 -0.055 0.7603 -0.1649 -0.588 -0.2216 0.7972 -0.0015 -0.6036 -2.0E-4 0.6353 0.1614 -0.7551 0.0135 0.7123 0.216 -0.6639 0.0718 0.9113 0.1176 0.3944 0.0151 0.7271 0.194 -0.6579 0.0289 0.6411 0.3475 -0.6786 0.0876 0.9772 -0.1501 0.1308 0.0736
0.7977 -0.1777 -0.5682 -0.0965 0.6326 -0.2967 -0.7133 -0.055 0.7603 -0.1649 -0.588 -0.2216 0.7972 -0.0015 -0.6036 -2.0E-4 0.6353 0.1614 -0.7551 0.0135 0.7421 0.2913 -0.6037 -0.0095 0.9113 0.1176 0.3944 0.0151 0.7271 0.194 -0.6579 0.0289 0.6411 0.3475 -0.6786 0.0876 0.9772 -0.1501 0.1308 0.0736
0.7965 -0.1979 -0.557 -0.127 0.6326 -0.2967 -0.7133 -0.055 0.7603 -0.1649 -0.588 -0.2216 0.7972 -0.0015 -0.6036 -2.0E-4 0.6353 0.1614 -0.7551 0.0135 0.7421 0.2913 -0.6037 -0.0095 0.9113 0.1176 0.3944 0.0151 0.7271 0.194 -0.6579 0.0289 0.6411 0.3475 -0.6786 0.0876 0.9772 -0.1501 0.1308 0.0736
0.7965 -0.1979 -0.557 -0.127 0.6326 -0.2967 -0.7133 -0.055 0.7603 -0.1649 -0.588 -0.2216 0.7972 -0.0015 -0.6036 -2.0E-4 0.6353 0.1614 -0.7551 0.0135 0.7421 0.2913 -0.6037 -0.0095 0.9113 0.1176 0.3944 0.0151 0.7271 0.194 -0.6579 0.0289 0.6411 0.3475 -0.6786 0.0876 0.9772 -0.1501 0.1308 0.0736
0.7965 -0.1979 -0.557 -0.127 0.638 -0.3056 -0.7035 -0.0679 0.7603 -0.1649 -0.588 -0.2216 0.7972 -0.0015 -0.6036 -2.0E-4 0.6353 0.1614 -0.7551 0.0135 0.7421 0.2913 -0.6037 -0.0095 0.9113 0.1176 0.3944 0.0151 0.7271 0.194 -0.6579 0.0289 0.6403 0.2546 -0.7086 0.1522 0.9526 -0.1183 0.2676 0.0838
0.7965 -0.1979 -0.557 -0.127 0.638 -0.3056 -0.7035 -0.0679 0.7603 -0.1649 -0.588 -0.2216 0.7972 -0.0015 -0.6036 -2.0E-4 0.6353 0.1614 -0.7551 0.0135 0.7421 0.2913 -0.6037 -0.0095 0.9113 0.1176 0.3944 0.0151 0.7084 0.2298 -0.6654 0.05 0.6403 0.2546 -0.7086 0.1522 0.9526 -0.1183 0.2676 0.0838
0.7965 -0.1979 -0.557 -0.127 0.638 -0.3056 -0.7035 -0.0679 0.7603 -0.1649 -0.588 -0.2216 0.7972 -0.0015 -0.6036 -2.0E-4 0.6353 0.1614 -0.7551 0.0135 0.7421 0.2913 -0.6037 -0.0095 0.9113 0.1176 0.3944 0.0151 0.7084 0.2298 -0.6654 0.05 0.6403 0.2546 -0.7086 0.1522 0.9526 -0.1183 0.2676 0.0838
0.7965 -0.1979 -0.557 -0.127 0.638 -0.3056 -0.7035 -0.0679 0.7603 -0.1649 -0.588 -0.2216 0.7972 -0.0015 -0.6036 -2.0E-4 0.6353 0.1614 -0.7551 0.0135 0.7421 0.2913 -0.6037 -0.0095 0.9113 0.1176 0.3944 0.0151 0.7084 0.2298 -0.6654 0.05 0.6403 0.2546 -0.7086 0.1522 0.9526 -0.1183 0.2676 0.0838
0.7965 -0.1979 -0.557 -0.127 0.638 -0.3056 -0.7035 -0.0679 0.7397 -0.1652 -0.6049 -0.2444 0.7972 -0.0015 -0.6036 -2.0E-4 0.702 0.077 -0.707 0.0385 0.7639 0.3627 -0.5177 -0.1299 0.5477 0.1259 0.8181 -0.1216 0.7084 0.2298 -0.6654 0.05 0.6403 0.2546 -0.7086 0.1522 0.9526 -0.1183 0.2676 0.0838
0.7646 -0.2381 -0.5535 -0.2287 0.638 -0.3056 -0.7035 -0.0679 0.7397 -0.1652 -0.6049 -0.2444 0.7972 -0.0015 -0.6036 -2.0E-4 0.702 0.077 -0.707 0.0385 0.7639 0.3627 -0.5177 -0.1299 0.5477 0.1259 0.8181 -0.1216 0.7084 0.2298 -0.6654 0.05 0.6403 0.2546 -0.7086 0.1522 0.9526 -0.1183 0.2676 0.0838
0.7646 -0.2381 -0.5535 -0.2287 0.638 -0.3056 -0.7035 -0.0679 0.7397 -0.1652 -0.6049 -0.2444 0.7972 -0.0015 -0.6036 -2.0E-4 0.702 0.077 -0.707 0.0385 0.7639 0.3627 -0.5177 -0.1299 0.5477 0.1259 0.8181 -0.1216 0.7084 0.2298 -0.6654 0.05 0.6166 0.1838 -0.7313 0.2266 0.9312 -0.1274 0.3341 0.0702
0.7646 -0.2381 -0.5535 -0.2287 0.638 -0.3056 -0.7035 -0.0679 0.7397 -0.1652 -0.6049 -0.2444 0.7972 -0.0015 -0.6036 -2.0E-4 0.702 0.077 -0.707 0.0385 0.7639 0.3627 -0.5177 -0.1299 0.5477 0.1259 0.8181 -0.1216 0.6543 0.2037 -0.7179 0.1223 0.6166 0.1838 -0.7313 0.2266 0.9312 -0.1274 0.3341 0.0702
0.7646 -0.2381 -0.5535 -0.2287 0.638 -0.3056 -0.7035 -0.0679 0.7397 -0.1652 -0.6049 -0.2444 0.7972 -0.0015 -0.6036 -2.0E-4 0.702 0.077 -0.707 0.0385 0.7639 0.3627 -0.5177 -0.1299 0.5477 0.1259 0.8181 -0.1216 0.6543 0.2037 -0.7179 0.1223 0.6166 0.1838 -0.7313 0.2266 0.9312 -0.1274 0.3341 0.0702
0.7646 -0.2381 -0.5535 -0.2287 0.638 -0.3056 -0.7035 -0.0679 0.6857 -0.2015 -0.6049 -0.3513 0.7972 -0.0015 -0.6036 -2.0E-4 0.702 0.077 -0.707 0.0385 0.7639 0.3627 -0.5177 -0.1299 0.5477 0.1259 0.8181 -0.1216 0.6543 0.2037 -0.7179 0.1223 0.6166 0.1838 -0.7313 0.2266 0.9312 -0.1274 0.3341 0.0702
0.7646 -0.2381 -0.5535 -0.2287 0.638 -0.3056 -0.7035 -0.0679 0.6857 -0.2015 -0.6049 -0.3513 0.7972 -0.0015 -0.6036 -2.0E-4 0.702 0.077 -0.707 0.0385 0.7639 0.3627 -0.5177 -0.1299 0.7249 0.1076 0.6774 -0.0638 0.6543 0.2037 -0.7179 0.1223 0.6166 0.1838 -0.7313 0.2266 0.9312 -0.1274 0.3341 0.0702
0.7646 -0.2381 -0.5535 -0.2287 0.638 -0.3056 -0.7035 -0.0679 0.6857 -0.2015 -0.6049 -0.3513 0.7972 -0.0015 -0.6036 -2.0E-4 0.702 0.077 -0.707 0.0385 0.7598 0.3376 -0.5508 -0.0733 0.7249 0.1076 0.6774 -0.0638 0.6543 0.2037 -0.7179 0.1223 0.6166 0.1838 -0.7313 0.2266 0.9312 -0.1274 0.3341 0.0702
0.7366 -0.2279 -0.5542 -0.3135 0.638 -0.3056 -0.7035 -0.0679 0.6857 -0.2015 -0.6049 -0.3513 0.7972 -0.0015 -0.6036 -2.0E-4 0.702 0.077 -0.707 0.0385 0.7598 0.3376 -0.5508 -0.0733 0.7249 0.1076 0.6774 -0.0638 0.6543 0.2037 -0.7179 0.1223 0.6166 0.1838 -0.7313 0.2266 0.9312 -0.1274 0.3341 0.0702
0.7366 -0.2279 -0.5542 -0.3135 0.638 -0.3056 -0.7035 -0.0679 0.6857 -0.2015 -0.6049 -0.3513 0.7972 -0.0015 -0.6036 -2.0E-4 0.702 0.077 -0.707 0.0385 0.7598 0.3376 -0.5508 -0.0733 0.7249 0.1076 0.6774 -0.0638 0.6543 0.2037 -0.7179 0.1223 0.6166 0.1838 -0.7313 0.2266 0.9312 -0.1274 0.3341 0.0702
0.7366 -0.2279 -0.5542 -0.3135 0.6482 -0.3101 -0.655 -0.2339 0.6857 -0.2015 -0.6049 -0.3513 0.8046 -0.0336 -0.5843 -0.1008 0.702 0.077 -0.707 0.0385 0.7598 0.3376 -0.5508 -0.0733 0.7249 0.1076 0.6774 -0.0638 0.6543 0.2037 -0.7179 0.1223 0.6166 0.1838 -0.7313 0.2266 0.9196 -0.1165 0.3672 0.0762
0.7366 -0.2279 -0.5542 -0.3135 0.6482 -0.3101 -0.655 -0.2339 0.6857 -0.2015 -0.6049 -0.3513 0.8046 -0.0336 -0.5843 -0.1008 0.702 0.077 -0.707 0.0385 0.7598 0.3376 -0.5508 -0.0733 0.7249 0.1076 0.6774 -0.0638 0.5948 0.1697 -0.7629 0.1883 0.6166 0.1838 -0.7313 0.2266 0.9196 -0.1165 0.3672 0.0762
0.7366 -0.2279 -0.5542 -0.3135 0.6482 -0.3101 -0.655 -0.2339 0.6857 -0.2015 -0.6049 -0.3513 0.8046 -0.0336 -0.5843 -0.1008 0.702 0.077 -0.707 0.0385 0.7598 0.3376 -0.5508 -0.0733 0.7249 0.1076 0.6774 -0.0638 0.5948 0.1697 -0.7629 0.1883 0.6166 0.1838 -0.7313 0.2266 0.9196 -0.1165 0.3672 0.0762
0.7366 -0.2279 -0.5542 -0.3135 0.6482 -0.3101 -0.655 -0.2339 0.6638 -0.1663 -0.613 -0.3949 0.8046 -0.0336 -0.5843 -0.1008 0.702 0.077 -0.707 0.0385 0.7598 0.3376 -0.5508 -0.0733 0.7249 0.1076 0.6774 -0.0638 0.5948 0.1697 -0.7629 0.1883 0.6166 0.1838 -0.7313 0.2266 0.9196 -0.1165 0.3672 0.0762
0.7366 -0.2279 -0.5542 -0.3135 0.6482 -0.3101 -0.655 -0.2339 0.6638 -0.1663 -0.613 -0.3949 0.8046 -0.0336 -0.5843 -0.1008 0.702 0.077 -0.707 0.0385 0.6736 0.1686 -0.6985 0.1729 0.7249 0.1076 0.6774 -0.0638 0.5948 0.1697 -0.7629 0.1883 0.6166 0.1838 -0.7313 0.2266 0.9196 -0.1165 0.3672 0.0762
0.7134 -0.2205 -0.5542 -0.3679 0.6482 -0.3101 -0.655 -0.2339 0.6638 -0.1663 -0.613 -0.3949 0.8046 -0.0336 -0.5843 -0.1008 0.702 0.077 -0.707 0.0385 0.6736 0.1686 -0.6985 0.1729 0.7249 0.1076 0.6774 -0.0638 0.5948 0.1697 -0.7629 0.1883 0.6166 0.1838 -0.7313 0.2266 0.9196 -0.1165 0.3672 0.0762
0.7134 -0.2205 -0.5542 -0.3679 0.6482 -0.3101 -0.655 -0.2339 0.6638 -0.1663 -0.613 -0.3949 0.8046 -0.0336 -0.5843 -0.1008 0.702 0.077 -0.707 0.0385 0.6736 0.1686 -0.6985 0.1729 0.7249 0.1076 0.6774 -0.0638 0.5948 0.1697 -0.7629 0.1883 0.6166 0.1838 -0.7313 0.2266 0.9073 -0.0996 0.3956 0.1014
0.7134 -0.2205 -0.5542 -0.3679 0.6666 -0.2802 -0.6155 -0.3135 0.6638 -0.1663 -0.613 -0.3949 0.8046 -0.0336 -0.5843 -0.1008 0.702 0.077 -0.707 0.0385 0.6736 0.1686 -0.6985 0.1729 0.7249 0.1076 0.6774 -0.0638 0.5948 0.1697 -0.7629 0.1883 0.6166 0.1838 -0.7313 0.2266 0.9073 -0.0996 0.3956 0.1014
0.7134 -0.2205 -0.5542 -0.3679 0.6666 -0.2802 -0.6155 -0.3135 0.6638 -0.1663 -0.613 -0.3949 0.8046 -0.0336 -0.5843 -0.1008 0.702 0.077 -0.707 0.0385 0.6736 0.1686 -0.6985 0.1729 0.7249 0.1076 0.6774 -0.0638 0.548 0.1669 -0.7751 0.2667 0.6166 0.1838 -0.7313 0.2266 0.9073 -0.0996 0.3956 0.1014
0.7134 -0.2205 -0.5542 -0.3679 0.6666 -0.2802 -0.6155 -0.3135 0.6638 -0.1663 -0.613 -0.3949 0.8046 -0.0336 -0.5843 -0.1008 0.702 0.077 -0.707 0.0385 0.6736 0.1686 -0.6985 0.1729 0.7249 0.1076 0.6774 -0.0638 0.548 0.1669 -0.7751 0.2667 0.6166 0.1838 -0.7313 0.2266 0.9073 -0.0996 0.3956 0.1014
0.7134 -0.2205 -0.5542 -0.3679 0.6666 -0.2802 -0.6155 -0.3135 0.6434 -0.1458 -0.6171 -0.4288 0.8046 -0.0336 -0.5843 -0.1008 0.6481 0.0229 -0.7181 0.2525 0.5834 0.0363 -0.7505 0.3085 0.7249 0.1076 0.6774 -0.0638 0.548 0.1669 -0.7751 0.2667 0.6166 0.1838 -0.7313 0.2266 0.9073 -0.0996 0.3956 0.1014
0.7134 -0.2205 -0.5542 -0.3679 0.6666 -0.2802 -0.6155 -0.3135 0.6434 -0.1458 -0.6171 -0.4288 0.8046 -0.0336 -0.5843 -0.1008 0.6481 0.0229 -0.7181 0.2525 0.5834 0.0363 -0.7505 0.3085 0.7249 0.1076 0.6774 -0.0638 0.548 0.1669 -0.7751 0.2667 0.6166 0.1838 -0.7313 0.2266 0.9073 -0.0996 0.3956 0.1014
0.7134 -0.2205 -0.5542 -0.3679 0.6666 -0.2802 -0.6155 -0.3135 0.6434 -0.1458 -0.6171 -0.4288 0.8046 -0.0336 -0.5843 -0.1008 0.6481 0.0229 -0.7181 0.2525 0.5834 0.0363 -0.7505 0.3085 0.7249 0.1076 0.6774 -0.0638 0.548 0.1669 -0.7751 0.2667 0.6166 0.1838 -0.7313 0.2266 0.9073 -0.0996 0.3956 0.1014
0.7019 -0.2344 -0.5545 -0.3807 0.6666 -0.2802 -0.6155 -0.3135 0.6434 -0.1458 -0.6171 -0.4288 0.8046 -0.0336 -0.5843 -0.1008 0.6481 0.0229 -0.7181 0.2525 0.5834 0.0363 -0.7505 0.3085 0.7249 0.1076 0.6774 -0.0638 0.548 0.1669 -0.7751 0.2667 0.6166 0.1838 -0.7313 0.2266 0.8431 -0.1291 0.5125 0.0989
0.7019 -0.2344 -0.5545 -0.3807 0.6666 -0.2802 -0.6155 -0.3135 0.6434 -0.1458 -0.6171 -0.4288 0.8046 -0.0336 -0.5843 -0.1008 0.6481 0.0229 -0.7181 0.2525 0.5834 0.0363 -0.7505 0.3085 0.7249 0.1076 0.6774 -0.0638 0.5861 0.1738 -0.7387 0.2839 0.6166 0.1838 -0.7313 0.2266 0.8431 -0.1291 0.5125 0.0989
0.7019 -0.2344 -0.5545 -0.3807 0.6666 -0.2802 -0.6155 -0.3135 0.6434 -0.1458 -0.6171 -0.4288 0.8046 -0.0336 -0.5843 -0.1008 0.6481 0.0229 -0.7181 0.2525 0.5834 0.0363 -0.7505 0.3085 0.7249 0.1076 0.6774 -0.0638 0.5861 0.1738 -0.7387 0.2839 0.6166 0.1838 -0.7313 0.2266 0.8431 -0.1291 0.5125 0.0989
0.7019 -0.2344 -0.5545 -0.3807 0.6666 -0.2802 -0.6155 -0.3135 0.6434 -0.1458 -0.6171 -0.4288 0.8046 -0.0336 -0.5843 -0.1008 0.6481 0.0229 -0.7181 0.2525 0.5834 0.0363 -0.7505 0.3085 0.7249 0.1076 0.6774 -0.0638 0.5861 0.1738 -0.7387 0.2839 0.6166 0.1838 -0.7313 0.2266 0.8431 -0.1291 0.5125 0.0989
0.7019 -0.2344 -0.5545 -0.3807 0.6666 -0.2802 -0.6155 -0.3135 0.6572 -0.1106 -0.636 -0.389 0.8046 -0.0336 -0.5843 -0.1008 0.6481 0.0229 -0.7181 0.2525 0.5834 0.0363 -0.7505 0.3085 0.7249 0.1076 0.6774 -0.0638 0.5861 0.1738 -0.7387 0.2839 0.6166 0.1838 -0.7313 0.2266 0.8431 -0.1291 0.5125 0.0989
0.7019 -0.2344 -0.5545 -0.3807 0.6666 -0.2802 -0.6155 -0.3135 0.6572 -0.1106 -0.636 -0.389 0.8046 -0.0336 -0.5843 -0.1008 0.6481 0.0229 -0.7181 0.2525 0.6263 0.1875 -0.7028 0.2803 0.7249 0.1076 0.6774 -0.0638 0.5861 0.1738 -0.7387 0.2839 0.6166 0.1838 -0.7313 0.2266 0.8431 -0.1291 0.5125 0.0989
0.72 -0.2305 -0.5786 -0.306 0.6666 -0.2802 -0.6155 -0.3135 0.6572 -0.1106 -0.636 -0.389 0.8046 -0.0336 -0.5843 -0.1008 0.6481 0.0229 -0.7181 0.2525 0.6263 0.1875 -0.7028 0.2803 0.7249 0.1076 0.6774 -0.0638 0.5861 0.1738 -0.7387 0.2839 0.6166 0.1838 -0.7313 0.2266 0.8431 -0.1291 0.5125 0.0989
0.72 -0.2305 -0.5786 -0.306 0.6666 -0.2802 -0.6155 -0.3135 0.6572 -0.1106 -0.636 -0.389 0.8046 -0.0336 -0.5843 -0.1008 0.6481 0.0229 -0.7181 0.2525 0.6263 0.1875 -0.7028 0.2803 0.7249 0.1076 0.6774 -0.0638 0.5861 0.1738 -0.7387 0.2839 0.6166 0.1838 -0.7313 0.2266 0.8431 -0.1291 0.5125 0.0989
0.72 -0.2305 -0.5786 -0.306 0.6735 -0.2756 -0.5961 -0.3393 0.6572 -0.1106 -0.636 -0.389 0.7958 0.1111 -0.5682 -0.1774 0.6481 0.0229 -0.7181 0.2525 0.6263 0.1875 -0.7028 0.2803 0.7249 0.1076 0.6774 -0.0638 0.6799 0.2542 -0.6456 0.2373 0.4715 -0.0346 -0.6387 0.6071 0.4631 -0.2045 0.8519 0.1339
0.72 -0.2305 -0.5786 -0.306 0.6735 -0.2756 -0.5961 -0.3393 0.6572 -0.1106 -0.636 -0.389 0.7958 0.1111 -0.5682 -0.1774 0.6481 0.0229 -0.7181 0.2525 0.6263 0.1875 -0.7028 0.2803 0.7249 0.1076 0.6774 -0.0638 0.6799 0.2542 -0.6456 0.2373 0.4715 -0.0346 -0.6387 0.6071 0.4631 -0.2045 0.8519 0.1339
0.72 -0.2305 -0.5786 -0.306 0.6735 -0.2756 -0.5961 -0.3393 0.6752 -0.1028 -0.6538 -0.3256 0.7958 0.1111 -0.5682 -0.1774 0.6481 0.0229 -0.7181 0.2525 0.6263 0.1875 -0.7028 0.2803 0.7249 0.1076 0.6774 -0.0638 0.6799 0.2542 -0.6456 0.2373 0.4715 -0.0346 -0.6387 0.6071 0.4631 -0.2045 0.8519 0.1339
0.72 -0.2305 -0.5786 -0.306 0.6735 -0.2756 -0.5961 -0.3393 0.6752 -0.1028 -0.6538 -0.3256 0.7958 0.1111 -0.5682 -0.1774 0.6227 0.0969 -0.7548 0.1821 0.6263 0.1875 -0.7028 0.2803 0.7249 0.1076 0.6774 -0.0638 0.6799 0.2542 -0.6456 0.2373 0.4715 -0.0346 -0.6387 0.6071 0.4631 -0.2045 0.8519 0.1339
0.72 -0.2305 -0.5786 -0.306 0.6735 -0.2756 -0.5961 -0.3393 0.6752 -0.1028 -0.6538 -0.3256 0.7958 0.1111 -0.5682 -0.1774 0.6227 0.0969 -0.7548 0.1821 0.6472 0.2215 -0.6968 0.216 0.9261 0.0973 0.3594 0.0601 0.6799 0.2542 -0.6456 0.2373 0.4715 -0.0346 -0.6387 0.6071 0.4631 -0.2045 0.8519 0.1339
0.72 -0.2305 -0.5786 -0.306 0.6735 -0.2756 -0.5961 -0.3393 0.6752 -0.1028 -0.6538 -0.3256 0.7958 0.1111 -0.5682 -0.1774 0.6227 0.0969 -0.7548 0.1821 0.6472 0.2215 -0.6968 0.216 0.9261 0.0973 0.3594 0.0601 0.6799 0.2542 -0.6456 0.2373 0.4715 -0.0346 -0.6387 0.6071 0.4631 -0.2045 0.8519 0.1339
0.7635 -0.1944 -0.5767 -0.2162 0.6735 -0.2756 -0.5961 -0.3393 0.6752 -0.1028 -0.6538 -0.3256 0.7958 0.1111 -0.5682 -0.1774 0.6227 0.0969 -0.7548 0.1821 0.6472 0.2215 -0.6968 0.216 0.9261 0.0973 0.3594 0.0601 0.6799 0.2542 -0.6456 0.2373 0.5003 -0.0154 -0.6763 0.5405 0.6612 -0.1458 0.7171 0.1653
0.7635 -0.1944 -0.5767 -0.2162 0.6735 -0.2756 -0.5961 -0.3393 0.6752 -0.1028 -0.6538 -0.3256 0.7958 0.1111 -0.5682 -0.1774 0.6227 0.0969 -0.7548 0.1821 0.6472 0.2215 -0.6968 0.216 0.9261 0.0973 0.3594 0.0601 0.6799 0.2542 -0.6456 0.2373 0.5003 -0.0154 -0.6763 0.5405 0.6612 -0.1458 0.7171 0.1653
0.7635 -0.1944 -0.5767 -0.2162 0.6735 -0.2756 -0.5961 -0.3393 0.7166 -0.1093 -0.6407 -0.2534 0.7958 0.1111 -0.5682 -0.1774 0.6227 0.0969 -0.7548 0.1821 0.6472 0.2215 -0.6968 0.216 0.9261 0.0973 0.3594 0.0601 0.7683 0.2515 -0.5842 0.0713 0.5003 -0.0154 -0.6763 0.5405 0.6612 -0.1458 0.7171 0.1653
0.7635 -0.1944 -0.5767 -0.2162 0.6735 -0.2756 -0.5961 -0.3393 0.7166 -0.1093 -0.6407 -0.2534 0.7958 0.1111 -0.5682 -0.1774 0.6227 0.0969 -0.7548 0.1821 0.6472 0.2215 -0.6968 0.216 0.9261 0.0973 0.3594 0.0601 0.7683 0.2515 -0.5842 0.0713 0.5003 -0.0154 -0.6763 0.5405 0.6612 -0.1458 0.7171 0.1653
0.7635 -0.1944 -0.5767 -0.2162 0.6735 -0.2756 -0.5961 -0.3393 0.7166 -0.1093 -0.6407 -0.2534 0.7958 0.1111 -0.5682 -0.1774 0.6227 0.0969 -0.7548 0.1821 0.6472 0.2215 -0.6968 0.216 0.9261 0.0973 0.3594 0.0601 0.7683 0.2515 -0.5842 0.0713 0.5003 -0.0154 -0.6763 0.5405 0.6612 -0.1458 0.7171 0.1653
0.7635 -0.1944 -0.5767 -0.2162 0.6735 -0.2756 -0.5961 -0.3393 0.7166 -0.1093 -0.6407 -0.2534 0.7958 0.1111 -0.5682 -0.1774 0.6227 0.0969 -0.7548 0.1821 0.678 0.206 -0.6905 0.1455 0.9261 0.0973 0.3594 0.0601 0.7683 0.2515 -0.5842 0.0713 0.5003 -0.0154 -0.6763 0.5405 0.6612 -0.1458 0.7171 0.1653
0.804 -0.1823 -0.5511 -0.129 0.6735 -0.2756 -0.5961 -0.3393 0.7166 -0.1093 -0.6407 -0.2534 0.7958 0.1111 -0.5682 -0.1774 0.6227 0.0969 -0.7548 0.1821 0.678 0.206 -0.6905 0.1455 0.9261 0.0973 0.3594 0.0601 0.7683 0.2515 -0.5842 0.0713 0.5003 -0.0154 -0.6763 0.5405 0.6612 -0.1458 0.7171 0.1653
0.804 -0.1823 -0.5511 -0.129 0.6735 -0.2756 -0.5961 -0.3393 0.7166 -0.1093 -0.6407 -0.2534 0.7958 0.1111 -0.5682 -0.1774 0.6227 0.0969 -0.7548 0.1821 0.678 0.206 -0.6905 0.1455 0.9261 0.0973 0.3594 0.0601 0.7683 0.2515 -0.5842 0.0713 0.6071 0.195 -0.7059 0.3085 0.8814 -0.1386 0.4332 0.1275
0.804 -0.1823 -0.5511 -0.129 0.6735 -0.2756 -0.5961 -0.3393 0.7166 -0.1093 -0.6407 -0.2534 0.7958 0.1111 -0.5682 -0.1774 0.6227 0.0969 -0.7548 0.1821 0.678 0.206 -0.6905 0.1455 0.9261 0.0973 0.3594 0.0601 0.7486 0.2448 -0.6149 0.0398 0.6071 0.195 -0.7059 0.3085 0.8814 -0.1386 0.4332 0.1275
0.804 -0.1823 -0.5511 -0.129 0.6735 -0.2756 -0.5961 -0.3393 0.7166 -0.1093 -0.6407 -0.2534 0.7958 0.1111 -0.5682 -0.1774 0.6227 0.0969 -0.7548 0.1821 0.678 0.206 -0.6905 0.1455 0.9261 0.0973 0.3594 0.0601 0.7486 0.2448 -0.6149 0.0398 0.6071 0.195 -0.7059 0.3085 0.8814 -0.1386 0.4332 0.1275
0.804 -0.1823 -0.5511 -0.129 0.6735 -0.2756 -0.5961 -0.3393 0.7599 -0.103 -0.6112 -0.1956 0.7958 0.1111 -0.5682 -0.1774 0.6227 0.0969 -0.7548 0.1821 0.678 0.206 -0.6905 0.1455 0.9261 0.0973 0.3594 0.0601 0.7486 0.2448 -0.6149 0.0398 0.6071 0.195 -0.7059 0.3085 0.8814 -0.1386 0.4332 0.1275
0.804 -0.1823 -0.5511 -0.129 0.6735 -0.2756 -0.5961 -0.3393 0.7599 -0.103 -0.6112 -0.1956 0.7958 0.1111 -0.5682 -0.1774 0.6227 0.0969 -0.7548 0.1821 0.7094 0.2313 -0.6612 0.0781 0.9261 0.0973 0.3594 0.0601 0.7486 0.2448 -0.6149 0.0398 0.6071 0.195 -0.7059 0.3085 0.8814 -0.1386 0.4332 0.1275
0.804 -0.1823 -0.5511 -0.129 0.6735 -0.2756 -0.5961 -0.3393 0.7599 -0.103 -0.6112 -0.1956 0.7958 0.1111 -0.5682 -0.1774 0.6227 0.0969 -0.7548 0.1821 0.7094 0.2313 -0.6612 0.0781 0.9261 0.0973 0.3594 0.0601 0.7486 0.2448 -0.6149 0.0398 0.6071 0.195 -0.7059 0.3085 0.8814 -0.1386 0.4332 0.1275
0.8187 -0.2117 -0.5214 -0.1143 0.6735 -0.2756 -0.5961 -0.3393 0.7599 -0.103 -0.6112 -0.1956 0.7958 0.1111 -0.5682 -0.1774 0.6227 0.0969 -0.7548 0.1821 0.7094 0.2313 -0.6612 0.0781 0.9261 0.0973 0.3594 0.0601 0.7486 0.2448 -0.6149 0.0398 0.6071 0.195 -0.7059 0.3085 0.8814 -0.1386 0.4332 0.1275
0.8187 -0.2117 -0.5214 -0.1143 0.6116 -0.3461 -0.7111 0.0241 0.7599 -0.103 -0.6112 -0.1956 0.7958 0.1111 -0.5682 -0.1774 0.6227 0.0969 -0.7548 0.1821 0.7094 0.2313 -0.6612 0.0781 0.9261 0.0973 0.3594 0.0601 0.7486 0.2448 -0.6149 0.0398 0.6071 0.195 -0.7059 0.3085 0.9744 -0.1406 0.1462 0.0969
0.8187 -0.2117 -0.5214 -0.1143 0.6116 -0.3461 -0.7111 0.0241 0.7599 -0.103 -0.6112 -0.1956 0.7958 0.1111 -0.5682 -0.1774 0.6227 0.0969 -0.7548 0.1821 0.7094 0.2313 -0.6612 0.0781 0.9261 0.0973 0.3594 0.0601 0.7486 0.2448 -0.6149 0.0398 0.6071 0.195 -0.7059 0.3085 0.9744 -0.1406 0.1462 0.0969
0.8187 -0.2117 -0.5214 -0.1143 0.6116 -0.3461 -0.7111 0.0241 0.7599 -0.103 -0.6112 -0.1956 0.7958 0.1111 -0.5682 -0.1774 0.6227 0.0969 -0.7548 0.1821 0.7094 0.2313 -0.6612 0.0781 0.9261 0.0973 0.3594 0.0601 0.7175 0.2217 -0.6586 0.0475 0.6071 0.195 -0.7059 0.3085 0.9744 -0.1406 0.1462 0.0969
0.8187 -0.2117 -0.5214 -0.1143 0.6116 -0.3461 -0.7111 0.0241 0.7781 -0.0775 -0.5956 -0.1837 0.7958 0.1111 -0.5682 -0.1774 0.6227 0.0969 -0.7548 0.1821 0.7094 0.2313 -0.6612 0.0781 0.9261 0.0973 0.3594 0.0601 0.7175 0.2217 -0.6586 0.0475 0.6071 0.195 -0.7059 0.3085 0.9744 -0.1406 0.1462 0.0969
0.8187 -0.2117 -0.5214 -0.1143 0.6116 -0.3461 -0.7111 0.0241 0.7781 -0.0775 -0.5956 -0.1837 0.7958 0.1111 -0.5682 -0.1774 0.6227 0.0969 -0.7548 0.1821 0.7094 0.2313 -0.6612 0.0781 0.9261 0.0973 0.3594 0.0601 0.7175 0.2217 -0.6586 0.0475 0.6071 0.195 -0.7059 0.3085 0.9744 -0.1406 0.1462 0.0969
0.8074 -0.2314 -0.5154 -0.1702 0.6116 -0.3461 -0.7111 0.0241 0.7781 -0.0775 -0.5956 -0.1837 0.7958 0.1111 -0.5682 -0.1774 0.6227 0.0969 -0.7548 0.1821 0.741 0.3251 -0.5871 -0.0219 0.9261 0.0973 0.3594 0.0601 0.7175 0.2217 -0.6586 0.0475 0.6071 0.195 -0.7059 0.3085 0.9744 -0.1406 0.1462 0.0969
0.8074 -0.2314 -0.5154 -0.1702 0.6116 -0.3461 -0.7111 0.0241 0.7781 -0.0775 -0.5956 -0.1837 0.7958 0.1111 -0.5682 -0.1774 0.6227 0.0969 -0.7548 0.1821 0.741 0.3251 -0.5871 -0.0219 0.9261 0.0973 0.3594 0.0601 0.7175 0.2217 -0.6586 0.0475 0.6071 0.195 -0.7059 0.3085 0.9744 -0.1406 0.1462 0.0969
0.8074 -0.2314 -0.5154 -0.1702 0.6227 -0.3599 -0.6944 -0.023 0.7781 -0.0775 -0.5956 -0.1837 0.7958 0.1111 -0.5682 -0.1774 0.6227 0.0969 -0.7548 0.1821 0.741 0.3251 -0.5871 -0.0219 0.9261 0.0973 0.3594 0.0601 0.7175 0.2217 -0.6586 0.0475 0.6368 0.2207 -0.7249 0.1421 0.9744 -0.1406 0.1462 0.0969
0.8074 -0.2314 -0.5154 -0.1702 0.6227 -0.3599 -0.6944 -0.023 0.7781 -0.0775 -0.5956 -0.1837 0.7958 0.1111 -0.5682 -0.1774 0.6227 0.0969 -0.7548 0.1821 0.741 0.3251 -0.5871 -0.0219 0.9261 0.0973 0.3594 0.0601 0.7175 0.2217 -0.6586 0.0475 0.6368 0.2207 -0.7249 0.1421 0.9744 -0.1406 0.1462 0.0969
0.8074 -0.2314 -0.5154 -0.1702 0.6227 -0.3599 -0.6944 -0.023 0.7781 -0.0775 -0.5956 -0.1837 0.7958 0.1111 -0.5682 -0.1774 0.6227 0.0969 -0.7548 0.1821 0.741 0.3251 -0.5871 -0.0219 0.9261 0.0973 0.3594 0.0601 0.7041 0.2499 -0.6618 0.0618 0.6368 0.2207 -0.7249 0.1421 0.9744 -0.1406 0.1462 0.0969
0.8074 -0.2314 -0.5154 -0.1702 0.6227 -0.3599 -0.6944 -0.023 0.7781 -0.0775 -0.5956 -0.1837 0.7958 0.1111 -0.5682 -0.1774 0.6227 0.0969 -0.7548 0.1821 0.741 0.3251 -0.5871 -0.0219 0.9261 0.0973 0.3594 0.0601 0.7041 0.2499 -0.6618 0.0618 0.6368 0.2207 -0.7249 0.1421 0.9744 -0.1406 0.1462 0.0969
0.8074 -0.2314 -0.5154 -0.1702 0.6227 -0.3599 -0.6944 -0.023 0.7781 -0.0775 -0.5956 -0.1837 0.7958 0.1111 -0.5682 -0.1774 0.6227 0.0969 -0.7548 0.1821 0.741 0.3251 -0.5871 -0.0219 0.9261 0.0973 0.3594 0.0601 0.7041 0.2499 -0.6618 0.0618 0.6368 0.2207 -0.7249 0.1421 0.9744 -0.1406 0.1462 0.0969
0.8074 -0.2314 -0.5154 -0.1702 0.6227 -0.3599 -0.6944 -0.023 0.7446 -0.1113 -0.6057 -0.2574 0.7958 0.1111 -0.5682 -0.1774 0.7128 0.024 -0.6838 0.1537 0.7537 0.4096 -0.4848 -0.171 0.5883 0.1041 0.788 -0.1486 0.7041 0.2499 -0.6618 0.0618 0.6368 0.2207 -0.7249 0.1421 0.9744 -0.1406 0.1462 0.0969
0.8074 -0.2314 -0.5154 -0.1702 0.6227 -0.3599 -0.6944 -0.023 0.7446 -0.1113 -0.6057 -0.2574 0.7958 0.1111 -0.5682 -0.1774 0.7128 0.024 -0.6838 0.1537 0.7537 0.4096 -0.4848 -0.171 0.5883 0.1041 0.788 -0.1486 0.7041 0.2499 -0.6618 0.0618 0.6368 0.2207 -0.7249 0.1421 0.9744 -0.1406 0.1462 0.0969
0.8074 -0.2314 -0.5154 -0.1702 0.6227 -0.3599 -0.6944 -0.023 0.7446 -0.1113 -0.6057 -0.2574 0.7958 0.1111 -0.5682 -0.1774 0.7128 0.024 -0.6838 0.1537 0.7537 0.4096 -0.4848 -0.171 0.5883 0.1041 0.788 -0.1486 0.7041 0.2499 -0.6618 0.0618 0.6368 0.2207 -0.7249 0.1421 0.9744 -0.1406 0.1462 0.0969
0.7819 -0.2281 -0.5438 -0.2023 0.6474 -0.3336 -0.6703 -0.1423 0.7446 -0.1113 -0.6057 -0.2574 0.8158 0.0225 -0.5753 -0.0549 0.7128 0.024 -0.6838 0.1537 0.7537 0.4096 -0.4848 -0.171 0.5883 0.1041 0.788 -0.1486 0.7041 0.2499 -0.6618 0.0618 0.6073 0.1957 -0.7384 0.2183 0.928 -0.1299 0.3399 0.0801
0.7819 -0.2281 -0.5438 -0.2023 0.6474 -0.3336 -0.6703 -0.1423 0.7446 -0.1113 -0.6057 -0.2574 0.8158 0.0225 -0.5753 -0.0549 0.7128 0.024 -0.6838 0.1537 0.7537 0.4096 -0.4848 -0.171 0.5883 0.1041 0.788 -0.1486 0.6598 0.2267 -0.7059 0.1223 0.6073 0.1957 -0.7384 0.2183 0.928 -0.1299 0.3399 0.0801
0.7819 -0.2281 -0.5438 -0.2023 0.6474 -0.3336 -0.6703 -0.1423 0.7446 -0.1113 -0.6057 -0.2574 0.8158 0.0225 -0.5753 -0.0549 0.7128 0.024 -0.6838 0.1537 0.7537 0.4096 -0.4848 -0.171 0.5883 0.1041 0.788 -0.1486 0.6598 0.2267 -0.7059 0.1223 0.6073 0.1957 -0.7384 0.2183 0.928 -0.1299 0.3399 0.0801
0.7819 -0.2281 -0.5438 -0.2023 0.6474 -0.3336 -0.6703 -0.1423 0.7018 -0.1485 -0.5994 -0.3551 0.8158 0.0225 -0.5753 -0.0549 0.688 -0.1891 -0.5768 0.3976 0.7285 0.4042 -0.543 -0.1053 0.7302 0.0971 0.6735 -0.0611 0.6598 0.2267 -0.7059 0.1223 0.6073 0.1957 -0.7384 0.2183 0.928 -0.1299 0.3399 0.0801
0.7819 -0.2281 -0.5438 -0.2023 0.6474 -0.3336 -0.6703 -0.1423 0.7018 -0.1485 -0.5994 -0.3551 0.8158 0.0225 -0.5753 -0.0549 0.688 -0.1891 -0.5768 0.3976 0.7285 0.4042 -0.543 -0.1053 0.7302 0.0971 0.6735 -0.0611 0.6598 0.2267 -0.7059 0.1223 0.6073 0.1957 -0.7384 0.2183 0.928 -0.1299 0.3399 0.0801
0.7819 -0.2281 -0.5438 -0.2023 0.6474 -0.3336 -0.6703 -0.1423 0.7018 -0.1485 -0.5994 -0.3551 0.8158 0.0225 -0.5753 -0.0549 0.688 -0.1891 -0.5768 0.3976 0.7285 0.4042 -0.543 -0.1053 0.7302 0.0971 0.6735 -0.0611 0.6598 0.2267 -0.7059 0.1223 0.6073 0.1957 -0.7384 0.2183 0.928 -0.1299 0.3399 0.0801
0.7545 -0.2084 -0.556 -0.2796 0.6474 -0.3336 -0.6703 -0.1423 0.7018 -0.1485 -0.5994 -0.3551 0.8158 0.0225 -0.5753 -0.0549 0.688 -0.1891 -0.5768 0.3976 0.7285 0.4042 -0.543 -0.1053 0.7302 0.0971 0.6735 -0.0611 0.6598 0.2267 -0.7059 0.1223 0.5928 0.2011 -0.7272 0.2817 0.9197 -0.1417 0.3592 0.0709
0.7545 -0.2084 -0.556 -0.2796 0.6785 -0.2753 -0.6344 -0.2476 0.7018 -0.1485 -0.5994 -0.3551 0.8158 0.0225 -0.5753 -0.0549 0.688 -0.1891 -0.5768 0.3976 0.7285 0.4042 -0.543 -0.1053 0.7302 0.0971 0.6735 -0.0611 0.6598 0.2267 -0.7059 0.1223 0.5928 0.2011 -0.7272 0.2817 0.9197 -0.1417 0.3592 0.0709
0.7545 -0.2084 -0.556 -0.2796 0.6785 -0.2753 -0.6344 -0.2476 0.7018 -0.1485 -0.5994 -0.3551 0.8158 0.0225 -0.5753 -0.0549 0.688 -0.1891 -0.5768 0.3976 0.7285 0.4042 -0.543 -0.1053 0.7302 0.0971 0.6735 -0.0611 0.6071 0.2104 -0.7423 0.1903 0.5928 0.2011 -0.7272 0.2817 0.9197 -0.1417 0.3592 0.0709
0.7545 -0.2084 -0.556 -0.2796 0.6785 -0.2753 -0.6344 -0.2476 0.6806 -0.1514 -0.6021 -0.389 0.8158 0.0225 -0.5753 -0.0549 0.688 -0.1891 -0.5768 0.3976 0.7285 0.4042 -0.543 -0.1053 0.7302 0.0971 0.6735 -0.0611 0.6071 0.2104 -0.7423 0.1903 0.5928 0.2011 -0.7272 0.2817 0.9197 -0.1417 0.3592 0.0709
0.7545 -0.2084 -0.556 -0.2796 0.6785 -0.2753 -0.6344 -0.2476 0.6806 -0.1514 -0.6021 -0.389 0.8158 0.0225 -0.5753 -0.0549 0.61 -0.3016 -0.4996 0.5359 0.6854 0.2879 -0.6539 0.1409 0.8959 0.1384 0.4161 0.0717 0.6071 0.2104 -0.7423 0.1903 0.5928 0.2011 -0.7272 0.2817 0.9197 -0.1417 0.3592 0.0709
0.7545 -0.2084 -0.556 -0.2796 0.6785 -0.2753 -0.6344 -0.2476 0.6806 -0.1514 -0.6021 -0.389 0.8158 0.0225 -0.5753 -0.0549 0.61 -0.3016 -0.4996 0.5359 0.6854 0.2879 -0.6539 0.1409 0.8959 0.1384 0.4161 0.0717 0.6071 0.2104 -0.7423 0.1903 0.5928 0.2011 -0.7272 0.2817 0.9197 -0.1417 0.3592 0.0709
0.7545 -0.2084 -0.556 -0.2796 0.6785 -0.2753 -0.6344 -0.2476 0.6806 -0.1514 -0.6021 -0.389 0.8158 0.0225 -0.5753 -0.0549 0.61 -0.3016 -0.4996 0.5359 0.6854 0.2879 -0.6539 0.1409 0.8959 0.1384 0.4161 0.0717 0.6071 0.2104 -0.7423 0.1903 0.5928 0.2011 -0.7272 0.2817 0.9197 -0.1417 0.3592 0.0709
0.735 -0.1881 -0.5624 -0.3289 0.6785 -0.2753 -0.6344 -0.2476 0.6806 -0.1514 -0.6021 -0.389 0.8158 0.0225 -0.5753 -0.0549 0.61 -0.3016 -0.4996 0.5359 0.6854 0.2879 -0.6539 0.1409 0.8959 0.1384 0.4161 0.0717 0.6071 0.2104 -0.7423 0.1903 0.5815 0.1769 -0.7181 0.3389 0.8956 -0.1699 0.4048 0.0721
0.735 -0.1881 -0.5624 -0.3289 0.705 -0.2373 -0.5788 -0.3342 0.6806 -0.1514 -0.6021 -0.389 0.8158 0.0225 -0.5753 -0.0549 0.61 -0.3016 -0.4996 0.5359 0.6854 0.2879 -0.6539 0.1409 0.8959 0.1384 0.4161 0.0717 0.5735 0.2197 -0.7479 0.2521 0.5815 0.1769 -0.7181 0.3389 0.8956 -0.1699 0.4048 0.0721
0.735 -0.1881 -0.5624 -0.3289 0.705 -0.2373 -0.5788 -0.3342 0.6806 -0.1514 -0.6021 -0.389 0.8158 0.0225 -0.5753 -0.0549 0.61 -0.3016 -0.4996 0.5359 0.6854 0.2879 -0.6539 0.1409 0.8959 0.1384 0.4161 0.0717 0.5735 0.2197 -0.7479 0.2521 0.5815 0.1769 -0.7181 0.3389 0.8956 -0.1699 0.4048 0.0721
0.735 -0.1881 -0.5624 -0.3289 0.705 -0.2373 -0.5788 -0.3342 0.6576 -0.1585 -0.6227 -0.3932 0.8158 0.0225 -0.5753 -0.0549 0.61 -0.3016 -0.4996 0.5359 0.6854 0.2879 -0.6539 0.1409 0.8959 0.1384 0.4161 0.0717 0.5735 0.2197 -0.7479 0.2521 0.5815 0.1769 -0.7181 0.3389 0.8956 -0.1699 0.4048 0.0721
0.735 -0.1881 -0.5624 -0.3289 0.705 -0.2373 -0.5788 -0.3342 0.6576 -0.1585 -0.6227 -0.3932 0.8158 0.0225 -0.5753 -0.0549 0.61 -0.3016 -0.4996 0.5359 0.6854 0.2879 -0.6539 0.1409 0.8959 0.1384 0.4161 0.0717 0.5735 0.2197 -0.7479 0.2521 0.5815 0.1769 -0.7181 0.3389 0.8956 -0.1699 0.4048 0.0721
0.735 -0.1881 -0.5624 -0.3289 0.705 -0.2373 -0.5788 -0.3342 0.6576 -0.1585 -0.6227 -0.3932 0.8158 0.0225 -0.5753 -0.0549 0.6056 -0.2387 -0.5657 0.5063 0.5957 0.0875 -0.7556 0.2582 0.9521 0.2307 0.1783 0.0923 0.5735 0.2197 -0.7479 0.2521 0.5815 0.1769 -0.7181 0.3389 0.8956 -0.1699 0.4048 0.0721
0.735 -0.1881 -0.5624 -0.3289 0.705 -0.2373 -0.5788 -0.3342 0.6576 -0.1585 -0.6227 -0.3932 0.8158 0.0225 -0.5753 -0.0549 0.6056 -0.2387 -0.5657 0.5063 0.5957 0.0875 -0.7556 0.2582 0.9521 0.2307 0.1783 0.0923 0.5735 0.2197 -0.7479 0.2521 0.5815 0.1769 -0.7181 0.3389 0.8956 -0.1699 0.4048 0.0721
0.735 -0.1881 -0.5624 -0.3289 0.705 -0.2373 -0.5788 -0.3342 0.6576 -0.1585 -0.6227 -0.3932 0.8158 0.0225 -0.5753 -0.0549 0.6056 -0.2387 -0.5657 0.5063 0.5957 0.0875 -0.7556 0.2582 0.9521 0.2307 0.1783 0.0923 0.5735 0.2197 -0.7479 0.2521 0.5815 0.1769 -0.7181 0.3389 0.8956 -0.1699 0.4048 0.0721
0.7325 -0.168 -0.5425 -0.3752 0.714 -0.233 -0.5721 -0.3295 0.6576 -0.1585 -0.6227 -0.3932 0.775 0.1208 -0.5707 -0.243 0.6056 -0.2387 -0.5657 0.5063 0.5957 0.0875 -0.7556 0.2582 0.9521 0.2307 0.1783 0.0923 0.5374 0.2274 -0.7539 0.302 0.5564 0.0825 -0.7397 0.3694 0.8874 -0.1196 0.4307 0.1128
0.7325 -0.168 -0.5425 -0.3752 0.714 -0.233 -0.5721 -0.3295 0.6576 -0.1585 -0.6227 -0.3932 0.775 0.1208 -0.5707 -0.243 0.6056 -0.2387 -0.5657 0.5063 0.5957 0.0875 -0.7556 0.2582 0.9521 0.2307 0.1783 0.0923 0.5374 0.2274 -0.7539 0.302 0.5564 0.0825 -0.7397 0.3694 0.8874 -0.1196 0.4307 0.1128
0.7325 -0.168 -0.5425 -0.3752 0.714 -0.233 -0.5721 -0.3295 0.6487 -0.1659 -0.6212 -0.4071 0.775 0.1208 -0.5707 -0.243 0.6056 -0.2387 -0.5657 0.5063 0.5957 0.0875 -0.7556 0.2582 0.9521 0.2307 0.1783 0.0923 0.5374 0.2274 -0.7539 0.302 0.5564 0.0825 -0.7397 0.3694 0.8874 -0.1196 0.4307 0.1128
0.7325 -0.168 -0.5425 -0.3752 0.714 -0.233 -0.5721 -0.3295 0.6487 -0.1659 -0.6212 -0.4071 0.775 0.1208 -0.5707 -0.243 0.6056 -0.2387 -0.5657 0.5063 0.5957 0.0875 -0.7556 0.2582 0.9521 0.2307 0.1783 0.0923 0.5374 0.2274 -0.7539 0.302 0.5564 0.0825 -0.7397 0.3694 0.8874 -0.1196 0.4307 0.1128
0.7184 -0.1837 -0.5144 -0.4308 0.714 -0.233 -0.5721 -0.3295 0.6487 -0.1659 -0.6212 -0.4071 0.775 0.1208 -0.5707 -0.243 0.6462 -0.0482 -0.6375 0.4169 0.5699 0.0254 -0.7473 0.3407 0.9688 0.2094 0.0496 0.1232 0.5374 0.2274 -0.7539 0.302 0.5564 0.0825 -0.7397 0.3694 0.8874 -0.1196 0.4307 0.1128
0.7184 -0.1837 -0.5144 -0.4308 0.714 -0.233 -0.5721 -0.3295 0.6487 -0.1659 -0.6212 -0.4071 0.775 0.1208 -0.5707 -0.243 0.6462 -0.0482 -0.6375 0.4169 0.5699 0.0254 -0.7473 0.3407 0.9688 0.2094 0.0496 0.1232 0.5374 0.2274 -0.7539 0.302 0.5564 0.0825 -0.7397 0.3694 0.8874 -0.1196 0.4307 0.1128
0.7184 -0.1837 -0.5144 -0.4308 0.714 -0.233 -0.5721 -0.3295 0.6487 -0.1659 -0.6212 -0.4071 0.775 0.1208 -0.5707 -0.243 0.6462 -0.0482 -0.6375 0.4169 0.5699 0.0254 -0.7473 0.3407 0.9688 0.2094 0.0496 0.1232 0.5374 0.2274 -0.7539 0.302 0.5564 0.0825 -0.7397 0.3694 0.8526 -0.1254 0.489 0.1353
0.7184 -0.1837 -0.5144 -0.4308 0.714 -0.233 -0.5721 -0.3295 0.6487 -0.1659 -0.6212 -0.4071 0.775 0.1208 -0.5707 -0.243 0.6462 -0.0482 -0.6375 0.4169 0.5699 0.0254 -0.7473 0.3407 0.9688 0.2094 0.0496 0.1232 0.5374 0.2274 -0.7539 0.302 0.5564 0.0825 -0.7397 0.3694 0.8526 -0.1254 0.489 0.1353
0.7184 -0.1837 -0.5144 -0.4308 0.7076 -0.2629 -0.5507 -0.3563 0.6487 -0.1659 -0.6212 -0.4071 0.775 0.1208 -0.5707 -0.243 0.6462 -0.0482 -0.6375 0.4169 0.5699 0.0254 -0.7473 0.3407 0.9688 0.2094 0.0496 0.1232 0.4886 0.2098 -0.7529 0.3878 0.5564 0.0825 -0.7397 0.3694 0.8526 -0.1254 0.489 0.1353
0.7184 -0.1837 -0.5144 -0.4308 0.7076 -0.2629 -0.5507 -0.3563 0.6873 -0.1151 -0.637 -0.3298 0.775 0.1208 -0.5707 -0.243 0.6462 -0.0482 -0.6375 0.4169 0.5699 0.0254 -0.7473 0.3407 0.9688 0.2094 0.0496 0.1232 0.4886 0.2098 -0.7529 0.3878 0.5564 0.0825 -0.7397 0.3694 0.8526 -0.1254 0.489 0.1353
0.7184 -0.1837 -0.5144 -0.4308 0.7076 -0.2629 -0.5507 -0.3563 0.6873 -0.1151 -0.637 -0.3298 0.775 0.1208 -0.5707 -0.243 0.6462 -0.0482 -0.6375 0.4169 0.5699 0.0254 -0.7473 0.3407 0.9526 0.1984 0.2222 0.0619 0.4886 0.2098 -0.7529 0.3878 0.5564 0.0825 -0.7397 0.3694 0.8526 -0.1254 0.489 0.1353
0.7184 -0.1837 -0.5144 -0.4308 0.7076 -0.2629 -0.5507 -0.3563 0.6873 -0.1151 -0.637 -0.3298 0.775 0.1208 -0.5707 -0.243 0.6462 -0.0482 -0.6375 0.4169 0.6003 0.0927 -0.7335 0.3052 0.9526 0.1984 0.2222 0.0619 0.4886 0.2098 -0.7529 0.3878 0.5564 0.0825 -0.7397 0.3694 0.8526 -0.1254 0.489 0.1353
0.7184 -0.1837 -0.5144 -0.4308 0.7076 -0.2629 -0.5507 -0.3563 0.6873 -0.1151 -0.637 -0.3298 0.775 0.1208 -0.5707 -0.243 0.6462 -0.0482 -0.6375 0.4169 0.6003 0.0927 -0.7335 0.3052 0.9526 0.1984 0.2222 0.0619 0.4886 0.2098 -0.7529 0.3878 0.5564 0.0825 -0.7397 0.3694 0.8526 -0.1254 0.489 0.1353
0.7348 -0.2161 -0.5403 -0.3484 0.7001 -0.2791 -0.545 -0.3674 0.6873 -0.1151 -0.637 -0.3298 0.775 0.1208 -0.5707 -0.243 0.6462 -0.0482 -0.6375 0.4169 0.6003 0.0927 -0.7335 0.3052 0.9526 0.1984 0.2222 0.0619 0.4886 0.2098 -0.7529 0.3878 0.4893 0.0339 -0.6204 0.612 0.6075 -0.2189 0.7606 0.0665
0.7348 -0.2161 -0.5403 -0.3484 0.7001 -0.2791 -0.545 -0.3674 0.6873 -0.1151 -0.637 -0.3298 0.775 0.1208 -0.5707 -0.243 0.6462 -0.0482 -0.6375 0.4169 0.6003 0.0927 -0.7335 0.3052 0.9526 0.1984 0.2222 0.0619 0.5358 0.1982 -0.7087 0.4141 0.4893 0.0339 -0.6204 0.612 0.6075 -0.2189 0.7606 0.0665
0.7348 -0.2161 -0.5403 -0.3484 0.7001 -0.2791 -0.545 -0.3674 0.6873 -0.1151 -0.637 -0.3298 0.775 0.1208 -0.5707 -0.243 0.6462 -0.0482 -0.6375 0.4169 0.6003 0.0927 -0.7335 0.3052 0.9526 0.1984 0.2222 0.0619 0.5358 0.1982 -0.7087 0.4141 0.4893 0.0339 -0.6204 0.612 0.6075 -0.2189 0.7606 0.0665
0.7348 -0.2161 -0.5403 -0.3484 0.7001 -0.2791 -0.545 -0.3674 0.7174 -0.1334 -0.6165 -0.2957 0.775 0.1208 -0.5707 -0.243 0.6462 -0.0482 -0.6375 0.4169 0.6003 0.0927 -0.7335 0.3052 0.9526 0.1984 0.2222 0.0619 0.5358 0.1982 -0.7087 0.4141 0.4893 0.0339 -0.6204 0.612 0.6075 -0.2189 0.7606 0.0665
0.7348 -0.2161 -0.5403 -0.3484 0.7001 -0.2791 -0.545 -0.3674 0.7174 -0.1334 -0.6165 -0.2957 0.775 0.1208 -0.5707 -0.243 0.6462 -0.0482 -0.6375 0.4169 0.6003 0.0927 -0.7335 0.3052 0.9526 0.1984 0.2222 0.0619 0.5358 0.1982 -0.7087 0.4141 0.4893 0.0339 -0.6204 0.612 0.6075 -0.2189 0.7606 0.0665
0.7348 -0.2161 -0.5403 -0.3484 0.7001 -0.2791 -0.545 -0.3674 0.7174 -0.1334 -0.6165 -0.2957 0.775 0.1208 -0.5707 -0.243 0.6031 0.0825 -0.7431 0.2778 0.6255 0.1964 -0.7047 0.2714 0.933 0.1503 0.3217 0.0591 0.5358 0.1982 -0.7087 0.4141 0.4893 0.0339 -0.6204 0.612 0.6075 -0.2189 0.7606 0.0665
0.7609 -0.1899 -0.5633 -0.2601 0.7001 -0.2791 -0.545 -0.3674 0.7174 -0.1334 -0.6165 -0.2957 0.775 0.1208 -0.5707 -0.243 0.6031 0.0825 -0.7431 0.2778 0.6255 0.1964 -0.7047 0.2714 0.933 0.1503 0.3217 0.0591 0.5358 0.1982 -0.7087 0.4141 0.4893 0.0339 -0.6204 0.612 0.6075 -0.2189 0.7606 0.0665
0.7609 -0.1899 -0.5633 -0.2601 0.6706 -0.3016 -0.6486 -0.1968 0.7174 -0.1334 -0.6165 -0.2957 0.775 0.1208 -0.5707 -0.243 0.6031 0.0825 -0.7431 0.2778 0.6255 0.1964 -0.7047 0.2714 0.933 0.1503 0.3217 0.0591 0.5358 0.1982 -0.7087 0.4141 0.4893 0.0339 -0.6204 0.612 0.2678 -0.0919 0.9402 0.1892
0.7609 -0.1899 -0.5633 -0.2601 0.6706 -0.3016 -0.6486 -0.1968 0.7174 -0.1334 -0.6165 -0.2957 0.775 0.1208 -0.5707 -0.243 0.6031 0.0825 -0.7431 0.2778 0.6255 0.1964 -0.7047 0.2714 0.933 0.1503 0.3217 0.0591 0.7043 0.2173 -0.6413 0.2134 0.4893 0.0339 -0.6204 0.612 0.2678 -0.0919 0.9402 0.1892
0.7609 -0.1899 -0.5633 -0.2601 0.6706 -0.3016 -0.6486 -0.1968 0.7174 -0.1334 -0.6165 -0.2957 0.775 0.1208 -0.5707 -0.243 0.6031 0.0825 -0.7431 0.2778 0.6255 0.1964 -0.7047 0.2714 0.933 0.1503 0.3217 0.0591 0.7043 0.2173 -0.6413 0.2134 0.4893 0.0339 -0.6204 0.612 0.2678 -0.0919 0.9402 0.1892
0.7609 -0.1899 -0.5633 -0.2601 0.6706 -0.3016 -0.6486 -0.1968 0.7569 -0.11 -0.601 -0.2321 0.775 0.1208 -0.5707 -0.243 0.6031 0.0825 -0.7431 0.2778 0.6255 0.1964 -0.7047 0.2714 0.933 0.1503 0.3217 0.0591 0.7043 0.2173 -0.6413 0.2134 0.4893 0.0339 -0.6204 0.612 0.2678 -0.0919 0.9402 0.1892
0.7609 -0.1899 -0.5633 -0.2601 0.6706 -0.3016 -0.6486 -0.1968 0.7569 -0.11 -0.601 -0.2321 0.775 0.1208 -0.5707 -0.243 0.5974 0.144 -0.7601 0.2113 0.6297 0.2647 -0.6851 0.2531 0.9356 0.1049 0.3359 0.0297 0.7043 0.2173 -0.6413 0.2134 0.4893 0.0339 -0.6204 0.612 0.2678 -0.0919 0.9402 0.1892
0.7609 -0.1899 -0.5633 -0.2601 0.6706 -0.3016 -0.6486 -0.1968 0.7569 -0.11 -0.601 -0.2321 0.775 0.1208 -0.5707 -0.243 0.5974 0.144 -0.7601 0.2113 0.6297 0.2647 -0.6851 0.2531 0.9356 0.1049 0.3359 0.0297 0.7043 0.2173 -0.6413 0.2134 0.4893 0.0339 -0.6204 0.612 0.2678 -0.0919 0.9402 0.1892
0.7609 -0.1899 -0.5633 -0.2601 0.6706 -0.3016 -0.6486 -0.1968 0.7569 -0.11 -0.601 -0.2321 0.775 0.1208 -0.5707 -0.243 0.5974 0.144 -0.7601 0.2113 0.6297 0.2647 -0.6851 0.2531 0.9356 0.1049 0.3359 0.0297 0.7043 0.2173 -0.6413 0.2134 0.4893 0.0339 -0.6204 0.612 0.2678 -0.0919 0.9402 0.1892
0.7609 -0.1899 -0.5633 -0.2601 0.6706 -0.3016 -0.6486 -0.1968 0.7569 -0.11 -0.601 -0.2321 0.775 0.1208 -0.5707 -0.243 0.5974 0.144 -0.7601 0.2113 0.6297 0.2647 -0.6851 0.2531 0.9356 0.1049 0.3359 0.0297 0.7043 0.2173 -0.6413 0.2134 0.4893 0.0339 -0.6204 0.612 0.2678 -0.0919 0.9402 0.1892
0.7852 -0.1852 -0.5569 -0.1976 0.6115 -0.3503 -0.7079 -0.0469 0.7569 -0.11 -0.601 -0.2321 0.8078 0.0331 -0.5828 0.0817 0.5974 0.144 -0.7601 0.2113 0.6297 0.2647 -0.6851 0.2531 0.9356 0.1049 0.3359 0.0297 0.7043 0.2173 -0.6413 0.2134 0.4893 0.0339 -0.6204 0.612 0.3837 -0.0109 0.9053 0.1818
0.7852 -0.1852 -0.5569 -0.1976 0.6115 -0.3503 -0.7079 -0.0469 0.7569 -0.11 -0.601 -0.2321 0.8078 0.0331 -0.5828 0.0817 0.5974 0.144 -0.7601 0.2113 0.6297 0.2647 -0.6851 0.2531 0.9356 0.1049 0.3359 0.0297 0.794 0.295 -0.5287 0.0546 0.4893 0.0339 -0.6204 0.612 0.3837 -0.0109 0.9053 0.1818
0.7852 -0.1852 -0.5569 -0.1976 0.6115 -0.3503 -0.7079 -0.0469 0.772 -0.0929 -0.5972 -0.1968 0.8078 0.0331 -0.5828 0.0817 0.5974 0.144 -0.7601 0.2113 0.6297 0.2647 -0.6851 0.2531 0.9313 0.0945 0.3514 0.0168 0.794 0.295 -0.5287 0.0546 0.4893 0.0339 -0.6204 0.612 0.3837 -0.0109 0.9053 0.1818
0.7852 -0.1852 -0.5569 -0.1976 0.6115 -0.3503 -0.7079 -0.0469 0.772 -0.0929 -0.5972 -0.1968 0.8078 0.0331 -0.5828 0.0817 0.5974 0.144 -0.7601 0.2113 0.6487 0.2885 -0.6732 0.207 0.9313 0.0945 0.3514 0.0168 0.794 0.295 -0.5287 0.0546 0.4893 0.0339 -0.6204 0.612 0.3837 -0.0109 0.9053 0.1818
0.7852 -0.1852 -0.5569 -0.1976 0.6115 -0.3503 -0.7079 -0.0469 0.772 -0.0929 -0.5972 -0.1968 0.8078 0.0331 -0.5828 0.0817 0.5974 0.144 -0.7601 0.2113 0.6487 0.2885 -0.6732 0.207 0.9313 0.0945 0.3514 0.0168 0.794 0.295 -0.5287 0.0546 0.4893 0.0339 -0.6204 0.612 0.3837 -0.0109 0.9053 0.1818
0.7852 -0.1852 -0.5569 -0.1976 0.6115 -0.3503 -0.7079 -0.0469 0.772 -0.0929 -0.5972 -0.1968 0.8078 0.0331 -0.5828 0.0817 0.5974 0.144 -0.7601 0.2113 0.6487 0.2885 -0.6732 0.207 0.9313 0.0945 0.3514 0.0168 0.794 0.295 -0.5287 0.0546 0.4893 0.0339 -0.6204 0.612 0.3837 -0.0109 0.9053 0.1818
0.7867 -0.1657 -0.5754 -0.1503 0.6115 -0.3503 -0.7079 -0.0469 0.772 -0.0929 -0.5972 -0.1968 0.8044 0.0244 -0.578 0.135 0.5974 0.144 -0.7601 0.2113 0.6487 0.2885 -0.6732 0.207 0.9313 0.0945 0.3514 0.0168 0.794 0.295 -0.5287 0.0546 0.4893 0.0339 -0.6204 0.612 0.8201 -0.1067 0.5503 0.1151
0.7867 -0.1657 -0.5754 -0.1503 0.6115 -0.3503 -0.7079 -0.0469 0.772 -0.0929 -0.5972 -0.1968 0.8044 0.0244 -0.578 0.135 0.5974 0.144 -0.7601 0.2113 0.6487 0.2885 -0.6732 0.207 0.9313 0.0945 0.3514 0.0168 0.8019 0.2653 -0.5353 -0.0106 0.4893 0.0339 -0.6204 0.612 0.8201 -0.1067 0.5503 0.1151
0.7867 -0.1657 -0.5754 -0.1503 0.6115 -0.3503 -0.7079 -0.0469 0.772 -0.0929 -0.5972 -0.1968 0.8044 0.0244 -0.578 0.135 0.5974 0.144 -0.7601 0.2113 0.6487 0.2885 -0.6732 0.207 0.9313 0.0945 0.3514 0.0168 0.8019 0.2653 -0.5353 -0.0106 0.4893 0.0339 -0.6204 0.612 0.8201 -0.1067 0.5503 0.1151
0.7867 -0.1657 -0.5754 -0.1503 0.6115 -0.3503 -0.7079 -0.0469 0.7779 -0.0983 -0.5932 -0.1826 0.8044 0.0244 -0.578 0.135 0.5974 0.144 -0.7601 0.2113 0.6487 0.2885 -0.6732 0.207 0.9313 0.0945 0.3514 0.0168 0.8019 0.2653 -0.5353 -0.0106 0.4893 0.0339 -0.6204 0.612 0.8201 -0.1067 0.5503 0.1151
0.7867 -0.1657 -0.5754 -0.1503 0.6115 -0.3503 -0.7079 -0.0469 0.7779 -0.0983 -0.5932 -0.1826 0.8044 0.0244 -0.578 0.135 0.6116 0.2173 -0.7596 0.0427 0.6886 0.2946 -0.6525 0.1153 0.9092 0.0942 0.4052 -0.0178 0.8019 0.2653 -0.5353 -0.0106 0.4893 0.0339 -0.6204 0.612 0.8201 -0.1067 0.5503 0.1151
0.7867 -0.1657 -0.5754 -0.1503 0.6115 -0.3503 -0.7079 -0.0469 0.7779 -0.0983 -0.5932 -0.1826 0.8044 0.0244 -0.578 0.135 0.6116 0.2173 -0.7596 0.0427 0.6886 0.2946 -0.6525 0.1153 0.9092 0.0942 0.4052 -0.0178 0.8019 0.2653 -0.5353 -0.0106 0.4893 0.0339 -0.6204 0.612 0.8201 -0.1067 0.5503 0.1151
0.7867 -0.1657 -0.5754 -0.1503 0.6115 -0.3503 -0.7079 -0.0469 0.7779 -0.0983 -0.5932 -0.1826 0.8044 0.0244 -0.578 0.135 0.6116 0.2173 -0.7596 0.0427 0.6886 0.2946 -0.6525 0.1153 0.9092 0.0942 0.4052 -0.0178 0.8019 0.2653 -0.5353 -0.0106 0.4893 0.0339 -0.6204 0.612 0.8201 -0.1067 0.5503 0.1151
0.7867 -0.1657 -0.5754 -0.1503 0.562 -0.3141 -0.7643 0.0374 0.7779 -0.0983 -0.5932 -0.1826 0.8044 0.0244 -0.578 0.135 0.6116 0.2173 -0.7596 0.0427 0.6886 0.2946 -0.6525 0.1153 0.9092 0.0942 0.4052 -0.0178 0.8019 0.2653 -0.5353 -0.0106 0.4893 0.0339 -0.6204 0.612 0.8201 -0.1067 0.5503 0.1151
0.7867 -0.1657 -0.5754 -0.1503 0.562 -0.3141 -0.7643 0.0374 0.7779 -0.0983 -0.5932 -0.1826 0.8044 0.0244 -0.578 0.135 0.6116 0.2173 -0.7596 0.0427 0.6886 0.2946 -0.6525 0.1153 0.9092 0.0942 0.4052 -0.0178 0.7334 0.2365 -0.6336 0.0687 0.4893 0.0339 -0.6204 0.612 0.8201 -0.1067 0.5503 0.1151
0.7867 -0.1657 -0.5754 -0.1503 0.562 -0.3141 -0.7643 0.0374 0.7779 -0.0983 -0.5932 -0.1826 0.8044 0.0244 -0.578 0.135 0.6116 0.2173 -0.7596 0.0427 0.6886 0.2946 -0.6525 0.1153 0.9092 0.0942 0.4052 -0.0178 0.7334 0.2365 -0.6336 0.0687 0.4893 0.0339 -0.6204 0.612 0.8201 -0.1067 0.5503 0.1151
0.7867 -0.1657 -0.5754 -0.1503 0.562 -0.3141 -0.7643 0.0374 0.7779 -0.0983 -0.5932 -0.1826 0.8044 0.0244 -0.578 0.135 0.6116 0.2173 -0.7596 0.0427 0.6886 0.2946 -0.6525 0.1153 0.9092 0.0942 0.4052 -0.0178 0.7334 0.2365 -0.6336 0.0687 0.4893 0.0339 -0.6204 0.612 0.8201 -0.1067 0.5503 0.1151
0.7867 -0.1657 -0.5754 -0.1503 0.562 -0.3141 -0.7643 0.0374 0.7792 -0.0858 -0.5982 -0.1661 0.8044 0.0244 -0.578 0.135 0.6116 0.2173 -0.7596 0.0427 0.739 0.3572 -0.5708 -0.0209 0.7975 0.0532 0.5979 -0.0605 0.7334 0.2365 -0.6336 0.0687 0.4893 0.0339 -0.6204 0.612 0.8201 -0.1067 0.5503 0.1151
0.7867 -0.1657 -0.5754 -0.1503 0.562 -0.3141 -0.7643 0.0374 0.7792 -0.0858 -0.5982 -0.1661 0.8044 0.0244 -0.578 0.135 0.6116 0.2173 -0.7596 0.0427 0.739 0.3572 -0.5708 -0.0209 0.7975 0.0532 0.5979 -0.0605 0.7334 0.2365 -0.6336 0.0687 0.4893 0.0339 -0.6204 0.612 0.8201 -0.1067 0.5503 0.1151
0.7867 -0.1657 -0.5754 -0.1503 0.562 -0.3141 -0.7643 0.0374 0.7792 -0.0858 -0.5982 -0.1661 0.8044 0.0244 -0.578 0.135 0.6116 0.2173 -0.7596 0.0427 0.739 0.3572 -0.5708 -0.0209 0.7975 0.0532 0.5979 -0.0605 0.7334 0.2365 -0.6336 0.0687 0.4893 0.0339 -0.6204 0.612 0.8201 -0.1067 0.5503 0.1151
0.7701 -0.239 -0.5566 -0.2 0.562 -0.3141 -0.7643 0.0374 0.7792 -0.0858 -0.5982 -0.1661 0.7844 0.0213 -0.5983 0.1622 0.6116 0.2173 -0.7596 0.0427 0.739 0.3572 -0.5708 -0.0209 0.7975 0.0532 0.5979 -0.0605 0.7334 0.2365 -0.6336 0.0687 0.4893 0.0339 -0.6204 0.612 0.9552 -0.1215 0.2645 0.0535
0.7701 -0.239 -0.5566 -0.2 0.562 -0.3141 -0.7643 0.0374 0.7792 -0.0858 -0.5982 -0.1661 0.7844 0.0213 -0.5983 0.1622 0.6116 0.2173 -0.7596 0.0427 0.739 0.3572 -0.5708 -0.0209 0.7975 0.0532 0.5979 -0.0605 0.7267 0.2385 -0.6423 0.0495 0.655 0.1819 -0.7185 0.1472 0.9552 -0.1215 0.2645 0.0535
0.7701 -0.239 -0.5566 -0.2 0.562 -0.3141 -0.7643 0.0374 0.7792 -0.0858 -0.5982 -0.1661 0.7844 0.0213 -0.5983 0.1622 0.6116 0.2173 -0.7596 0.0427 0.739 0.3572 -0.5708 -0.0209 0.7975 0.0532 0.5979 -0.0605 0.7267 0.2385 -0.6423 0.0495 0.655 0.1819 -0.7185 0.1472 0.9552 -0.1215 0.2645 0.0535
0.7701 -0.239 -0.5566 -0.2 0.562 -0.3141 -0.7643 0.0374 0.725 -0.095 -0.6372 -0.2436 0.7844 0.0213 -0.5983 0.1622 0.6116 0.2173 -0.7596 0.0427 0.739 0.3572 -0.5708 -0.0209 0.7975 0.0532 0.5979 -0.0605 0.7267 0.2385 -0.6423 0.0495 0.655 0.1819 -0.7185 0.1472 0.9552 -0.1215 0.2645 0.0535
0.7701 -0.239 -0.5566 -0.2 0.562 -0.3141 -0.7643 0.0374 0.725 -0.095 -0.6372 -0.2436 0.7844 0.0213 -0.5983 0.1622 0.6989 0.0829 -0.706 0.0786 0.7727 0.3657 -0.4985 -0.1439 0.5025 0.0627 0.8337 -0.22 0.7267 0.2385 -0.6423 0.0495 0.655 0.1819 -0.7185 0.1472 0.9552 -0.1215 0.2645 0.0535
0.7701 -0.239 -0.5566 -0.2 0.562 -0.3141 -0.7643 0.0374 0.725 -0.095 -0.6372 -0.2436 0.7844 0.0213 -0.5983 0.1622 0.6989 0.0829 -0.706 0.0786 0.7727 0.3657 -0.4985 -0.1439 0.5025 0.0627 0.8337 -0.22 0.7267 0.2385 -0.6423 0.0495 0.655 0.1819 -0.7185 0.1472 0.9552 -0.1215 0.2645 0.0535
0.7701 -0.239 -0.5566 -0.2 0.562 -0.3141 -0.7643 0.0374 0.725 -0.095 -0.6372 -0.2436 0.7844 0.0213 -0.5983 0.1622 0.6989 0.0829 -0.706 0.0786 0.7727 0.3657 -0.4985 -0.1439 0.5025 0.0627 0.8337 -0.22 0.7267 0.2385 -0.6423 0.0495 0.655 0.1819 -0.7185 0.1472 0.9552 -0.1215 0.2645 0.0535
0.7603 -0.2453 -0.5621 -0.2139 0.6514 -0.3254 -0.6496 -0.2185 0.725 -0.095 -0.6372 -0.2436 0.8007 0.0033 -0.5984 0.0253 0.6989 0.0829 -0.706 0.0786 0.7727 0.3657 -0.4985 -0.1439 0.5025 0.0627 0.8337 -0.22 0.7267 0.2385 -0.6423 0.0495 0.6269 0.1157 -0.741 0.2112 0.931 -0.1147 0.343 0.0492
0.7603 -0.2453 -0.5621 -0.2139 0.6514 -0.3254 -0.6496 -0.2185 0.725 -0.095 -0.6372 -0.2436 0.8007 0.0033 -0.5984 0.0253 0.6989 0.0829 -0.706 0.0786 0.7727 0.3657 -0.4985 -0.1439 0.5025 0.0627 0.8337 -0.22 0.6652 0.2198 -0.7035 0.1193 0.6269 0.1157 -0.741 0.2112 0.931 -0.1147 0.343 0.0492
0.7603 -0.2453 -0.5621 -0.2139 0.6514 -0.3254 -0.6496 -0.2185 0.725 -0.095 -0.6372 -0.2436 0.8007 0.0033 -0.5984 0.0253 0.6989 0.0829 -0.706 0.0786 0.7727 0.3657 -0.4985 -0.1439 0.5025 0.0627 0.8337 -0.22 0.6652 0.2198 -0.7035 0.1193 0.6269 0.1157 -0.741 0.2112 0.931 -0.1147 0.343 0.0492
0.7603 -0.2453 -0.5621 -0.2139 0.6514 -0.3254 -0.6496 -0.2185 0.6694 -0.1389 -0.6395 -0.3518 0.8007 0.0033 -0.5984 0.0253 0.6989 0.0829 -0.706 0.0786 0.7727 0.3657 -0.4985 -0.1439 0.7657 0.0945 0.6292 -0.0944 0.6652 0.2198 -0.7035 0.1193 0.6269 0.1157 -0.741 0.2112 0.931 -0.1147 0.343 0.0492
0.7603 -0.2453 -0.5621 -0.2139 0.6514 -0.3254 -0.6496 -0.2185 0.6694 -0.1389 -0.6395 -0.3518 0.8007 0.0033 -0.5984 0.0253 0.6989 0.0829 -0.706 0.0786 0.7727 0.3657 -0.4985 -0.1439 0.7657 0.0945 0.6292 -0.0944 0.6652 0.2198 -0.7035 0.1193 0.6269 0.1157 -0.741 0.2112 0.931 -0.1147 0.343 0.0492
0.7603 -0.2453 -0.5621 -0.2139 0.6514 -0.3254 -0.6496 -0.2185 0.6694 -0.1389 -0.6395 -0.3518 0.8007 0.0033 -0.5984 0.0253 0.6891 -0.0107 -0.6839 0.2394 0.7632 0.311 -0.5658 -0.0256 0.7657 0.0945 0.6292 -0.0944 0.6652 0.2198 -0.7035 0.1193 0.6269 0.1157 -0.741 0.2112 0.931 -0.1147 0.343 0.0492
0.7603 -0.2453 -0.5621 -0.2139 0.6514 -0.3254 -0.6496 -0.2185 0.6694 -0.1389 -0.6395 -0.3518 0.8007 0.0033 -0.5984 0.0253 0.6891 -0.0107 -0.6839 0.2394 0.7632 0.311 -0.5658 -0.0256 0.7657 0.0945 0.6292 -0.0944 0.6652 0.2198 -0.7035 0.1193 0.6269 0.1157 -0.741 0.2112 0.931 -0.1147 0.343 0.0492
0.7603 -0.2453 -0.5621 -0.2139 0.6611 -0.3277 -0.6018 -0.3058 0.6694 -0.1389 -0.6395 -0.3518 0.8007 0.0033 -0.5984 0.0253 0.6891 -0.0107 -0.6839 0.2394 0.7632 0.311 -0.5658 -0.0256 0.7657 0.0945 0.6292 -0.0944 0.6652 0.2198 -0.7035 0.1193 0.6269 0.1157 -0.741 0.2112 0.931 -0.1147 0.343 0.0492
0.7603 -0.2453 -0.5621 -0.2139 0.6611 -0.3277 -0.6018 -0.3058 0.6694 -0.1389 -0.6395 -0.3518 0.8007 0.0033 -0.5984 0.0253 0.6891 -0.0107 -0.6839 0.2394 0.7632 0.311 -0.5658 -0.0256 0.7657 0.0945 0.6292 -0.0944 0.5998 0.1938 -0.7492 0.2034 0.6269 0.1157 -0.741 0.2112 0.931 -0.1147 0.343 0.0492
0.7603 -0.2453 -0.5621 -0.2139 0.6611 -0.3277 -0.6018 -0.3058 0.6403 -0.1404 -0.6335 -0.4111 0.8007 0.0033 -0.5984 0.0253 0.6891 -0.0107 -0.6839 0.2394 0.7632 0.311 -0.5658 -0.0256 0.7657 0.0945 0.6292 -0.0944 0.5998 0.1938 -0.7492 0.2034 0.6269 0.1157 -0.741 0.2112 0.931 -0.1147 0.343 0.0492
0.7603 -0.2453 -0.5621 -0.2139 0.6611 -0.3277 -0.6018 -0.3058 0.6403 -0.1404 -0.6335 -0.4111 0.8007 0.0033 -0.5984 0.0253 0.6891 -0.0107 -0.6839 0.2394 0.7632 0.311 -0.5658 -0.0256 0.7657 0.0945 0.6292 -0.0944 0.5998 0.1938 -0.7492 0.2034 0.6269 0.1157 -0.741 0.2112 0.931 -0.1147 0.343 0.0492
0.7603 -0.2453 -0.5621 -0.2139 0.6611 -0.3277 -0.6018 -0.3058 0.6403 -0.1404 -0.6335 -0.4111 0.8007 0.0033 -0.5984 0.0253 0.6615 -0.0032 -0.6956 0.2804 0.6588 0.1398 -0.7064 0.2177 0.9359 0.1923 0.2836 0.0826 0.5998 0.1938 -0.7492 0.2034 0.6269 0.1157 -0.741 0.2112 0.931 -0.1147 0.343 0.0492
0.7603 -0.2453 -0.5621 -0.2139 0.6611 -0.3277 -0.6018 -0.3058 0.6403 -0.1404 -0.6335 -0.4111 0.8007 0.0033 -0.5984 0.0253 0.6615 -0.0032 -0.6956 0.2804 0.6588 0.1398 -0.7064 0.2177 0.9359 0.1923 0.2836 0.0826 0.5998 0.1938 -0.7492 0.2034 0.6269 0.1157 -0.741 0.2112 0.931 -0.1147 0.343 0.0492
0.7603 -0.2453 -0.5621 -0.2139 0.6611 -0.3277 -0.6018 -0.3058 0.6403 -0.1404 -0.6335 -0.4111 0.8007 0.0033 -0.5984 0.0253 0.6615 -0.0032 -0.6956 0.2804 0.6588 0.1398 -0.7064 0.2177 0.9359 0.1923 0.2836 0.0826 0.5998 0.1938 -0.7492 0.2034 0.6269 0.1157 -0.741 0.2112 0.931 -0.1147 0.343 0.0492
0.7119 -0.2277 -0.538 -0.3898 0.674 -0.3121 -0.5746 -0.3438 0.6403 -0.1404 -0.6335 -0.4111 0.7834 0.1387 -0.53 -0.2937 0.6615 -0.0032 -0.6956 0.2804 0.6588 0.1398 -0.7064 0.2177 0.9359 0.1923 0.2836 0.0826 0.5998 0.1938 -0.7492 0.2034 0.5801 0.1079 -0.7318 0.341 0.9102 -0.1071 0.3944 0.0679
0.7119 -0.2277 -0.538 -0.3898 0.674 -0.3121 -0.5746 -0.3438 0.6403 -0.1404 -0.6335 -0.4111 0.7834 0.1387 -0.53 -0.2937 0.6615 -0.0032 -0.6956 0.2804 0.6588 0.1398 -0.7064 0.2177 0.9359 0.1923 0.2836 0.0826 0.5401 0.1967 -0.7628 0.2963 0.5801 0.1079 -0.7318 0.341 0.9102 -0.1071 0.3944 0.0679
0.7119 -0.2277 -0.538 -0.3898 0.674 -0.3121 -0.5746 -0.3438 0.6403 -0.1404 -0.6335 -0.4111 0.7834 0.1387 -0.53 -0.2937 0.6615 -0.0032 -0.6956 0.2804 0.6588 0.1398 -0.7064 0.2177 0.9359 0.1923 0.2836 0.0826 0.5401 0.1967 -0.7628 0.2963 0.5801 0.1079 -0.7318 0.341 0.9102 -0.1071 0.3944 0.0679
0.7119 -0.2277 -0.538 -0.3898 0.674 -0.3121 -0.5746 -0.3438 0.6403 -0.1404 -0.6335 -0.4111 0.7834 0.1387 -0.53 -0.2937 0.6615 -0.0032 -0.6956 0.2804 0.6588 0.1398 -0.7064 0.2177 0.9359 0.1923 0.2836 0.0826 0.5401 0.1967 -0.7628 0.2963 0.5801 0.1079 -0.7318 0.341 0.9102 -0.1071 0.3944 0.0679
0.7119 -0.2277 -0.538 -0.3898 0.674 -0.3121 -0.5746 -0.3438 0.608 -0.1165 -0.6354 -0.4615 0.7834 0.1387 -0.53 -0.2937 0.6615 -0.0032 -0.6956 0.2804 0.5927 0.0294 -0.7557 0.2771 0.9597 0.2448 0.0966 0.0987 0.5401 0.1967 -0.7628 0.2963 0.5801 0.1079 -0.7318 0.341 0.9102 -0.1071 0.3944 0.0679
0.7089 -0.2378 -0.5242 -0.4078 0.674 -0.3121 -0.5746 -0.3438 0.608 -0.1165 -0.6354 -0.4615 0.7834 0.1387 -0.53 -0.2937 0.6615 -0.0032 -0.6956 0.2804 0.5927 0.0294 -0.7557 0.2771 0.9597 0.2448 0.0966 0.0987 0.5401 0.1967 -0.7628 0.2963 0.5801 0.1079 -0.7318 0.341 0.9102 -0.1071 0.3944 0.0679
0.7089 -0.2378 -0.5242 -0.4078 0.674 -0.3121 -0.5746 -0.3438 0.608 -0.1165 -0.6354 -0.4615 0.7834 0.1387 -0.53 -0.2937 0.6615 -0.0032 -0.6956 0.2804 0.5927 0.0294 -0.7557 0.2771 0.9597 0.2448 0.0966 0.0987 0.5401 0.1967 -0.7628 0.2963 0.5801 0.1079 -0.7318 0.341 0.9102 -0.1071 0.3944 0.0679
0.7089 -0.2378 -0.5242 -0.4078 0.675 -0.3178 -0.5493 -0.3762 0.608 -0.1165 -0.6354 -0.4615 0.7742 0.1492 -0.5238 -0.3224 0.6615 -0.0032 -0.6956 0.2804 0.5927 0.0294 -0.7557 0.2771 0.9597 0.2448 0.0966 0.0987 0.5401 0.1967 -0.7628 0.2963 0.5325 0.0072 -0.7277 0.4323 0.9102 -0.1071 0.3944 0.0679
0.7089 -0.2378 -0.5242 -0.4078 0.675 -0.3178 -0.5493 -0.3762 0.608 -0.1165 -0.6354 -0.4615 0.7742 0.1492 -0.5238 -0.3224 0.6615 -0.0032 -0.6956 0.2804 0.5927 0.0294 -0.7557 0.2771 0.9597 0.2448 0.0966 0.0987 0.5483 0.174 -0.7538 0.3177 0.5325 0.0072 -0.7277 0.4323 0.9102 -0.1071 0.3944 0.0679
0.7089 -0.2378 -0.5242 -0.4078 0.675 -0.3178 -0.5493 -0.3762 0.608 -0.1165 -0.6354 -0.4615 0.7742 0.1492 -0.5238 -0.3224 0.6615 -0.0032 -0.6956 0.2804 0.5927 0.0294 -0.7557 0.2771 0.9597 0.2448 0.0966 0.0987 0.5483 0.174 -0.7538 0.3177 0.5325 0.0072 -0.7277 0.4323 0.9102 -0.1071 0.3944 0.0679
0.7089 -0.2378 -0.5242 -0.4078 0.675 -0.3178 -0.5493 -0.3762 0.608 -0.1165 -0.6354 -0.4615 0.7742 0.1492 -0.5238 -0.3224 0.6615 -0.0032 -0.6956 0.2804 0.5927 0.0294 -0.7557 0.2771 0.9597 0.2448 0.0966 0.0987 0.5483 0.174 -0.7538 0.3177 0.5325 0.0072 -0.7277 0.4323 0.9102 -0.1071 0.3944 0.0679
0.7089 -0.2378 -0.5242 -0.4078 0.675 -0.3178 -0.5493 -0.3762 0.608 -0.1165 -0.6354 -0.4615 0.7742 0.1492 -0.5238 -0.3224 0.6615 -0.0032 -0.6956 0.2804 0.5927 0.0294 -0.7557 0.2771 0.9597 0.2448 0.0966 0.0987 0.5483 0.174 -0.7538 0.3177 0.5325 0.0072 -0.7277 0.4323 0.9102 -0.1071 0.3944 0.0679
0.7089 -0.2378 -0.5242 -0.4078 0.675 -0.3178 -0.5493 -0.3762 0.6229 -0.1057 -0.6417 -0.4348 0.7742 0.1492 -0.5238 -0.3224 0.6164 0.0475 -0.7302 0.291 0.627 0.1898 -0.706 0.2692 0.9431 0.168 0.2852 0.0309 0.5483 0.174 -0.7538 0.3177 0.5325 0.0072 -0.7277 0.4323 0.9102 -0.1071 0.3944 0.0679
0.7089 -0.2378 -0.5242 -0.4078 0.675 -0.3178 -0.5493 -0.3762 0.6229 -0.1057 -0.6417 -0.4348 0.7742 0.1492 -0.5238 -0.3224 0.6164 0.0475 -0.7302 0.291 0.627 0.1898 -0.706 0.2692 0.9431 0.168 0.2852 0.0309 0.5483 0.174 -0.7538 0.3177 0.5325 0.0072 -0.7277 0.4323 0.9102 -0.1071 0.3944 0.0679
0.7089 -0.2378 -0.5242 -0.4078 0.675 -0.3178 -0.5493 -0.3762 0.6229 -0.1057 -0.6417 -0.4348 0.7742 0.1492 -0.5238 -0.3224 0.6164 0.0475 -0.7302 0.291 0.627 0.1898 -0.706 0.2692 0.9431 0.168 0.2852 0.0309 0.5483 0.174 -0.7538 0.3177 0.5325 0.0072 -0.7277 0.4323 0.9102 -0.1071 0.3944 0.0679
0.7236 -0.2431 -0.5559 -0.3292 0.6628 -0.3239 -0.5796 -0.3461 0.6229 -0.1057 -0.6417 -0.4348 0.7908 0.0745 -0.5807 -0.1786 0.6164 0.0475 -0.7302 0.291 0.627 0.1898 -0.706 0.2692 0.9431 0.168 0.2852 0.0309 0.6517 0.2291 -0.6668 0.2796 0.4691 -0.0623 -0.6585 0.5851 0.9102 -0.1071 0.3944 0.0679
0.7236 -0.2431 -0.5559 -0.3292 0.6628 -0.3239 -0.5796 -0.3461 0.6446 -0.1069 -0.6578 -0.3747 0.7908 0.0745 -0.5807 -0.1786 0.6164 0.0475 -0.7302 0.291 0.627 0.1898 -0.706 0.2692 0.9431 0.168 0.2852 0.0309 0.6517 0.2291 -0.6668 0.2796 0.4691 -0.0623 -0.6585 0.5851 0.9102 -0.1071 0.3944 0.0679
0.7236 -0.2431 -0.5559 -0.3292 0.6628 -0.3239 -0.5796 -0.3461 0.6446 -0.1069 -0.6578 -0.3747 0.7908 0.0745 -0.5807 -0.1786 0.6164 0.0475 -0.7302 0.291 0.627 0.1898 -0.706 0.2692 0.9431 0.168 0.2852 0.0309 0.6517 0.2291 -0.6668 0.2796 0.4691 -0.0623 -0.6585 0.5851 0.9102 -0.1071 0.3944 0.0679
0.7236 -0.2431 -0.5559 -0.3292 0.6628 -0.3239 -0.5796 -0.3461 0.6446 -0.1069 -0.6578 -0.3747 0.7908 0.0745 -0.5807 -0.1786 0.6105 0.0912 -0.7546 0.2227 0.6495 0.2499 -0.6888 0.203 0.9317 0.1184 0.3434 -0.0026 0.6517 0.2291 -0.6668 0.2796 0.4691 -0.0623 -0.6585 0.5851 0.9102 -0.1071 0.3944 0.0679
0.7236 -0.2431 -0.5559 -0.3292 0.6628 -0.3239 -0.5796 -0.3461 0.6446 -0.1069 -0.6578 -0.3747 0.7908 0.0745 -0.5807 -0.1786 0.6105 0.0912 -0.7546 0.2227 0.6495 0.2499 -0.6888 0.203 0.9317 0.1184 0.3434 -0.0026 0.6517 0.2291 -0.6668 0.2796 0.4691 -0.0623 -0.6585 0.5851 0.9102 -0.1071 0.3944 0.0679
0.7545 -0.1984 -0.5762 -0.2435 0.6628 -0.3239 -0.5796 -0.3461 0.6446 -0.1069 -0.6578 -0.3747 0.791 0.0131 -0.6107 -0.0353 0.6105 0.0912 -0.7546 0.2227 0.6495 0.2499 -0.6888 0.203 0.9317 0.1184 0.3434 -0.0026 0.6517 0.2291 -0.6668 0.2796 0.4691 -0.0623 -0.6585 0.5851 0.6058 -0.1511 0.7717 0.121
0.7545 -0.1984 -0.5762 -0.2435 0.6628 -0.3239 -0.5796 -0.3461 0.6446 -0.1069 -0.6578 -0.3747 0.791 0.0131 -0.6107 -0.0353 0.6105 0.0912 -0.7546 0.2227 0.6495 0.2499 -0.6888 0.203 0.9317 0.1184 0.3434 -0.0026 0.6517 0.2291 -0.6668 0.2796 0.4691 -0.0623 -0.6585 0.5851 0.6058 -0.1511 0.7717 0.121
0.7545 -0.1984 -0.5762 -0.2435 0.6628 -0.3239 -0.5796 -0.3461 0.6446 -0.1069 -0.6578 -0.3747 0.791 0.0131 -0.6107 -0.0353 0.6105 0.0912 -0.7546 0.2227 0.6495 0.2499 -0.6888 0.203 0.9317 0.1184 0.3434 -0.0026 0.7532 0.2383 -0.6041 0.1052 0.4691 -0.0623 -0.6585 0.5851 0.6058 -0.1511 0.7717 0.121
0.7545 -0.1984 -0.5762 -0.2435 0.6628 -0.3239 -0.5796 -0.3461 0.6446 -0.1069 -0.6578 -0.3747 0.791 0.0131 -0.6107 -0.0353 0.6105 0.0912 -0.7546 0.2227 0.6495 0.2499 -0.6888 0.203 0.9317 0.1184 0.3434 -0.0026 0.7532 0.2383 -0.6041 0.1052 0.4691 -0.0623 -0.6585 0.5851 0.6058 -0.1511 0.7717 0.121
0.7545 -0.1984 -0.5762 -0.2435 0.6628 -0.3239 -0.5796 -0.3461 0.7033 -0.1116 -0.647 -0.2726 0.791 0.0131 -0.6107 -0.0353 0.6105 0.0912 -0.7546 0.2227 0.6495 0.2499 -0.6888 0.203 0.9317 0.1184 0.3434 -0.0026 0.7532 0.2383 -0.6041 0.1052 0.4691 -0.0623 -0.6585 0.5851 0.6058 -0.1511 0.7717 0.121
0.7545 -0.1984 -0.5762 -0.2435 0.6628 -0.3239 -0.5796 -0.3461 0.7033 -0.1116 -0.647 -0.2726 0.791 0.0131 -0.6107 -0.0353 0.6105 0.0912 -0.7546 0.2227 0.6495 0.2499 -0.6888 0.203 0.9317 0.1184 0.3434 -0.0026 0.7532 0.2383 -0.6041 0.1052 0.4691 -0.0623 -0.6585 0.5851 0.6058 -0.1511 0.7717 0.121
0.7545 -0.1984 -0.5762 -0.2435 0.6628 -0.3239 -0.5796 -0.3461 0.7033 -0.1116 -0.647 -0.2726 0.791 0.0131 -0.6107 -0.0353 0.6183 0.1336 -0.7646 0.1235 0.6729 0.2552 -0.6796 0.1425 0.9255 0.111 0.3618 -0.0197 0.7532 0.2383 -0.6041 0.1052 0.4691 -0.0623 -0.6585 0.5851 0.6058 -0.1511 0.7717 0.121
0.7545 -0.1984 -0.5762 -0.2435 0.6628 -0.3239 -0.5796 -0.3461 0.7033 -0.1116 -0.647 -0.2726 0.791 0.0131 -0.6107 -0.0353 0.6183 0.1336 -0.7646 0.1235 0.6729 0.2552 -0.6796 0.1425 0.9255 0.111 0.3618 -0.0197 0.7532 0.2383 -0.6041 0.1052 0.4691 -0.0623 -0.6585 0.5851 0.6058 -0.1511 0.7717 0.121
0.7825 -0.1786 -0.5735 -0.1637 0.5985 -0.3232 -0.7326 -0.0244 0.7033 -0.1116 -0.647 -0.2726 0.785 -0.0079 -0.6131 0.0891 0.6183 0.1336 -0.7646 0.1235 0.6729 0.2552 -0.6796 0.1425 0.9255 0.111 0.3618 -0.0197 0.7532 0.2383 -0.6041 0.1052 0.603 0.1899 -0.7064 0.3185 0.858 -0.1567 0.4733 0.124
0.7825 -0.1786 -0.5735 -0.1637 0.5985 -0.3232 -0.7326 -0.0244 0.7033 -0.1116 -0.647 -0.2726 0.785 -0.0079 -0.6131 0.0891 0.6183 0.1336 -0.7646 0.1235 0.6729 0.2552 -0.6796 0.1425 0.9255 0.111 0.3618 -0.0197 0.7538 0.2437 -0.6073 0.0601 0.603 0.1899 -0.7064 0.3185 0.858 -0.1567 0.4733 0.124
0.7825 -0.1786 -0.5735 -0.1637 0.5985 -0.3232 -0.7326 -0.0244 0.7033 -0.1116 -0.647 -0.2726 0.785 -0.0079 -0.6131 0.0891 0.6183 0.1336 -0.7646 0.1235 0.6729 0.2552 -0.6796 0.1425 0.9255 0.111 0.3618 -0.0197 0.7538 0.2437 -0.6073 0.0601 0.603 0.1899 -0.7064 0.3185 0.858 -0.1567 0.4733 0.124
0.7825 -0.1786 -0.5735 -0.1637 0.5985 -0.3232 -0.7326 -0.0244 0.7033 -0.1116 -0.647 -0.2726 0.785 -0.0079 -0.6131 0.0891 0.6183 0.1336 -0.7646 0.1235 0.6729 0.2552 -0.6796 0.1425 0.9255 0.111 0.3618 -0.0197 0.7538 0.2437 -0.6073 0.0601 0.603 0.1899 -0.7064 0.3185 0.858 -0.1567 0.4733 0.124
0.7825 -0.1786 -0.5735 -0.1637 0.5985 -0.3232 -0.7326 -0.0244 0.7542 -0.1169 -0.6144 -0.2002 0.785 -0.0079 -0.6131 0.0891 0.6262 0.1647 -0.7614 0.0335 0.7041 0.2642 -0.6556 0.0684 0.9114 0.1103 0.3939 -0.0444 0.7538 0.2437 -0.6073 0.0601 0.603 0.1899 -0.7064 0.3185 0.858 -0.1567 0.4733 0.124
0.7825 -0.1786 -0.5735 -0.1637 0.5985 -0.3232 -0.7326 -0.0244 0.7542 -0.1169 -0.6144 -0.2002 0.785 -0.0079 -0.6131 0.0891 0.6262 0.1647 -0.7614 0.0335 0.7041 0.2642 -0.6556 0.0684 0.9114 0.1103 0.3939 -0.0444 0.7538 0.2437 -0.6073 0.0601 0.603 0.1899 -0.7064 0.3185 0.858 -0.1567 0.4733 0.124
0.7825 -0.1786 -0.5735 -0.1637 0.5985 -0.3232 -0.7326 -0.0244 0.7542 -0.1169 -0.6144 -0.2002 0.785 -0.0079 -0.6131 0.0891 0.6262 0.1647 -0.7614 0.0335 0.7041 0.2642 -0.6556 0.0684 0.9114 0.1103 0.3939 -0.0444 0.7538 0.2437 -0.6073 0.0601 0.603 0.1899 -0.7064 0.3185 0.858 -0.1567 0.4733 0.124
0.7825 -0.1786 -0.5735 -0.1637 0.5985 -0.3232 -0.7326 -0.0244 0.7542 -0.1169 -0.6144 -0.2002 0.785 -0.0079 -0.6131 0.0891 0.6262 0.1647 -0.7614 0.0335 0.7041 0.2642 -0.6556 0.0684 0.9114 0.1103 0.3939 -0.0444 0.7538 0.2437 -0.6073 0.0601 0.603 0.1899 -0.7064 0.3185 0.858 -0.1567 0.4733 0.124
0.7825 -0.1786 -0.5735 -0.1637 0.5985 -0.3232 -0.7326 -0.0244 0.7542 -0.1169 -0.6144 -0.2002 0.785 -0.0079 -0.6131 0.0891 0.6262 0.1647 -0.7614 0.0335 0.7041 0.2642 -0.6556 0.0684 0.9114 0.1103 0.3939 -0.0444 0.7538 0.2437 -0.6073 0.0601 0.603 0.1899 -0.7064 0.3185 0.858 -0.1567 0.4733 0.124
0.7825 -0.1786 -0.5735 -0.1637 0.5725 -0.3287 -0.7497 0.0459 0.7668 -0.103 -0.6068 -0.1824 0.785 -0.0079 -0.6131 0.0891 0.6262 0.1647 -0.7614 0.0335 0.7041 0.2642 -0.6556 0.0684 0.9114 0.1103 0.3939 -0.0444 0.7355 0.1898 -0.6482 0.0529 0.6342 0.3701 -0.6713 0.1011 0.858 -0.1567 0.4733 0.124
0.7825 -0.1786 -0.5735 -0.1637 0.5725 -0.3287 -0.7497 0.0459 0.7668 -0.103 -0.6068 -0.1824 0.785 -0.0079 -0.6131 0.0891 0.6262 0.1647 -0.7614 0.0335 0.7041 0.2642 -0.6556 0.0684 0.9114 0.1103 0.3939 -0.0444 0.7355 0.1898 -0.6482 0.0529 0.6342 0.3701 -0.6713 0.1011 0.858 -0.1567 0.4733 0.124
0.7825 -0.1786 -0.5735 -0.1637 0.5725 -0.3287 -0.7497 0.0459 0.7668 -0.103 -0.6068 -0.1824 0.785 -0.0079 -0.6131 0.0891 0.634 0.1882 -0.7501 -0.0062 0.7393 0.3294 -0.5865 -0.0317 0.8491 0.1106 0.513 -0.0605 0.7355 0.1898 -0.6482 0.0529 0.6342 0.3701 -0.6713 0.1011 0.858 -0.1567 0.4733 0.124
0.7825 -0.1786 -0.5735 -0.1637 0.5725 -0.3287 -0.7497 0.0459 0.7668 -0.103 -0.6068 -0.1824 0.785 -0.0079 -0.6131 0.0891 0.634 0.1882 -0.7501 -0.0062 0.7393 0.3294 -0.5865 -0.0317 0.8491 0.1106 0.513 -0.0605 0.7355 0.1898 -0.6482 0.0529 0.6342 0.3701 -0.6713 0.1011 0.858 -0.1567 0.4733 0.124
0.7825 -0.1786 -0.5735 -0.1637 0.5725 -0.3287 -0.7497 0.0459 0.7668 -0.103 -0.6068 -0.1824 0.785 -0.0079 -0.6131 0.0891 0.634 0.1882 -0.7501 -0.0062 0.7393 0.3294 -0.5865 -0.0317 0.8491 0.1106 0.513 -0.0605 0.7355 0.1898 -0.6482 0.0529 0.6342 0.3701 -0.6713 0.1011 0.858 -0.1567 0.4733 0.124
0.7825 -0.1786 -0.5735 -0.1637 0.5725 -0.3287 -0.7497 0.0459 0.7668 -0.103 -0.6068 -0.1824 0.785 -0.0079 -0.6131 0.0891 0.634 0.1882 -0.7501 -0.0062 0.7393 0.3294 -0.5865 -0.0317 0.8491 0.1106 0.513 -0.0605 0.7355 0.1898 -0.6482 0.0529 0.6342 0.3701 -0.6713 0.1011 0.858 -0.1567 0.4733 0.124
0.7825 -0.1786 -0.5735 -0.1637 0.5958 -0.3353 -0.7296 -0.0193 0.7668 -0.103 -0.6068 -0.1824 0.785 -0.0079 -0.6131 0.0891 0.634 0.1882 -0.7501 -0.0062 0.7393 0.3294 -0.5865 -0.0317 0.8491 0.1106 0.513 -0.0605 0.7091 0.241 -0.657 0.0862 0.6342 0.3701 -0.6713 0.1011 0.858 -0.1567 0.4733 0.124
0.7825 -0.1786 -0.5735 -0.1637 0.5958 -0.3353 -0.7296 -0.0193 0.7668 -0.103 -0.6068 -0.1824 0.785 -0.0079 -0.6131 0.0891 0.634 0.1882 -0.7501 -0.0062 0.7393 0.3294 -0.5865 -0.0317 0.8491 0.1106 0.513 -0.0605 0.7091 0.241 -0.657 0.0862 0.6342 0.3701 -0.6713 0.1011 0.858 -0.1567 0.4733 0.124
0.7825 -0.1786 -0.5735 -0.1637 0.5958 -0.3353 -0.7296 -0.0193 0.7668 -0.103 -0.6068 -0.1824 0.785 -0.0079 -0.6131 0.0891 0.634 0.1882 -0.7501 -0.0062 0.7393 0.3294 -0.5865 -0.0317 0.8491 0.1106 0.513 -0.0605 0.7091 0.241 -0.657 0.0862 0.6342 0.3701 -0.6713 0.1011 0.858 -0.1567 0.4733 0.124
0.7825 -0.1786 -0.5735 -0.1637 0.5958 -0.3353 -0.7296 -0.0193 0.7462 -0.0972 -0.6258 -0.2054 0.785 -0.0079 -0.6131 0.0891 0.696 0.0922 -0.7113 0.034 0.7393 0.3294 -0.5865 -0.0317 0.5143 0.0866 0.8308 -0.1945 0.7091 0.241 -0.657 0.0862 0.6342 0.3701 -0.6713 0.1011 0.858 -0.1567 0.4733 0.124
0.7825 -0.1786 -0.5735 -0.1637 0.5958 -0.3353 -0.7296 -0.0193 0.7462 -0.0972 -0.6258 -0.2054 0.785 -0.0079 -0.6131 0.0891 0.696 0.0922 -0.7113 0.034 0.779 0.337 -0.4991 -0.1746 0.5143 0.0866 0.8308 -0.1945 0.7091 0.241 -0.657 0.0862 0.6342 0.3701 -0.6713 0.1011 0.858 -0.1567 0.4733 0.124
0.7825 -0.1786 -0.5735 -0.1637 0.5958 -0.3353 -0.7296 -0.0193 0.7462 -0.0972 -0.6258 -0.2054 0.785 -0.0079 -0.6131 0.0891 0.696 0.0922 -0.7113 0.034 0.779 0.337 -0.4991 -0.1746 0.5143 0.0866 0.8308 -0.1945 0.7091 0.241 -0.657 0.0862 0.6342 0.3701 -0.6713 0.1011 0.858 -0.1567 0.4733 0.124
0.7564 -0.2587 -0.5622 -0.2117 0.6316 -0.3325 -0.6787 -0.1727 0.7462 -0.0972 -0.6258 -0.2054 0.7935 -0.0282 -0.6072 0.0305 0.696 0.0922 -0.7113 0.034 0.779 0.337 -0.4991 -0.1746 0.5143 0.0866 0.8308 -0.1945 0.7091 0.241 -0.657 0.0862 0.624 0.165 -0.734 0.2114 0.9302 -0.1216 0.3386 0.0719
0.7564 -0.2587 -0.5622 -0.2117 0.6316 -0.3325 -0.6787 -0.1727 0.7462 -0.0972 -0.6258 -0.2054 0.7935 -0.0282 -0.6072 0.0305 0.696 0.0922 -0.7113 0.034 0.779 0.337 -0.4991 -0.1746 0.5143 0.0866 0.8308 -0.1945 0.6661 0.2042 -0.7063 0.1257 0.624 0.165 -0.734 0.2114 0.9302 -0.1216 0.3386 0.0719
0.7564 -0.2587 -0.5622 -0.2117 0.6316 -0.3325 -0.6787 -0.1727 0.6786 -0.1577 -0.6246 -0.3527 0.7935 -0.0282 -0.6072 0.0305 0.696 0.0922 -0.7113 0.034 0.779 0.337 -0.4991 -0.1746 0.5143 0.0866 0.8308 -0.1945 0.6661 0.2042 -0.7063 0.1257 0.624 0.165 -0.734 0.2114 0.9302 -0.1216 0.3386 0.0719
0.7564 -0.2587 -0.5622 -0.2117 0.6316 -0.3325 -0.6787 -0.1727 0.6786 -0.1577 -0.6246 -0.3527 0.7935 -0.0282 -0.6072 0.0305 0.696 0.0922 -0.7113 0.034 0.779 0.337 -0.4991 -0.1746 0.5143 0.0866 0.8308 -0.1945 0.6661 0.2042 -0.7063 0.1257 0.624 0.165 -0.734 0.2114 0.9302 -0.1216 0.3386 0.0719
0.7564 -0.2587 -0.5622 -0.2117 0.6316 -0.3325 -0.6787 -0.1727 0.6786 -0.1577 -0.6246 -0.3527 0.7935 -0.0282 -0.6072 0.0305 0.7001 -0.0034 -0.6913 0.1788 0.772 0.3249 -0.5359 -0.1058 0.687 0.0991 0.7073 -0.1337 0.6661 0.2042 -0.7063 0.1257 0.624 0.165 -0.734 0.2114 0.9302 -0.1216 0.3386 0.0719
0.7564 -0.2587 -0.5622 -0.2117 0.6316 -0.3325 -0.6787 -0.1727 0.6786 -0.1577 -0.6246 -0.3527 0.7935 -0.0282 -0.6072 0.0305 0.7001 -0.0034 -0.6913 0.1788 0.772 0.3249 -0.5359 -0.1058 0.687 0.0991 0.7073 -0.1337 0.6661 0.2042 -0.7063 0.1257 0.624 0.165 -0.734 0.2114 0.9302 -0.1216 0.3386 0.0719
0.7564 -0.2587 -0.5622 -0.2117 0.6316 -0.3325 -0.6787 -0.1727 0.6786 -0.1577 -0.6246 -0.3527 0.7935 -0.0282 -0.6072 0.0305 0.7001 -0.0034 -0.6913 0.1788 0.772 0.3249 -0.5359 -0.1058 0.687 0.0991 0.7073 -0.1337 0.6661 0.2042 -0.7063 0.1257 0.624 0.165 -0.734 0.2114 0.9198 -0.1189 0.3675 0.0696
0.7285 -0.2546 -0.5626 -0.2967 0.6553 -0.3159 -0.6269 -0.2788 0.6786 -0.1577 -0.6246 -0.3527 0.7935 -0.0282 -0.6072 0.0305 0.7001 -0.0034 -0.6913 0.1788 0.772 0.3249 -0.5359 -0.1058 0.687 0.0991 0.7073 -0.1337 0.6661 0.2042 -0.7063 0.1257 0.624 0.165 -0.734 0.2114 0.9198 -0.1189 0.3675 0.0696
0.7285 -0.2546 -0.5626 -0.2967 0.6553 -0.3159 -0.6269 -0.2788 0.6786 -0.1577 -0.6246 -0.3527 0.7935 -0.0282 -0.6072 0.0305 0.7001 -0.0034 -0.6913 0.1788 0.772 0.3249 -0.5359 -0.1058 0.687 0.0991 0.7073 -0.1337 0.6061 0.1811 -0.748 0.2005 0.624 0.165 -0.734 0.2114 0.9198 -0.1189 0.3675 0.0696
0.7285 -0.2546 -0.5626 -0.2967 0.6553 -0.3159 -0.6269 -0.2788 0.6324 -0.1434 -0.6149 -0.4487 0.7935 -0.0282 -0.6072 0.0305 0.7001 -0.0034 -0.6913 0.1788 0.772 0.3249 -0.5359 -0.1058 0.687 0.0991 0.7073 -0.1337 0.6061 0.1811 -0.748 0.2005 0.624 0.165 -0.734 0.2114 0.9198 -0.1189 0.3675 0.0696
0.7285 -0.2546 -0.5626 -0.2967 0.6553 -0.3159 -0.6269 -0.2788 0.6324 -0.1434 -0.6149 -0.4487 0.7935 -0.0282 -0.6072 0.0305 0.7001 -0.0034 -0.6913 0.1788 0.772 0.3249 -0.5359 -0.1058 0.687 0.0991 0.7073 -0.1337 0.6061 0.1811 -0.748 0.2005 0.624 0.165 -0.734 0.2114 0.9198 -0.1189 0.3675 0.0696
0.7285 -0.2546 -0.5626 -0.2967 0.6553 -0.3159 -0.6269 -0.2788 0.6324 -0.1434 -0.6149 -0.4487 0.7935 -0.0282 -0.6072 0.0305 0.6671 0.0054 -0.6913 0.2776 0.6984 0.119 -0.6933 0.1318 0.9161 0.1835 0.3539 -0.043 0.6061 0.1811 -0.748 0.2005 0.624 0.165 -0.734 0.2114 0.9198 -0.1189 0.3675 0.0696
0.7285 -0.2546 -0.5626 -0.2967 0.6553 -0.3159 -0.6269 -0.2788 0.6324 -0.1434 -0.6149 -0.4487 0.7935 -0.0282 -0.6072 0.0305 0.6671 0.0054 -0.6913 0.2776 0.6984 0.119 -0.6933 0.1318 0.9161 0.1835 0.3539 -0.043 0.6061 0.1811 -0.748 0.2005 0.624 0.165 -0.734 0.2114 0.9198 -0.1189 0.3675 0.0696
0.7285 -0.2546 -0.5626 -0.2967 0.6553 -0.3159 -0.6269 -0.2788 0.6324 -0.1434 -0.6149 -0.4487 0.7935 -0.0282 -0.6072 0.0305 0.6671 0.0054 -0.6913 0.2776 0.6984 0.119 -0.6933 0.1318 0.9161 0.1835 0.3539 -0.043 0.6061 0.1811 -0.748 0.2005 0.624 0.165 -0.734 0.2114 0.9198 -0.1189 0.3675 0.0696
0.7078 -0.2492 -0.5538 -0.3609 0.6688 -0.296 -0.5776 -0.3625 0.6324 -0.1434 -0.6149 -0.4487 0.782 0.083 -0.5222 -0.3301 0.6671 0.0054 -0.6913 0.2776 0.6984 0.119 -0.6933 0.1318 0.9161 0.1835 0.3539 -0.043 0.6061 0.1811 -0.748 0.2005 0.5859 0.1159 -0.7383 0.3134 0.9111 -0.0978 0.3903 0.0892
0.7078 -0.2492 -0.5538 -0.3609 0.6688 -0.296 -0.5776 -0.3625 0.6324 -0.1434 -0.6149 -0.4487 0.782 0.083 -0.5222 -0.3301 0.6671 0.0054 -0.6913 0.2776 0.6984 0.119 -0.6933 0.1318 0.9161 0.1835 0.3539 -0.043 0.557 0.1722 -0.7665 0.2693 0.5859 0.1159 -0.7383 0.3134 0.9111 -0.0978 0.3903 0.0892
0.7078 -0.2492 -0.5538 -0.3609 0.6688 -0.296 -0.5776 -0.3625 0.6324 -0.1434 -0.6149 -0.4487 0.782 0.083 -0.5222 -0.3301 0.6671 0.0054 -0.6913 0.2776 0.6984 0.119 -0.6933 0.1318 0.9161 0.1835 0.3539 -0.043 0.557 0.1722 -0.7665 0.2693 0.5859 0.1159 -0.7383 0.3134 0.9111 -0.0978 0.3903 0.0892
0.7078 -0.2492 -0.5538 -0.3609 0.6688 -0.296 -0.5776 -0.3625 0.6324 -0.1434 -0.6149 -0.4487 0.782 0.083 -0.5222 -0.3301 0.6671 0.0054 -0.6913 0.2776 0.6984 0.119 -0.6933 0.1318 0.9161 0.1835 0.3539 -0.043 0.557 0.1722 -0.7665 0.2693 0.5859 0.1159 -0.7383 0.3134 0.9111 -0.0978 0.3903 0.0892
0.7078 -0.2492 -0.5538 -0.3609 0.6688 -0.296 -0.5776 -0.3625 0.5873 -0.1131 -0.6169 -0.5115 0.782 0.083 -0.5222 -0.3301 0.6552 0.0457 -0.7119 0.2488 0.5786 0.0013 -0.7544 0.3099 0.9568 0.2625 0.0895 0.087 0.557 0.1722 -0.7665 0.2693 0.5859 0.1159 -0.7383 0.3134 0.9111 -0.0978 0.3903 0.0892
0.7078 -0.2492 -0.5538 -0.3609 0.6688 -0.296 -0.5776 -0.3625 0.5873 -0.1131 -0.6169 -0.5115 0.782 0.083 -0.5222 -0.3301 0.6552 0.0457 -0.7119 0.2488 0.5786 0.0013 -0.7544 0.3099 0.9568 0.2625 0.0895 0.087 0.557 0.1722 -0.7665 0.2693 0.5859 0.1159 -0.7383 0.3134 0.9111 -0.0978 0.3903 0.0892
0.7012 -0.2471 -0.5458 -0.3866 0.6688 -0.296 -0.5776 -0.3625 0.5873 -0.1131 -0.6169 -0.5115 0.782 0.083 -0.5222 -0.3301 0.6552 0.0457 -0.7119 0.2488 0.5786 0.0013 -0.7544 0.3099 0.9568 0.2625 0.0895 0.087 0.557 0.1722 -0.7665 0.2693 0.5859 0.1159 -0.7383 0.3134 0.9111 -0.0978 0.3903 0.0892
0.7012 -0.2471 -0.5458 -0.3866 0.6688 -0.296 -0.5776 -0.3625 0.5873 -0.1131 -0.6169 -0.5115 0.782 0.083 -0.5222 -0.3301 0.6552 0.0457 -0.7119 0.2488 0.5786 0.0013 -0.7544 0.3099 0.9568 0.2625 0.0895 0.087 0.557 0.1722 -0.7665 0.2693 0.5479 0.0184 -0.7372 0.3949 0.9111 -0.0978 0.3903 0.0892
0.7012 -0.2471 -0.5458 -0.3866 0.6688 -0.296 -0.5776 -0.3625 0.5873 -0.1131 -0.6169 -0.5115 0.782 0.083 -0.5222 -0.3301 0.6552 0.0457 -0.7119 0.2488 0.5786 0.0013 -0.7544 0.3099 0.9568 0.2625 0.0895 0.087 0.5554 0.1611 -0.7605 0.2954 0.5479 0.0184 -0.7372 0.3949 0.9111 -0.0978 0.3903 0.0892
0.7012 -0.2471 -0.5458 -0.3866 0.6688 -0.296 -0.5776 -0.3625 0.5873 -0.1131 -0.6169 -0.5115 0.782 0.083 -0.5222 -0.3301 0.6552 0.0457 -0.7119 0.2488 0.5786 0.0013 -0.7544 0.3099 0.9568 0.2625 0.0895 0.087 0.5554 0.1611 -0.7605 0.2954 0.5479 0.0184 -0.7372 0.3949 0.9111 -0.0978 0.3903 0.0892
0.7012 -0.2471 -0.5458 -0.3866 0.6688 -0.296 -0.5776 -0.3625 0.5942 -0.0938 -0.6324 -0.488 0.782 0.083 -0.5222 -0.3301 0.6552 0.0457 -0.7119 0.2488 0.5786 0.0013 -0.7544 0.3099 0.9568 0.2625 0.0895 0.087 0.5554 0.1611 -0.7605 0.2954 0.5479 0.0184 -0.7372 0.3949 0.9111 -0.0978 0.3903 0.0892
0.7012 -0.2471 -0.5458 -0.3866 0.6688 -0.296 -0.5776 -0.3625 0.5942 -0.0938 -0.6324 -0.488 0.782 0.083 -0.5222 -0.3301 0.6552 0.0457 -0.7119 0.2488 0.5786 0.0013 -0.7544 0.3099 0.9568 0.2625 0.0895 0.087 0.5554 0.1611 -0.7605 0.2954 0.5479 0.0184 -0.7372 0.3949 0.9111 -0.0978 0.3903 0.0892
0.7012 -0.2471 -0.5458 -0.3866 0.6688 -0.296 -0.5776 -0.3625 0.5942 -0.0938 -0.6324 -0.488 0.782 0.083 -0.5222 -0.3301 0.6215 0.0473 -0.7337 0.2705 0.639 0.1399 -0.7104 0.2597 0.9492 0.1795 0.2545 0.0443 0.5554 0.1611 -0.7605 0.2954 0.5479 0.0184 -0.7372 0.3949 0.9111 -0.0978 0.3903 0.0892
0.7012 -0.2471 -0.5458 -0.3866 0.6688 -0.296 -0.5776 -0.3625 0.5942 -0.0938 -0.6324 -0.488 0.782 0.083 -0.5222 -0.3301 0.6215 0.0473 -0.7337 0.2705 0.639 0.1399 -0.7104 0.2597 0.9492 0.1795 0.2545 0.0443 0.5554 0.1611 -0.7605 0.2954 0.5479 0.0184 -0.7372 0.3949 0.6071 -0.1585 0.7775 0.0435
0.7012 -0.2471 -0.5458 -0.3866 0.6688 -0.296 -0.5776 -0.3625 0.5942 -0.0938 -0.6324 -0.488 0.782 0.083 -0.5222 -0.3301 0.6215 0.0473 -0.7337 0.2705 0.639 0.1399 -0.7104 0.2597 0.9492 0.1795 0.2545 0.0443 0.5554 0.1611 -0.7605 0.2954 0.5479 0.0184 -0.7372 0.3949 0.6071 -0.1585 0.7775 0.0435
0.7012 -0.2471 -0.5458 -0.3866 0.6688 -0.296 -0.5776 -0.3625 0.5942 -0.0938 -0.6324 -0.488 0.782 0.083 -0.5222 -0.3301 0.6215 0.0473 -0.7337 0.2705 0.639 0.1399 -0.7104 0.2597 0.9492 0.1795 0.2545 0.0443 0.6446 0.2106 -0.6758 0.2888 0.4949 -0.0221 -0.652 0.5739 0.6071 -0.1585 0.7775 0.0435
0.7012 -0.2471 -0.5458 -0.3866 0.6688 -0.296 -0.5776 -0.3625 0.6328 -0.0834 -0.6635 -0.3904 0.782 0.083 -0.5222 -0.3301 0.6215 0.0473 -0.7337 0.2705 0.639 0.1399 -0.7104 0.2597 0.9492 0.1795 0.2545 0.0443 0.6446 0.2106 -0.6758 0.2888 0.4949 -0.0221 -0.652 0.5739 0.6071 -0.1585 0.7775 0.0435
0.7012 -0.2471 -0.5458 -0.3866 0.6688 -0.296 -0.5776 -0.3625 0.6328 -0.0834 -0.6635 -0.3904 0.782 0.083 -0.5222 -0.3301 0.6215 0.0473 -0.7337 0.2705 0.639 0.1399 -0.7104 0.2597 0.9492 0.1795 0.2545 0.0443 0.6446 0.2106 -0.6758 0.2888 0.4949 -0.0221 -0.652 0.5739 0.6071 -0.1585 0.7775 0.0435
0.7012 -0.2471 -0.5458 -0.3866 0.6688 -0.296 -0.5776 -0.3625 0.6328 -0.0834 -0.6635 -0.3904 0.782 0.083 -0.5222 -0.3301 0.6154 0.0885 -0.7463 0.2377 0.6637 0.2095 -0.6896 0.2002 0.928 0.1266 0.3501 0.0167 0.6446 0.2106 -0.6758 0.2888 0.4949 -0.0221 -0.652 0.5739 0.6071 -0.1585 0.7775 0.0435
0.7012 -0.2471 -0.5458 -0.3866 0.6688 -0.296 -0.5776 -0.3625 0.6328 -0.0834 -0.6635 -0.3904 0.782 0.083 -0.5222 -0.3301 0.6154 0.0885 -0.7463 0.2377 0.6637 0.2095 -0.6896 0.2002 0.928 0.1266 0.3501 0.0167 0.6446 0.2106 -0.6758 0.2888 0.4949 -0.0221 -0.652 0.5739 0.6071 -0.1585 0.7775 0.0435
0.7012 -0.2471 -0.5458 -0.3866 0.6688 -0.296 -0.5776 -0.3625 0.6328 -0.0834 -0.6635 -0.3904 0.782 0.083 -0.5222 -0.3301 0.6154 0.0885 -0.7463 0.2377 0.6637 0.2095 -0.6896 0.2002 0.928 0.1266 0.3501 0.0167 0.6446 0.2106 -0.6758 0.2888 0.4949 -0.0221 -0.652 0.5739 0.6071 -0.1585 0.7775 0.0435
0.754 -0.2203 -0.5789 -0.2188 0.6688 -0.296 -0.5776 -0.3625 0.6328 -0.0834 -0.6635 -0.3904 0.7885 0.0586 -0.5997 -0.1236 0.6154 0.0885 -0.7463 0.2377 0.6637 0.2095 -0.6896 0.2002 0.928 0.1266 0.3501 0.0167 0.6446 0.2106 -0.6758 0.2888 0.4949 -0.0221 -0.652 0.5739 0.5233 -0.1749 0.8198 0.1531
