rt-uaw rt-uax rt-uay rt-uaz rt-faw rt-fax rt-fay rt-faz rt-thw rt-thx rt-thy rt-thz rt-llw rt-llx rt-lly rt-llz rt-ftw rt-ftx rt-fty rt-ftz lt-uaw lt-uax lt-uay lt-uaz lt-faw lt-fax lt-fay lt-faz lt-thw lt-thx lt-thy lt-thz lt-llw lt-llx lt-lly lt-llz lt-ftw lt-ftx lt-fty lt-ftz 
0.7643 -0.0753 -0.6324 -0.1005 0.6004 -0.4418 -0.6471 -0.1599 0.7278 -0.1091 -0.6692 -0.1031 0.8019 0.1851 -0.4936 0.2811 0.5862 -0.0927 -0.8014 -0.0746 -0.7 -0.2556 0.6666 -0.017 -0.9485 -0.1328 -0.2877 -0.0023 0.7153 0.0755 -0.6662 -0.1968 0.7576 -0.1617 -0.6295 -0.061 -0.9105 -1.0E-4 -0.4112 0.0439
0.7643 -0.0753 -0.6324 -0.1005 0.6004 -0.4418 -0.6471 -0.1599 0.7278 -0.1091 -0.6692 -0.1031 0.8019 0.1851 -0.4936 0.2811 0.5687 -0.0769 -0.8123 -0.1049 -0.7 -0.2556 0.6666 -0.017 -0.9388 -0.1273 -0.3198 0.0146 0.7237 0.0713 -0.6439 -0.2378 0.6959 -0.0333 -0.6904 -0.1946 -0.9783 0.0487 -0.1897 0.0683
0.7643 -0.0753 -0.6324 -0.1005 0.6004 -0.4418 -0.6471 -0.1599 0.7278 -0.1091 -0.6692 -0.1031 0.8019 0.1851 -0.4936 0.2811 0.5687 -0.0769 -0.8123 -0.1049 -0.7 -0.2556 0.6666 -0.017 -0.9388 -0.1273 -0.3198 0.0146 0.7237 0.0713 -0.6439 -0.2378 0.6959 -0.0333 -0.6904 -0.1946 -0.9783 0.0487 -0.1897 0.0683
0.7643 -0.0753 -0.6324 -0.1005 0.5513 -0.5096 -0.6549 -0.0866 0.7278 -0.1091 -0.6692 -0.1031 0.8036 0.0839 -0.4684 0.3574 0.5687 -0.0769 -0.8123 -0.1049 -0.7 -0.2556 0.6666 -0.017 -0.9388 -0.1273 -0.3198 0.0146 0.7237 0.0713 -0.6439 -0.2378 0.6959 -0.0333 -0.6904 -0.1946 -0.9783 0.0487 -0.1897 0.0683
0.7643 -0.0753 -0.6324 -0.1005 0.5513 -0.5096 -0.6549 -0.0866 0.7278 -0.1091 -0.6692 -0.1031 0.8036 0.0839 -0.4684 0.3574 0.5687 -0.0769 -0.8123 -0.1049 -0.7 -0.2556 0.6666 -0.017 -0.9388 -0.1273 -0.3198 0.0146 0.7237 0.0713 -0.6439 -0.2378 0.6959 -0.0333 -0.6904 -0.1946 -0.9783 0.0487 -0.1897 0.0683
0.7786 -0.1002 -0.6163 -0.063 0.5513 -0.5096 -0.6549 -0.0866 0.7278 -0.1091 -0.6692 -0.1031 0.8036 0.0839 -0.4684 0.3574 0.5687 -0.0769 -0.8123 -0.1049 -0.7 -0.2556 0.6666 -0.017 -0.9388 -0.1273 -0.3198 0.0146 0.7237 0.0713 -0.6439 -0.2378 0.6959 -0.0333 -0.6904 -0.1946 -0.9783 0.0487 -0.1897 0.0683
0.7786 -0.1002 -0.6163 -0.063 0.5513 -0.5096 -0.6549 -0.0866 0.7278 -0.1091 -0.6692 -0.1031 0.8036 0.0839 -0.4684 0.3574 0.5687 -0.0769 -0.8123 -0.1049 -0.7 -0.2556 0.6666 -0.017 -0.9388 -0.1273 -0.3198 0.0146 0.7237 0.0713 -0.6439 -0.2378 0.6959 -0.0333 -0.6904 -0.1946 -0.9783 0.0487 -0.1897 0.0683
0.7786 -0.1002 -0.6163 -0.063 0.5513 -0.5096 -0.6549 -0.0866 0.7278 -0.1091 -0.6692 -0.1031 0.8036 0.0839 -0.4684 0.3574 0.5687 -0.0769 -0.8123 -0.1049 -0.7092 -0.2804 0.6451 0.0472 -0.9388 -0.1273 -0.3198 0.0146 0.7124 0.0596 -0.6639 -0.2197 0.6664 0.0271 -0.7196 -0.1935 -0.9783 0.0487 -0.1897 0.0683
0.7786 -0.1002 -0.6163 -0.063 0.5513 -0.5096 -0.6549 -0.0866 0.7278 -0.1091 -0.6692 -0.1031 0.8036 0.0839 -0.4684 0.3574 0.5645 -0.0691 -0.8088 -0.1496 -0.7092 -0.2804 0.6451 0.0472 -0.9388 -0.1273 -0.3198 0.0146 0.7124 0.0596 -0.6639 -0.2197 0.6664 0.0271 -0.7196 -0.1935 -0.9783 0.0487 -0.1897 0.0683
0.7786 -0.1002 -0.6163 -0.063 0.5513 -0.5096 -0.6549 -0.0866 0.7278 -0.1091 -0.6692 -0.1031 0.8036 0.0839 -0.4684 0.3574 0.5645 -0.0691 -0.8088 -0.1496 -0.7092 -0.2804 0.6451 0.0472 -0.9388 -0.1273 -0.3198 0.0146 0.7124 0.0596 -0.6639 -0.2197 0.6664 0.0271 -0.7196 -0.1935 -0.9783 0.0487 -0.1897 0.0683
0.7786 -0.1002 -0.6163 -0.063 0.5178 -0.5682 -0.6374 -0.0531 0.7278 -0.1091 -0.6692 -0.1031 0.8036 0.0839 -0.4684 0.3574 0.5645 -0.0691 -0.8088 -0.1496 -0.7092 -0.2804 0.6451 0.0472 -0.9388 -0.1273 -0.3198 0.0146 0.7124 0.0596 -0.6639 -0.2197 0.6664 0.0271 -0.7196 -0.1935 -0.9783 0.0487 -0.1897 0.0683
0.7786 -0.1002 -0.6163 -0.063 0.5178 -0.5682 -0.6374 -0.0531 0.7278 -0.1091 -0.6692 -0.1031 0.8079 0.0565 -0.4421 0.3854 0.5645 -0.0691 -0.8088 -0.1496 -0.7092 -0.2804 0.6451 0.0472 -0.9388 -0.1273 -0.3198 0.0146 0.7124 0.0596 -0.6639 -0.2197 0.6664 0.0271 -0.7196 -0.1935 -0.9783 0.0487 -0.1897 0.0683
0.783 -0.0928 -0.614 -0.0369 0.5178 -0.5682 -0.6374 -0.0531 0.7278 -0.1091 -0.6692 -0.1031 0.8079 0.0565 -0.4421 0.3854 0.5645 -0.0691 -0.8088 -0.1496 -0.7092 -0.2804 0.6451 0.0472 -0.9388 -0.1273 -0.3198 0.0146 0.7124 0.0596 -0.6639 -0.2197 0.6664 0.0271 -0.7196 -0.1935 -0.9783 0.0487 -0.1897 0.0683
0.783 -0.0928 -0.614 -0.0369 0.5178 -0.5682 -0.6374 -0.0531 0.7278 -0.1091 -0.6692 -0.1031 0.8079 0.0565 -0.4421 0.3854 0.5645 -0.0691 -0.8088 -0.1496 -0.7092 -0.2804 0.6451 0.0472 -0.9388 -0.1273 -0.3198 0.0146 0.7124 0.0596 -0.6639 -0.2197 0.6664 0.0271 -0.7196 -0.1935 -0.9783 0.0487 -0.1897 0.0683
0.783 -0.0928 -0.614 -0.0369 0.5178 -0.5682 -0.6374 -0.0531 0.7278 -0.1091 -0.6692 -0.1031 0.8079 0.0565 -0.4421 0.3854 0.5645 -0.0691 -0.8088 -0.1496 -0.7127 -0.3521 0.595 0.1184 -0.9388 -0.1273 -0.3198 0.0146 0.6969 0.0305 -0.6876 -0.2013 0.6801 -0.085 -0.7051 -0.1821 -0.9783 0.0487 -0.1897 0.0683
0.783 -0.0928 -0.614 -0.0369 0.5178 -0.5682 -0.6374 -0.0531 0.7278 -0.1091 -0.6692 -0.1031 0.8079 0.0565 -0.4421 0.3854 0.5645 -0.0691 -0.8088 -0.1496 -0.7127 -0.3521 0.595 0.1184 -0.9388 -0.1273 -0.3198 0.0146 0.6969 0.0305 -0.6876 -0.2013 0.6801 -0.085 -0.7051 -0.1821 -0.9783 0.0487 -0.1897 0.0683
0.783 -0.0928 -0.614 -0.0369 0.5178 -0.5682 -0.6374 -0.0531 0.7278 -0.1091 -0.6692 -0.1031 0.8079 0.0565 -0.4421 0.3854 0.5986 -0.088 -0.7845 -0.1361 -0.7127 -0.3521 0.595 0.1184 -0.9388 -0.1273 -0.3198 0.0146 0.6969 0.0305 -0.6876 -0.2013 0.6801 -0.085 -0.7051 -0.1821 -0.9783 0.0487 -0.1897 0.0683
0.783 -0.0928 -0.614 -0.0369 0.5814 -0.5249 -0.6178 -0.0693 0.7278 -0.1091 -0.6692 -0.1031 0.7966 0.0654 -0.499 0.335 0.5986 -0.088 -0.7845 -0.1361 -0.7127 -0.3521 0.595 0.1184 -0.9388 -0.1273 -0.3198 0.0146 0.6969 0.0305 -0.6876 -0.2013 0.6801 -0.085 -0.7051 -0.1821 -0.9783 0.0487 -0.1897 0.0683
0.783 -0.0928 -0.614 -0.0369 0.5814 -0.5249 -0.6178 -0.0693 0.7278 -0.1091 -0.6692 -0.1031 0.7966 0.0654 -0.499 0.335 0.5986 -0.088 -0.7845 -0.1361 -0.7127 -0.3521 0.595 0.1184 -0.9388 -0.1273 -0.3198 0.0146 0.6969 0.0305 -0.6876 -0.2013 0.6801 -0.085 -0.7051 -0.1821 -0.9783 0.0487 -0.1897 0.0683
0.7615 -0.1299 -0.6328 -0.053 0.5814 -0.5249 -0.6178 -0.0693 0.7278 -0.1091 -0.6692 -0.1031 0.7966 0.0654 -0.499 0.335 0.5986 -0.088 -0.7845 -0.1361 -0.7127 -0.3521 0.595 0.1184 -0.9388 -0.1273 -0.3198 0.0146 0.6969 0.0305 -0.6876 -0.2013 0.6801 -0.085 -0.7051 -0.1821 -0.9783 0.0487 -0.1897 0.0683
0.7615 -0.1299 -0.6328 -0.053 0.5814 -0.5249 -0.6178 -0.0693 0.7278 -0.1091 -0.6692 -0.1031 0.7966 0.0654 -0.499 0.335 0.5986 -0.088 -0.7845 -0.1361 -0.7172 -0.3818 0.5209 0.2617 -0.9388 -0.1273 -0.3198 0.0146 0.6969 0.0305 -0.6876 -0.2013 0.6801 -0.085 -0.7051 -0.1821 -0.9783 0.0487 -0.1897 0.0683
0.7615 -0.1299 -0.6328 -0.053 0.5814 -0.5249 -0.6178 -0.0693 0.7278 -0.1091 -0.6692 -0.1031 0.7966 0.0654 -0.499 0.335 0.5986 -0.088 -0.7845 -0.1361 -0.7172 -0.3818 0.5209 0.2617 -0.9388 -0.1273 -0.3198 0.0146 0.6772 0.0249 -0.7273 -0.1086 0.6884 -0.1492 -0.699 -0.1234 -0.9783 0.0487 -0.1897 0.0683
0.7615 -0.1299 -0.6328 -0.053 0.5814 -0.5249 -0.6178 -0.0693 0.7278 -0.1091 -0.6692 -0.1031 0.7966 0.0654 -0.499 0.335 0.5986 -0.088 -0.7845 -0.1361 -0.7172 -0.3818 0.5209 0.2617 -0.9388 -0.1273 -0.3198 0.0146 0.6772 0.0249 -0.7273 -0.1086 0.6884 -0.1492 -0.699 -0.1234 -0.9783 0.0487 -0.1897 0.0683
0.7615 -0.1299 -0.6328 -0.053 0.5715 -0.5626 -0.5732 -0.168 0.7278 -0.1091 -0.6692 -0.1031 0.7966 0.0654 -0.499 0.335 0.6788 -0.2135 -0.6984 -0.0764 -0.7172 -0.3818 0.5209 0.2617 -0.6585 -0.051 -0.7234 0.2012 0.6772 0.0249 -0.7273 -0.1086 0.6884 -0.1492 -0.699 -0.1234 -0.9783 0.0487 -0.1897 0.0683
0.7615 -0.1299 -0.6328 -0.053 0.5715 -0.5626 -0.5732 -0.168 0.7278 -0.1091 -0.6692 -0.1031 0.7966 0.0654 -0.499 0.335 0.6788 -0.2135 -0.6984 -0.0764 -0.7172 -0.3818 0.5209 0.2617 -0.6585 -0.051 -0.7234 0.2012 0.6772 0.0249 -0.7273 -0.1086 0.6884 -0.1492 -0.699 -0.1234 -0.9783 0.0487 -0.1897 0.0683
0.7615 -0.1299 -0.6328 -0.053 0.5715 -0.5626 -0.5732 -0.168 0.7278 -0.1091 -0.6692 -0.1031 0.7966 0.0654 -0.499 0.335 0.6788 -0.2135 -0.6984 -0.0764 -0.7172 -0.3818 0.5209 0.2617 -0.6585 -0.051 -0.7234 0.2012 0.6772 0.0249 -0.7273 -0.1086 0.6884 -0.1492 -0.699 -0.1234 -0.9783 0.0487 -0.1897 0.0683
0.7428 -0.1875 -0.6273 -0.1402 0.5715 -0.5626 -0.5732 -0.168 0.7278 -0.1091 -0.6692 -0.1031 0.7966 0.0654 -0.499 0.335 0.6788 -0.2135 -0.6984 -0.0764 -0.7172 -0.3818 0.5209 0.2617 -0.6585 -0.051 -0.7234 0.2012 0.6772 0.0249 -0.7273 -0.1086 0.6884 -0.1492 -0.699 -0.1234 -0.9783 0.0487 -0.1897 0.0683
0.7428 -0.1875 -0.6273 -0.1402 0.5715 -0.5626 -0.5732 -0.168 0.7278 -0.1091 -0.6692 -0.1031 0.7966 0.0654 -0.499 0.335 0.6788 -0.2135 -0.6984 -0.0764 -0.7172 -0.3818 0.5209 0.2617 -0.6585 -0.051 -0.7234 0.2012 0.6772 0.0249 -0.7273 -0.1086 0.6884 -0.1492 -0.699 -0.1234 -0.9783 0.0487 -0.1897 0.0683
0.7428 -0.1875 -0.6273 -0.1402 0.5715 -0.5626 -0.5732 -0.168 0.7278 -0.1091 -0.6692 -0.1031 0.7966 0.0654 -0.499 0.335 0.6788 -0.2135 -0.6984 -0.0764 -0.7322 -0.2764 0.5906 0.1964 -0.6585 -0.051 -0.7234 0.2012 0.6529 -0.0186 -0.7556 -0.0489 0.6957 -0.1866 -0.6898 -0.0735 -0.9783 0.0487 -0.1897 0.0683
0.7428 -0.1875 -0.6273 -0.1402 0.5715 -0.5626 -0.5732 -0.168 0.7278 -0.1091 -0.6692 -0.1031 0.7966 0.0654 -0.499 0.335 0.6788 -0.2135 -0.6984 -0.0764 -0.7322 -0.2764 0.5906 0.1964 -0.6585 -0.051 -0.7234 0.2012 0.6529 -0.0186 -0.7556 -0.0489 0.6957 -0.1866 -0.6898 -0.0735 -0.9783 0.0487 -0.1897 0.0683
0.7428 -0.1875 -0.6273 -0.1402 0.5715 -0.5626 -0.5732 -0.168 0.7278 -0.1091 -0.6692 -0.1031 0.7966 0.0654 -0.499 0.335 0.7267 -0.2851 -0.6226 0.0551 -0.7322 -0.2764 0.5906 0.1964 -0.6585 -0.051 -0.7234 0.2012 0.6529 -0.0186 -0.7556 -0.0489 0.6957 -0.1866 -0.6898 -0.0735 -0.9783 0.0487 -0.1897 0.0683
0.7428 -0.1875 -0.6273 -0.1402 0.5684 -0.5795 -0.5457 -0.2083 0.7278 -0.1091 -0.6692 -0.1031 0.7885 0.1047 -0.5948 -0.1159 0.7267 -0.2851 -0.6226 0.0551 -0.7322 -0.2764 0.5906 0.1964 -0.6585 -0.051 -0.7234 0.2012 0.6529 -0.0186 -0.7556 -0.0489 0.6957 -0.1866 -0.6898 -0.0735 -0.9783 0.0487 -0.1897 0.0683
0.7428 -0.1875 -0.6273 -0.1402 0.5684 -0.5795 -0.5457 -0.2083 0.7278 -0.1091 -0.6692 -0.1031 0.7885 0.1047 -0.5948 -0.1159 0.7267 -0.2851 -0.6226 0.0551 -0.7322 -0.2764 0.5906 0.1964 -0.6585 -0.051 -0.7234 0.2012 0.6529 -0.0186 -0.7556 -0.0489 0.6957 -0.1866 -0.6898 -0.0735 -0.9783 0.0487 -0.1897 0.0683
0.7357 -0.2106 -0.6055 -0.2184 0.5684 -0.5795 -0.5457 -0.2083 0.7278 -0.1091 -0.6692 -0.1031 0.7885 0.1047 -0.5948 -0.1159 0.7267 -0.2851 -0.6226 0.0551 -0.7322 -0.2764 0.5906 0.1964 -0.6585 -0.051 -0.7234 0.2012 0.6529 -0.0186 -0.7556 -0.0489 0.6957 -0.1866 -0.6898 -0.0735 -0.9783 0.0487 -0.1897 0.0683
0.7357 -0.2106 -0.6055 -0.2184 0.5684 -0.5795 -0.5457 -0.2083 0.7278 -0.1091 -0.6692 -0.1031 0.7885 0.1047 -0.5948 -0.1159 0.7267 -0.2851 -0.6226 0.0551 -0.7322 -0.2764 0.5906 0.1964 -0.6585 -0.051 -0.7234 0.2012 0.6529 -0.0186 -0.7556 -0.0489 0.6957 -0.1866 -0.6898 -0.0735 -0.9783 0.0487 -0.1897 0.0683
0.7357 -0.2106 -0.6055 -0.2184 0.5684 -0.5795 -0.5457 -0.2083 0.7278 -0.1091 -0.6692 -0.1031 0.7885 0.1047 -0.5948 -0.1159 0.7267 -0.2851 -0.6226 0.0551 -0.7322 -0.2764 0.5906 0.1964 -0.6585 -0.051 -0.7234 0.2012 0.6529 -0.0186 -0.7556 -0.0489 0.7107 -0.2298 -0.6648 -0.0128 -0.9783 0.0487 -0.1897 0.0683
0.7357 -0.2106 -0.6055 -0.2184 0.5684 -0.5795 -0.5457 -0.2083 0.7278 -0.1091 -0.6692 -0.1031 0.7885 0.1047 -0.5948 -0.1159 0.7267 -0.2851 -0.6226 0.0551 -0.7322 -0.2764 0.5906 0.1964 -0.6585 -0.051 -0.7234 0.2012 0.6529 -0.0186 -0.7556 -0.0489 0.7107 -0.2298 -0.6648 -0.0128 -0.9783 0.0487 -0.1897 0.0683
0.7357 -0.2106 -0.6055 -0.2184 0.5684 -0.5795 -0.5457 -0.2083 0.7278 -0.1091 -0.6692 -0.1031 0.7885 0.1047 -0.5948 -0.1159 0.7261 -0.245 -0.6352 0.0964 -0.7322 -0.2764 0.5906 0.1964 -0.6585 -0.051 -0.7234 0.2012 0.6529 -0.0186 -0.7556 -0.0489 0.7107 -0.2298 -0.6648 -0.0128 -0.9783 0.0487 -0.1897 0.0683
0.7357 -0.2106 -0.6055 -0.2184 0.5739 -0.5889 -0.5086 -0.2551 0.7278 -0.1091 -0.6692 -0.1031 0.7543 0.1793 -0.5654 -0.2813 0.7261 -0.245 -0.6352 0.0964 -0.7322 -0.2764 0.5906 0.1964 -0.6585 -0.051 -0.7234 0.2012 0.6529 -0.0186 -0.7556 -0.0489 0.7107 -0.2298 -0.6648 -0.0128 -0.9783 0.0487 -0.1897 0.0683
0.7357 -0.2106 -0.6055 -0.2184 0.5739 -0.5889 -0.5086 -0.2551 0.7278 -0.1091 -0.6692 -0.1031 0.7543 0.1793 -0.5654 -0.2813 0.7261 -0.245 -0.6352 0.0964 -0.7322 -0.2764 0.5906 0.1964 -0.6585 -0.051 -0.7234 0.2012 0.6529 -0.0186 -0.7556 -0.0489 0.7107 -0.2298 -0.6648 -0.0128 -0.9783 0.0487 -0.1897 0.0683
0.7176 -0.2606 -0.5754 -0.2934 0.5739 -0.5889 -0.5086 -0.2551 0.7278 -0.1091 -0.6692 -0.1031 0.7543 0.1793 -0.5654 -0.2813 0.7261 -0.245 -0.6352 0.0964 -0.7322 -0.2764 0.5906 0.1964 -0.6585 -0.051 -0.7234 0.2012 0.6529 -0.0186 -0.7556 -0.0489 0.7107 -0.2298 -0.6648 -0.0128 -0.9783 0.0487 -0.1897 0.0683
0.7176 -0.2606 -0.5754 -0.2934 0.5739 -0.5889 -0.5086 -0.2551 0.7278 -0.1091 -0.6692 -0.1031 0.7543 0.1793 -0.5654 -0.2813 0.7261 -0.245 -0.6352 0.0964 -0.7322 -0.2764 0.5906 0.1964 -0.6585 -0.051 -0.7234 0.2012 0.6529 -0.0186 -0.7556 -0.0489 0.7107 -0.2298 -0.6648 -0.0128 -0.9783 0.0487 -0.1897 0.0683
0.7176 -0.2606 -0.5754 -0.2934 0.5739 -0.5889 -0.5086 -0.2551 0.7278 -0.1091 -0.6692 -0.1031 0.7543 0.1793 -0.5654 -0.2813 0.7261 -0.245 -0.6352 0.0964 -0.6819 -0.0054 0.7073 -0.1862 -0.6585 -0.051 -0.7234 0.2012 0.6177 -0.0538 -0.7808 0.0761 0.7355 -0.2883 -0.6071 0.0855 -0.8489 0.0073 -0.5283 0.0163
0.7176 -0.2606 -0.5754 -0.2934 0.5739 -0.5889 -0.5086 -0.2551 0.7278 -0.1091 -0.6692 -0.1031 0.7543 0.1793 -0.5654 -0.2813 0.7061 -0.2337 -0.6558 0.1295 -0.6819 -0.0054 0.7073 -0.1862 -0.6585 -0.051 -0.7234 0.2012 0.6177 -0.0538 -0.7808 0.0761 0.7355 -0.2883 -0.6071 0.0855 -0.8489 0.0073 -0.5283 0.0163
0.7176 -0.2606 -0.5754 -0.2934 0.584 -0.5745 -0.4725 -0.325 0.7278 -0.1091 -0.6692 -0.1031 0.7543 0.1793 -0.5654 -0.2813 0.7061 -0.2337 -0.6558 0.1295 -0.6819 -0.0054 0.7073 -0.1862 -0.6585 -0.051 -0.7234 0.2012 0.6177 -0.0538 -0.7808 0.0761 0.7355 -0.2883 -0.6071 0.0855 -0.8489 0.0073 -0.5283 0.0163
0.7176 -0.2606 -0.5754 -0.2934 0.584 -0.5745 -0.4725 -0.325 0.7278 -0.1091 -0.6692 -0.1031 0.7429 0.209 -0.5547 -0.311 0.7061 -0.2337 -0.6558 0.1295 -0.6819 -0.0054 0.7073 -0.1862 -0.6585 -0.051 -0.7234 0.2012 0.6177 -0.0538 -0.7808 0.0761 0.7355 -0.2883 -0.6071 0.0855 -0.8489 0.0073 -0.5283 0.0163
0.7176 -0.2606 -0.5754 -0.2934 0.584 -0.5745 -0.4725 -0.325 0.7278 -0.1091 -0.6692 -0.1031 0.7429 0.209 -0.5547 -0.311 0.7061 -0.2337 -0.6558 0.1295 -0.6819 -0.0054 0.7073 -0.1862 -0.6585 -0.051 -0.7234 0.2012 0.6177 -0.0538 -0.7808 0.0761 0.7355 -0.2883 -0.6071 0.0855 -0.8489 0.0073 -0.5283 0.0163
0.7114 -0.2614 -0.5829 -0.2928 0.584 -0.5745 -0.4725 -0.325 0.7278 -0.1091 -0.6692 -0.1031 0.7429 0.209 -0.5547 -0.311 0.7061 -0.2337 -0.6558 0.1295 -0.6819 -0.0054 0.7073 -0.1862 -0.6585 -0.051 -0.7234 0.2012 0.6177 -0.0538 -0.7808 0.0761 0.7355 -0.2883 -0.6071 0.0855 -0.8489 0.0073 -0.5283 0.0163
0.7114 -0.2614 -0.5829 -0.2928 0.584 -0.5745 -0.4725 -0.325 0.7278 -0.1091 -0.6692 -0.1031 0.7429 0.209 -0.5547 -0.311 0.7061 -0.2337 -0.6558 0.1295 -0.6819 -0.0054 0.7073 -0.1862 -0.6585 -0.051 -0.7234 0.2012 0.6177 -0.0538 -0.7808 0.0761 0.7355 -0.2883 -0.6071 0.0855 -0.8489 0.0073 -0.5283 0.0163
0.7114 -0.2614 -0.5829 -0.2928 0.584 -0.5745 -0.4725 -0.325 0.7278 -0.1091 -0.6692 -0.1031 0.7429 0.209 -0.5547 -0.311 0.7061 -0.2337 -0.6558 0.1295 -0.6819 -0.0054 0.7073 -0.1862 -0.6585 -0.051 -0.7234 0.2012 0.6177 -0.0538 -0.7808 0.0761 0.7355 -0.2883 -0.6071 0.0855 -0.8489 0.0073 -0.5283 0.0163
0.7114 -0.2614 -0.5829 -0.2928 0.584 -0.5745 -0.4725 -0.325 0.7186 -0.0938 -0.6592 -0.2004 0.7429 0.209 -0.5547 -0.311 0.7061 -0.2337 -0.6558 0.1295 -0.6819 -0.0054 0.7073 -0.1862 -0.6585 -0.051 -0.7234 0.2012 0.6177 -0.0538 -0.7808 0.0761 0.7631 -0.3328 -0.4954 0.2479 -0.8489 0.0073 -0.5283 0.0163
0.7114 -0.2614 -0.5829 -0.2928 0.6257 -0.5229 -0.5023 -0.2876 0.7186 -0.0938 -0.6592 -0.2004 0.7429 0.209 -0.5547 -0.311 0.6971 -0.2053 -0.6763 0.1201 -0.6819 -0.0054 0.7073 -0.1862 -0.6585 -0.051 -0.7234 0.2012 0.6177 -0.0538 -0.7808 0.0761 0.7631 -0.3328 -0.4954 0.2479 -0.8489 0.0073 -0.5283 0.0163
0.7114 -0.2614 -0.5829 -0.2928 0.6257 -0.5229 -0.5023 -0.2876 0.7186 -0.0938 -0.6592 -0.2004 0.7717 0.1512 -0.5954 -0.1646 0.6971 -0.2053 -0.6763 0.1201 -0.6819 -0.0054 0.7073 -0.1862 -0.6585 -0.051 -0.7234 0.2012 0.6177 -0.0538 -0.7808 0.0761 0.7631 -0.3328 -0.4954 0.2479 -0.8489 0.0073 -0.5283 0.0163
0.7114 -0.2614 -0.5829 -0.2928 0.6257 -0.5229 -0.5023 -0.2876 0.7186 -0.0938 -0.6592 -0.2004 0.7717 0.1512 -0.5954 -0.1646 0.6971 -0.2053 -0.6763 0.1201 -0.6819 -0.0054 0.7073 -0.1862 -0.6585 -0.051 -0.7234 0.2012 0.6177 -0.0538 -0.7808 0.0761 0.7631 -0.3328 -0.4954 0.2479 -0.8489 0.0073 -0.5283 0.0163
0.7408 -0.214 -0.5999 -0.2134 0.6257 -0.5229 -0.5023 -0.2876 0.7186 -0.0938 -0.6592 -0.2004 0.7717 0.1512 -0.5954 -0.1646 0.6971 -0.2053 -0.6763 0.1201 -0.6819 -0.0054 0.7073 -0.1862 -0.6585 -0.051 -0.7234 0.2012 0.6177 -0.0538 -0.7808 0.0761 0.7631 -0.3328 -0.4954 0.2479 -0.8489 0.0073 -0.5283 0.0163
0.7408 -0.214 -0.5999 -0.2134 0.6257 -0.5229 -0.5023 -0.2876 0.7186 -0.0938 -0.6592 -0.2004 0.7717 0.1512 -0.5954 -0.1646 0.6971 -0.2053 -0.6763 0.1201 -0.6819 -0.0054 0.7073 -0.1862 -0.6585 -0.051 -0.7234 0.2012 0.6177 -0.0538 -0.7808 0.0761 0.7631 -0.3328 -0.4954 0.2479 -0.8489 0.0073 -0.5283 0.0163
0.7408 -0.214 -0.5999 -0.2134 0.6257 -0.5229 -0.5023 -0.2876 0.7186 -0.0938 -0.6592 -0.2004 0.7717 0.1512 -0.5954 -0.1646 0.6971 -0.2053 -0.6763 0.1201 -0.6819 -0.0054 0.7073 -0.1862 -0.6585 -0.051 -0.7234 0.2012 0.6177 -0.0538 -0.7808 0.0761 0.7867 -0.2859 -0.4722 0.2762 -0.8489 0.0073 -0.5283 0.0163
0.7408 -0.214 -0.5999 -0.2134 0.6257 -0.5229 -0.5023 -0.2876 0.7346 -0.0487 -0.6691 -0.1013 0.7717 0.1512 -0.5954 -0.1646 0.6971 -0.2053 -0.6763 0.1201 -0.6819 -0.0054 0.7073 -0.1862 -0.6585 -0.051 -0.7234 0.2012 0.6177 -0.0538 -0.7808 0.0761 0.7867 -0.2859 -0.4722 0.2762 -0.8489 0.0073 -0.5283 0.0163
0.7408 -0.214 -0.5999 -0.2134 0.6257 -0.5229 -0.5023 -0.2876 0.7346 -0.0487 -0.6691 -0.1013 0.7717 0.1512 -0.5954 -0.1646 0.6533 -0.1824 -0.7348 0.0061 -0.6819 -0.0054 0.7073 -0.1862 -0.9484 -0.1221 -0.2899 -0.0391 0.6177 -0.0538 -0.7808 0.0761 0.7867 -0.2859 -0.4722 0.2762 -0.8489 0.0073 -0.5283 0.0163
0.7408 -0.214 -0.5999 -0.2134 0.6257 -0.5229 -0.5023 -0.2876 0.7346 -0.0487 -0.6691 -0.1013 0.7897 0.124 -0.6003 0.027 0.6533 -0.1824 -0.7348 0.0061 -0.6819 -0.0054 0.7073 -0.1862 -0.9484 -0.1221 -0.2899 -0.0391 0.6177 -0.0538 -0.7808 0.0761 0.7867 -0.2859 -0.4722 0.2762 -0.8489 0.0073 -0.5283 0.0163
0.7408 -0.214 -0.5999 -0.2134 0.6257 -0.5229 -0.5023 -0.2876 0.7346 -0.0487 -0.6691 -0.1013 0.7897 0.124 -0.6003 0.027 0.6533 -0.1824 -0.7348 0.0061 -0.6819 -0.0054 0.7073 -0.1862 -0.9484 -0.1221 -0.2899 -0.0391 0.6177 -0.0538 -0.7808 0.0761 0.7867 -0.2859 -0.4722 0.2762 -0.8489 0.0073 -0.5283 0.0163
0.7774 -0.1903 -0.5883 -0.1156 0.6257 -0.5229 -0.5023 -0.2876 0.7346 -0.0487 -0.6691 -0.1013 0.7897 0.124 -0.6003 0.027 0.6533 -0.1824 -0.7348 0.0061 -0.6819 -0.0054 0.7073 -0.1862 -0.9484 -0.1221 -0.2899 -0.0391 0.6177 -0.0538 -0.7808 0.0761 0.7867 -0.2859 -0.4722 0.2762 -0.8489 0.0073 -0.5283 0.0163
0.7774 -0.1903 -0.5883 -0.1156 0.6257 -0.5229 -0.5023 -0.2876 0.7346 -0.0487 -0.6691 -0.1013 0.7897 0.124 -0.6003 0.027 0.6533 -0.1824 -0.7348 0.0061 -0.6819 -0.0054 0.7073 -0.1862 -0.9484 -0.1221 -0.2899 -0.0391 0.6177 -0.0538 -0.7808 0.0761 0.7457 -0.2073 -0.6329 0.0198 -0.8489 0.0073 -0.5283 0.0163
0.7774 -0.1903 -0.5883 -0.1156 0.6257 -0.5229 -0.5023 -0.2876 0.7518 -0.0223 -0.6544 0.0775 0.7897 0.124 -0.6003 0.027 0.6533 -0.1824 -0.7348 0.0061 -0.6819 -0.0054 0.7073 -0.1862 -0.9484 -0.1221 -0.2899 -0.0391 0.6177 -0.0538 -0.7808 0.0761 0.7457 -0.2073 -0.6329 0.0198 -0.8489 0.0073 -0.5283 0.0163
0.7774 -0.1903 -0.5883 -0.1156 0.6257 -0.5229 -0.5023 -0.2876 0.7518 -0.0223 -0.6544 0.0775 0.7897 0.124 -0.6003 0.027 0.6218 -0.1026 -0.7761 -0.0241 -0.6819 -0.0054 0.7073 -0.1862 -0.9484 -0.1221 -0.2899 -0.0391 0.6177 -0.0538 -0.7808 0.0761 0.7457 -0.2073 -0.6329 0.0198 -0.8489 0.0073 -0.5283 0.0163
0.7774 -0.1903 -0.5883 -0.1156 0.5991 -0.5806 -0.5482 -0.0604 0.7518 -0.0223 -0.6544 0.0775 0.7967 0.1235 -0.566 0.1723 0.6218 -0.1026 -0.7761 -0.0241 -0.6819 -0.0054 0.7073 -0.1862 -0.9484 -0.1221 -0.2899 -0.0391 0.6177 -0.0538 -0.7808 0.0761 0.7457 -0.2073 -0.6329 0.0198 -0.8489 0.0073 -0.5283 0.0163
0.7774 -0.1903 -0.5883 -0.1156 0.5991 -0.5806 -0.5482 -0.0604 0.7518 -0.0223 -0.6544 0.0775 0.7967 0.1235 -0.566 0.1723 0.6218 -0.1026 -0.7761 -0.0241 -0.6819 -0.0054 0.7073 -0.1862 -0.9484 -0.1221 -0.2899 -0.0391 0.6177 -0.0538 -0.7808 0.0761 0.7457 -0.2073 -0.6329 0.0198 -0.8489 0.0073 -0.5283 0.0163
0.7774 -0.1903 -0.5883 -0.1156 0.5991 -0.5806 -0.5482 -0.0604 0.7518 -0.0223 -0.6544 0.0775 0.7967 0.1235 -0.566 0.1723 0.6218 -0.1026 -0.7761 -0.0241 -0.6819 -0.0054 0.7073 -0.1862 -0.9484 -0.1221 -0.2899 -0.0391 0.6177 -0.0538 -0.7808 0.0761 0.7457 -0.2073 -0.6329 0.0198 -0.8489 0.0073 -0.5283 0.0163
0.8048 -0.1938 -0.5591 -0.0453 0.5991 -0.5806 -0.5482 -0.0604 0.7518 -0.0223 -0.6544 0.0775 0.7967 0.1235 -0.566 0.1723 0.6218 -0.1026 -0.7761 -0.0241 -0.6819 -0.0054 0.7073 -0.1862 -0.9484 -0.1221 -0.2899 -0.0391 0.6177 -0.0538 -0.7808 0.0761 0.7457 -0.2073 -0.6329 0.0198 -0.8489 0.0073 -0.5283 0.0163
0.8048 -0.1938 -0.5591 -0.0453 0.5991 -0.5806 -0.5482 -0.0604 0.7518 -0.0223 -0.6544 0.0775 0.7967 0.1235 -0.566 0.1723 0.6218 -0.1026 -0.7761 -0.0241 -0.6819 -0.0054 0.7073 -0.1862 -0.9484 -0.1221 -0.2899 -0.0391 0.6177 -0.0538 -0.7808 0.0761 0.7457 -0.2073 -0.6329 0.0198 -0.8489 0.0073 -0.5283 0.0163
0.8048 -0.1938 -0.5591 -0.0453 0.5991 -0.5806 -0.5482 -0.0604 0.7518 -0.0223 -0.6544 0.0775 0.7967 0.1235 -0.566 0.1723 0.6218 -0.1026 -0.7761 -0.0241 -0.6819 -0.0054 0.7073 -0.1862 -0.9484 -0.1221 -0.2899 -0.0391 0.6177 -0.0538 -0.7808 0.0761 0.7457 -0.2073 -0.6329 0.0198 -0.8489 0.0073 -0.5283 0.0163
0.8048 -0.1938 -0.5591 -0.0453 0.5991 -0.5806 -0.5482 -0.0604 0.7518 -0.0223 -0.6544 0.0775 0.7967 0.1235 -0.566 0.1723 0.6218 -0.1026 -0.7761 -0.0241 -0.6819 -0.0054 0.7073 -0.1862 -0.9484 -0.1221 -0.2899 -0.0391 0.6177 -0.0538 -0.7808 0.0761 0.7457 -0.2073 -0.6329 0.0198 -0.8489 0.0073 -0.5283 0.0163
0.8048 -0.1938 -0.5591 -0.0453 0.5837 -0.5915 -0.5554 0.0307 0.7563 -0.0157 -0.6231 0.1987 0.7967 0.1235 -0.566 0.1723 0.5855 -0.1033 -0.7908 -0.1455 -0.7011 -0.2792 0.6561 0.0021 -0.9243 -0.1053 -0.3668 0.0101 0.7114 0.1212 -0.6545 -0.2253 0.6462 0.0242 -0.7181 -0.2574 -0.9897 0.0744 -0.0909 0.0818
0.8048 -0.1938 -0.5591 -0.0453 0.5837 -0.5915 -0.5554 0.0307 0.7563 -0.0157 -0.6231 0.1987 0.7967 0.1235 -0.566 0.1723 0.5855 -0.1033 -0.7908 -0.1455 -0.7011 -0.2792 0.6561 0.0021 -0.9243 -0.1053 -0.3668 0.0101 0.7114 0.1212 -0.6545 -0.2253 0.6462 0.0242 -0.7181 -0.2574 -0.9897 0.0744 -0.0909 0.0818
0.8048 -0.1938 -0.5591 -0.0453 0.5837 -0.5915 -0.5554 0.0307 0.7563 -0.0157 -0.6231 0.1987 0.7967 0.1235 -0.566 0.1723 0.5855 -0.1033 -0.7908 -0.1455 -0.7011 -0.2792 0.6561 0.0021 -0.9243 -0.1053 -0.3668 0.0101 0.7114 0.1212 -0.6545 -0.2253 0.6462 0.0242 -0.7181 -0.2574 -0.9897 0.0744 -0.0909 0.0818
0.8072 -0.2234 -0.5451 -0.0374 0.5837 -0.5915 -0.5554 0.0307 0.7563 -0.0157 -0.6231 0.1987 0.7967 0.1235 -0.566 0.1723 0.5855 -0.1033 -0.7908 -0.1455 -0.7011 -0.2792 0.6561 0.0021 -0.9243 -0.1053 -0.3668 0.0101 0.7114 0.1212 -0.6545 -0.2253 0.6462 0.0242 -0.7181 -0.2574 -0.9897 0.0744 -0.0909 0.0818
0.8072 -0.2234 -0.5451 -0.0374 0.5837 -0.5915 -0.5554 0.0307 0.7563 -0.0157 -0.6231 0.1987 0.7967 0.1235 -0.566 0.1723 0.5855 -0.1033 -0.7908 -0.1455 -0.7011 -0.2792 0.6561 0.0021 -0.9243 -0.1053 -0.3668 0.0101 0.7001 0.061 -0.6487 -0.292 0.6462 0.0242 -0.7181 -0.2574 -0.9897 0.0744 -0.0909 0.0818
0.8072 -0.2234 -0.5451 -0.0374 0.5837 -0.5915 -0.5554 0.0307 0.7563 -0.0157 -0.6231 0.1987 0.7967 0.1235 -0.566 0.1723 0.5855 -0.1033 -0.7908 -0.1455 -0.7011 -0.2792 0.6561 0.0021 -0.9243 -0.1053 -0.3668 0.0101 0.7001 0.061 -0.6487 -0.292 0.6498 3.0E-4 -0.736 -0.1902 -0.9897 0.0744 -0.0909 0.0818
0.8072 -0.2234 -0.5451 -0.0374 0.5837 -0.5915 -0.5554 0.0307 0.7497 -0.0032 -0.6102 0.2561 0.7967 0.1235 -0.566 0.1723 0.5883 -0.0883 -0.7794 -0.1967 -0.7011 -0.2792 0.6561 0.0021 -0.9243 -0.1053 -0.3668 0.0101 0.7001 0.061 -0.6487 -0.292 0.6498 3.0E-4 -0.736 -0.1902 -0.9897 0.0744 -0.0909 0.0818
0.8072 -0.2234 -0.5451 -0.0374 0.5837 -0.5915 -0.5554 0.0307 0.7497 -0.0032 -0.6102 0.2561 0.7967 0.1235 -0.566 0.1723 0.5883 -0.0883 -0.7794 -0.1967 -0.7011 -0.2792 0.6561 0.0021 -0.9243 -0.1053 -0.3668 0.0101 0.7001 0.061 -0.6487 -0.292 0.6498 3.0E-4 -0.736 -0.1902 -0.9897 0.0744 -0.0909 0.0818
0.8072 -0.2234 -0.5451 -0.0374 0.5941 -0.5754 -0.5612 0.0331 0.7497 -0.0032 -0.6102 0.2561 0.7675 0.0828 -0.5363 0.3413 0.5883 -0.0883 -0.7794 -0.1967 -0.7011 -0.2792 0.6561 0.0021 -0.9243 -0.1053 -0.3668 0.0101 0.7001 0.061 -0.6487 -0.292 0.6498 3.0E-4 -0.736 -0.1902 -0.9897 0.0744 -0.0909 0.0818
0.8072 -0.2234 -0.5451 -0.0374 0.5941 -0.5754 -0.5612 0.0331 0.7497 -0.0032 -0.6102 0.2561 0.7675 0.0828 -0.5363 0.3413 0.5883 -0.0883 -0.7794 -0.1967 -0.7011 -0.2792 0.6561 0.0021 -0.9243 -0.1053 -0.3668 0.0101 0.7001 0.061 -0.6487 -0.292 0.6498 3.0E-4 -0.736 -0.1902 -0.9897 0.0744 -0.0909 0.0818
0.7897 -0.2291 -0.5658 -0.0614 0.5941 -0.5754 -0.5612 0.0331 0.7497 -0.0032 -0.6102 0.2561 0.7675 0.0828 -0.5363 0.3413 0.5883 -0.0883 -0.7794 -0.1967 -0.7011 -0.2792 0.6561 0.0021 -0.9243 -0.1053 -0.3668 0.0101 0.7001 0.061 -0.6487 -0.292 0.6498 3.0E-4 -0.736 -0.1902 -0.9897 0.0744 -0.0909 0.0818
0.7897 -0.2291 -0.5658 -0.0614 0.5941 -0.5754 -0.5612 0.0331 0.7497 -0.0032 -0.6102 0.2561 0.7675 0.0828 -0.5363 0.3413 0.5883 -0.0883 -0.7794 -0.1967 -0.7011 -0.2792 0.6561 0.0021 -0.9243 -0.1053 -0.3668 0.0101 0.7001 0.061 -0.6487 -0.292 0.6498 3.0E-4 -0.736 -0.1902 -0.9897 0.0744 -0.0909 0.0818
0.7897 -0.2291 -0.5658 -0.0614 0.5941 -0.5754 -0.5612 0.0331 0.7494 -0.0125 -0.636 0.1837 0.7675 0.0828 -0.5363 0.3413 0.5883 -0.0883 -0.7794 -0.1967 -0.7011 -0.2792 0.6561 0.0021 -0.9243 -0.1053 -0.3668 0.0101 0.6857 0.0853 -0.683 -0.2365 0.6852 -0.1293 -0.7081 -0.1108 -0.9897 0.0744 -0.0909 0.0818
0.7897 -0.2291 -0.5658 -0.0614 0.5941 -0.5754 -0.5612 0.0331 0.7494 -0.0125 -0.636 0.1837 0.7675 0.0828 -0.5363 0.3413 0.5883 -0.0883 -0.7794 -0.1967 -0.7011 -0.2792 0.6561 0.0021 -0.9243 -0.1053 -0.3668 0.0101 0.6857 0.0853 -0.683 -0.2365 0.6852 -0.1293 -0.7081 -0.1108 -0.9897 0.0744 -0.0909 0.0818
0.7897 -0.2291 -0.5658 -0.0614 0.5941 -0.5754 -0.5612 0.0331 0.7494 -0.0125 -0.636 0.1837 0.7675 0.0828 -0.5363 0.3413 0.6623 -0.1672 -0.7203 -0.121 -0.7011 -0.2792 0.6561 0.0021 -0.598 -0.057 -0.7662 0.2281 0.6857 0.0853 -0.683 -0.2365 0.6852 -0.1293 -0.7081 -0.1108 -0.9897 0.0744 -0.0909 0.0818
0.7897 -0.2291 -0.5658 -0.0614 0.5941 -0.5754 -0.5612 0.0331 0.7494 -0.0125 -0.636 0.1837 0.7675 0.0828 -0.5363 0.3413 0.6623 -0.1672 -0.7203 -0.121 -0.7011 -0.2792 0.6561 0.0021 -0.598 -0.057 -0.7662 0.2281 0.6857 0.0853 -0.683 -0.2365 0.6852 -0.1293 -0.7081 -0.1108 -0.9897 0.0744 -0.0909 0.0818
0.7897 -0.2291 -0.5658 -0.0614 0.5941 -0.5754 -0.5612 0.0331 0.7494 -0.0125 -0.636 0.1837 0.7675 0.0828 -0.5363 0.3413 0.6623 -0.1672 -0.7203 -0.121 -0.7011 -0.2792 0.6561 0.0021 -0.598 -0.057 -0.7662 0.2281 0.6857 0.0853 -0.683 -0.2365 0.6852 -0.1293 -0.7081 -0.1108 -0.9897 0.0744 -0.0909 0.0818
0.7683 -0.2382 -0.5851 -0.1028 0.5941 -0.5754 -0.5612 0.0331 0.7494 -0.0125 -0.636 0.1837 0.7675 0.0828 -0.5363 0.3413 0.6623 -0.1672 -0.7203 -0.121 -0.7011 -0.2792 0.6561 0.0021 -0.598 -0.057 -0.7662 0.2281 0.6857 0.0853 -0.683 -0.2365 0.6852 -0.1293 -0.7081 -0.1108 -0.9897 0.0744 -0.0909 0.0818
0.7683 -0.2382 -0.5851 -0.1028 0.5941 -0.5754 -0.5612 0.0331 0.7494 -0.0125 -0.636 0.1837 0.7675 0.0828 -0.5363 0.3413 0.6623 -0.1672 -0.7203 -0.121 -0.7011 -0.2792 0.6561 0.0021 -0.598 -0.057 -0.7662 0.2281 0.6709 0.0476 -0.7311 -0.1146 0.6852 -0.1293 -0.7081 -0.1108 -0.9897 0.0744 -0.0909 0.0818
0.7683 -0.2382 -0.5851 -0.1028 0.5941 -0.5754 -0.5612 0.0331 0.7494 -0.0125 -0.636 0.1837 0.7675 0.0828 -0.5363 0.3413 0.6623 -0.1672 -0.7203 -0.121 -0.7011 -0.2792 0.6561 0.0021 -0.598 -0.057 -0.7662 0.2281 0.6709 0.0476 -0.7311 -0.1146 0.6852 -0.1293 -0.7081 -0.1108 -0.9897 0.0744 -0.0909 0.0818
0.7683 -0.2382 -0.5851 -0.1028 0.5941 -0.5754 -0.5612 0.0331 0.7611 -0.067 -0.6451 0.0098 0.7675 0.0828 -0.5363 0.3413 0.7006 -0.2579 -0.6649 0.022 -0.7011 -0.2792 0.6561 0.0021 -0.7676 -0.0588 -0.6229 0.1387 0.6709 0.0476 -0.7311 -0.1146 0.6912 -0.1497 -0.7048 -0.0549 -0.9366 0.0251 -0.3464 0.045
0.7683 -0.2382 -0.5851 -0.1028 0.569 -0.6076 -0.5378 -0.1331 0.7611 -0.067 -0.6451 0.0098 0.7675 0.0828 -0.5363 0.3413 0.7006 -0.2579 -0.6649 0.022 -0.7011 -0.2792 0.6561 0.0021 -0.7676 -0.0588 -0.6229 0.1387 0.6709 0.0476 -0.7311 -0.1146 0.6912 -0.1497 -0.7048 -0.0549 -0.9366 0.0251 -0.3464 0.045
0.7683 -0.2382 -0.5851 -0.1028 0.569 -0.6076 -0.5378 -0.1331 0.7611 -0.067 -0.6451 0.0098 0.7675 0.0828 -0.5363 0.3413 0.7006 -0.2579 -0.6649 0.022 -0.7011 -0.2792 0.6561 0.0021 -0.7676 -0.0588 -0.6229 0.1387 0.6709 0.0476 -0.7311 -0.1146 0.6912 -0.1497 -0.7048 -0.0549 -0.9366 0.0251 -0.3464 0.045
0.7683 -0.2382 -0.5851 -0.1028 0.569 -0.6076 -0.5378 -0.1331 0.7611 -0.067 -0.6451 0.0098 0.7675 0.0828 -0.5363 0.3413 0.7006 -0.2579 -0.6649 0.022 -0.7011 -0.2792 0.6561 0.0021 -0.7676 -0.0588 -0.6229 0.1387 0.6709 0.0476 -0.7311 -0.1146 0.6912 -0.1497 -0.7048 -0.0549 -0.9366 0.0251 -0.3464 0.045
0.7433 -0.2501 -0.5831 -0.2122 0.569 -0.6076 -0.5378 -0.1331 0.7611 -0.067 -0.6451 0.0098 0.7675 0.0828 -0.5363 0.3413 0.7006 -0.2579 -0.6649 0.022 -0.7011 -0.2792 0.6561 0.0021 -0.7676 -0.0588 -0.6229 0.1387 0.6709 0.0476 -0.7311 -0.1146 0.6912 -0.1497 -0.7048 -0.0549 -0.9366 0.0251 -0.3464 0.045
0.7433 -0.2501 -0.5831 -0.2122 0.569 -0.6076 -0.5378 -0.1331 0.7611 -0.067 -0.6451 0.0098 0.7675 0.0828 -0.5363 0.3413 0.7006 -0.2579 -0.6649 0.022 -0.7011 -0.2792 0.6561 0.0021 -0.7676 -0.0588 -0.6229 0.1387 0.6384 0.0261 -0.7692 0.0098 0.6912 -0.1497 -0.7048 -0.0549 -0.9366 0.0251 -0.3464 0.045
0.7433 -0.2501 -0.5831 -0.2122 0.569 -0.6076 -0.5378 -0.1331 0.7611 -0.067 -0.6451 0.0098 0.7675 0.0828 -0.5363 0.3413 0.7006 -0.2579 -0.6649 0.022 -0.7011 -0.2792 0.6561 0.0021 -0.7676 -0.0588 -0.6229 0.1387 0.6384 0.0261 -0.7692 0.0098 0.6912 -0.1497 -0.7048 -0.0549 -0.9366 0.0251 -0.3464 0.045
0.7433 -0.2501 -0.5831 -0.2122 0.569 -0.6076 -0.5378 -0.1331 0.7689 -0.1008 -0.6135 -0.1489 0.7675 0.0828 -0.5363 0.3413 0.7225 -0.2374 -0.6276 0.1666 -0.7011 -0.2792 0.6561 0.0021 -0.934 -0.1696 -0.3143 -0.0123 0.6384 0.0261 -0.7692 0.0098 0.7086 -0.1433 -0.6909 0.0027 -0.9384 0.0146 -0.3446 0.0236
0.7433 -0.2501 -0.5831 -0.2122 0.569 -0.6076 -0.5378 -0.1331 0.7689 -0.1008 -0.6135 -0.1489 0.7675 0.0828 -0.5363 0.3413 0.7225 -0.2374 -0.6276 0.1666 -0.7011 -0.2792 0.6561 0.0021 -0.934 -0.1696 -0.3143 -0.0123 0.6384 0.0261 -0.7692 0.0098 0.7086 -0.1433 -0.6909 0.0027 -0.9384 0.0146 -0.3446 0.0236
0.7433 -0.2501 -0.5831 -0.2122 0.569 -0.6076 -0.5378 -0.1331 0.7689 -0.1008 -0.6135 -0.1489 0.7675 0.0828 -0.5363 0.3413 0.7225 -0.2374 -0.6276 0.1666 -0.7011 -0.2792 0.6561 0.0021 -0.934 -0.1696 -0.3143 -0.0123 0.6384 0.0261 -0.7692 0.0098 0.7086 -0.1433 -0.6909 0.0027 -0.9384 0.0146 -0.3446 0.0236
0.7433 -0.2501 -0.5831 -0.2122 0.569 -0.6076 -0.5378 -0.1331 0.7689 -0.1008 -0.6135 -0.1489 0.7675 0.0828 -0.5363 0.3413 0.7225 -0.2374 -0.6276 0.1666 -0.7011 -0.2792 0.6561 0.0021 -0.934 -0.1696 -0.3143 -0.0123 0.6384 0.0261 -0.7692 0.0098 0.7086 -0.1433 -0.6909 0.0027 -0.9384 0.0146 -0.3446 0.0236
0.7419 -0.2533 -0.5527 -0.2828 0.569 -0.6076 -0.5378 -0.1331 0.7689 -0.1008 -0.6135 -0.1489 0.7675 0.0828 -0.5363 0.3413 0.7225 -0.2374 -0.6276 0.1666 -0.7011 -0.2792 0.6561 0.0021 -0.934 -0.1696 -0.3143 -0.0123 0.6384 0.0261 -0.7692 0.0098 0.7086 -0.1433 -0.6909 0.0027 -0.9384 0.0146 -0.3446 0.0236
0.7419 -0.2533 -0.5527 -0.2828 0.569 -0.6076 -0.5378 -0.1331 0.7689 -0.1008 -0.6135 -0.1489 0.7675 0.0828 -0.5363 0.3413 0.7225 -0.2374 -0.6276 0.1666 -0.7011 -0.2792 0.6561 0.0021 -0.934 -0.1696 -0.3143 -0.0123 0.6188 -3.0E-4 -0.7811 0.0829 0.7086 -0.1433 -0.6909 0.0027 -0.9384 0.0146 -0.3446 0.0236
0.7419 -0.2533 -0.5527 -0.2828 0.569 -0.6076 -0.5378 -0.1331 0.7689 -0.1008 -0.6135 -0.1489 0.7675 0.0828 -0.5363 0.3413 0.7225 -0.2374 -0.6276 0.1666 -0.7011 -0.2792 0.6561 0.0021 -0.934 -0.1696 -0.3143 -0.0123 0.6188 -3.0E-4 -0.7811 0.0829 0.7086 -0.1433 -0.6909 0.0027 -0.9384 0.0146 -0.3446 0.0236
0.7419 -0.2533 -0.5527 -0.2828 0.569 -0.6076 -0.5378 -0.1331 0.7809 -0.0469 -0.5908 -0.1973 0.7675 0.0828 -0.5363 0.3413 0.7206 -0.2065 -0.6395 0.1706 -0.7011 -0.2792 0.6561 0.0021 -0.9536 -0.2596 -0.043 -0.1469 0.6188 -3.0E-4 -0.7811 0.0829 0.7234 -0.2045 -0.6559 0.0683 -0.9191 0.0214 -0.3935 0.0085
0.7419 -0.2533 -0.5527 -0.2828 0.569 -0.6076 -0.5378 -0.1331 0.7809 -0.0469 -0.5908 -0.1973 0.7675 0.0828 -0.5363 0.3413 0.7206 -0.2065 -0.6395 0.1706 -0.7011 -0.2792 0.6561 0.0021 -0.9536 -0.2596 -0.043 -0.1469 0.6188 -3.0E-4 -0.7811 0.0829 0.7234 -0.2045 -0.6559 0.0683 -0.9191 0.0214 -0.3935 0.0085
0.7419 -0.2533 -0.5527 -0.2828 0.569 -0.6076 -0.5378 -0.1331 0.7809 -0.0469 -0.5908 -0.1973 0.7675 0.0828 -0.5363 0.3413 0.7206 -0.2065 -0.6395 0.1706 -0.7011 -0.2792 0.6561 0.0021 -0.9536 -0.2596 -0.043 -0.1469 0.6188 -3.0E-4 -0.7811 0.0829 0.7234 -0.2045 -0.6559 0.0683 -0.9191 0.0214 -0.3935 0.0085
0.7419 -0.2533 -0.5527 -0.2828 0.569 -0.6076 -0.5378 -0.1331 0.7809 -0.0469 -0.5908 -0.1973 0.7675 0.0828 -0.5363 0.3413 0.7206 -0.2065 -0.6395 0.1706 -0.7011 -0.2792 0.6561 0.0021 -0.9536 -0.2596 -0.043 -0.1469 0.6188 -3.0E-4 -0.7811 0.0829 0.7234 -0.2045 -0.6559 0.0683 -0.9191 0.0214 -0.3935 0.0085
0.7283 -0.2695 -0.5417 -0.3217 0.569 -0.6076 -0.5378 -0.1331 0.7809 -0.0469 -0.5908 -0.1973 0.7675 0.0828 -0.5363 0.3413 0.7206 -0.2065 -0.6395 0.1706 -0.7011 -0.2792 0.6561 0.0021 -0.9536 -0.2596 -0.043 -0.1469 0.6188 -3.0E-4 -0.7811 0.0829 0.7234 -0.2045 -0.6559 0.0683 -0.9191 0.0214 -0.3935 0.0085
0.7283 -0.2695 -0.5417 -0.3217 0.569 -0.6076 -0.5378 -0.1331 0.7809 -0.0469 -0.5908 -0.1973 0.7675 0.0828 -0.5363 0.3413 0.7206 -0.2065 -0.6395 0.1706 -0.7011 -0.2792 0.6561 0.0021 -0.9536 -0.2596 -0.043 -0.1469 0.6431 0.0106 -0.7568 0.1168 0.7234 -0.2045 -0.6559 0.0683 -0.9191 0.0214 -0.3935 0.0085
0.7283 -0.2695 -0.5417 -0.3217 0.569 -0.6076 -0.5378 -0.1331 0.7809 -0.0469 -0.5908 -0.1973 0.7675 0.0828 -0.5363 0.3413 0.7206 -0.2065 -0.6395 0.1706 -0.7011 -0.2792 0.6561 0.0021 -0.9536 -0.2596 -0.043 -0.1469 0.6431 0.0106 -0.7568 0.1168 0.7234 -0.2045 -0.6559 0.0683 -0.9191 0.0214 -0.3935 0.0085
0.7283 -0.2695 -0.5417 -0.3217 0.569 -0.6076 -0.5378 -0.1331 0.7827 -0.0474 -0.6008 -0.1558 0.7675 0.0828 -0.5363 0.3413 0.7206 -0.2065 -0.6395 0.1706 -0.648 -0.0436 0.7242 -0.2315 -0.9536 -0.2596 -0.043 -0.1469 0.6431 0.0106 -0.7568 0.1168 0.7328 -0.3129 -0.5708 0.1982 -0.7133 0.0424 -0.6991 0.0268
0.7283 -0.2695 -0.5417 -0.3217 0.569 -0.6076 -0.5378 -0.1331 0.7827 -0.0474 -0.6008 -0.1558 0.7675 0.0828 -0.5363 0.3413 0.7206 -0.2065 -0.6395 0.1706 -0.648 -0.0436 0.7242 -0.2315 -0.9536 -0.2596 -0.043 -0.1469 0.6431 0.0106 -0.7568 0.1168 0.7328 -0.3129 -0.5708 0.1982 -0.7133 0.0424 -0.6991 0.0268
0.7283 -0.2695 -0.5417 -0.3217 0.6107 -0.5493 -0.5074 -0.2608 0.7827 -0.0474 -0.6008 -0.1558 0.8189 0.2159 -0.4731 -0.2428 0.6945 -0.2331 -0.6676 0.1328 -0.648 -0.0436 0.7242 -0.2315 -0.9536 -0.2596 -0.043 -0.1469 0.6431 0.0106 -0.7568 0.1168 0.7328 -0.3129 -0.5708 0.1982 -0.7133 0.0424 -0.6991 0.0268
0.7283 -0.2695 -0.5417 -0.3217 0.6107 -0.5493 -0.5074 -0.2608 0.7827 -0.0474 -0.6008 -0.1558 0.8189 0.2159 -0.4731 -0.2428 0.6945 -0.2331 -0.6676 0.1328 -0.648 -0.0436 0.7242 -0.2315 -0.9536 -0.2596 -0.043 -0.1469 0.6431 0.0106 -0.7568 0.1168 0.7328 -0.3129 -0.5708 0.1982 -0.7133 0.0424 -0.6991 0.0268
0.736 -0.2228 -0.5832 -0.2619 0.6107 -0.5493 -0.5074 -0.2608 0.7827 -0.0474 -0.6008 -0.1558 0.8189 0.2159 -0.4731 -0.2428 0.6945 -0.2331 -0.6676 0.1328 -0.648 -0.0436 0.7242 -0.2315 -0.9536 -0.2596 -0.043 -0.1469 0.6431 0.0106 -0.7568 0.1168 0.7328 -0.3129 -0.5708 0.1982 -0.7133 0.0424 -0.6991 0.0268
0.736 -0.2228 -0.5832 -0.2619 0.6107 -0.5493 -0.5074 -0.2608 0.7827 -0.0474 -0.6008 -0.1558 0.8189 0.2159 -0.4731 -0.2428 0.6945 -0.2331 -0.6676 0.1328 -0.648 -0.0436 0.7242 -0.2315 -0.9536 -0.2596 -0.043 -0.1469 0.6431 0.0106 -0.7568 0.1168 0.7328 -0.3129 -0.5708 0.1982 -0.7133 0.0424 -0.6991 0.0268
0.736 -0.2228 -0.5832 -0.2619 0.6107 -0.5493 -0.5074 -0.2608 0.7827 -0.0474 -0.6008 -0.1558 0.8189 0.2159 -0.4731 -0.2428 0.6945 -0.2331 -0.6676 0.1328 -0.648 -0.0436 0.7242 -0.2315 -0.9536 -0.2596 -0.043 -0.1469 0.6431 0.0106 -0.7568 0.1168 0.7328 -0.3129 -0.5708 0.1982 -0.7133 0.0424 -0.6991 0.0268
0.736 -0.2228 -0.5832 -0.2619 0.6107 -0.5493 -0.5074 -0.2608 0.7721 4.0E-4 -0.6332 -0.0537 0.8189 0.2159 -0.4731 -0.2428 0.6945 -0.2331 -0.6676 0.1328 -0.6623 -0.1541 0.7119 -0.1756 -0.9536 -0.2596 -0.043 -0.1469 0.7394 0.1337 -0.6597 -0.0137 0.7156 -0.3771 -0.4661 0.3584 -0.5405 -0.0165 -0.8304 -0.1339
0.736 -0.2228 -0.5832 -0.2619 0.6107 -0.5493 -0.5074 -0.2608 0.7721 4.0E-4 -0.6332 -0.0537 0.8189 0.2159 -0.4731 -0.2428 0.6729 -0.2092 -0.7031 0.0958 -0.6623 -0.1541 0.7119 -0.1756 -0.9536 -0.2596 -0.043 -0.1469 0.7394 0.1337 -0.6597 -0.0137 0.7156 -0.3771 -0.4661 0.3584 -0.5405 -0.0165 -0.8304 -0.1339
0.736 -0.2228 -0.5832 -0.2619 0.6522 -0.4841 -0.559 -0.1669 0.7721 4.0E-4 -0.6332 -0.0537 0.8189 0.2159 -0.4731 -0.2428 0.6729 -0.2092 -0.7031 0.0958 -0.6623 -0.1541 0.7119 -0.1756 -0.9536 -0.2596 -0.043 -0.1469 0.7394 0.1337 -0.6597 -0.0137 0.7156 -0.3771 -0.4661 0.3584 -0.5405 -0.0165 -0.8304 -0.1339
0.736 -0.2228 -0.5832 -0.2619 0.6522 -0.4841 -0.559 -0.1669 0.7721 4.0E-4 -0.6332 -0.0537 0.8189 0.2159 -0.4731 -0.2428 0.6729 -0.2092 -0.7031 0.0958 -0.6623 -0.1541 0.7119 -0.1756 -0.9536 -0.2596 -0.043 -0.1469 0.7394 0.1337 -0.6597 -0.0137 0.7156 -0.3771 -0.4661 0.3584 -0.5405 -0.0165 -0.8304 -0.1339
0.736 -0.2228 -0.5832 -0.2619 0.6522 -0.4841 -0.559 -0.1669 0.7721 4.0E-4 -0.6332 -0.0537 0.8189 0.2159 -0.4731 -0.2428 0.6729 -0.2092 -0.7031 0.0958 -0.6623 -0.1541 0.7119 -0.1756 -0.9536 -0.2596 -0.043 -0.1469 0.7394 0.1337 -0.6597 -0.0137 0.7156 -0.3771 -0.4661 0.3584 -0.5405 -0.0165 -0.8304 -0.1339
0.796 -0.1186 -0.5854 -0.0983 0.6522 -0.4841 -0.559 -0.1669 0.7721 4.0E-4 -0.6332 -0.0537 0.8189 0.2159 -0.4731 -0.2428 0.6729 -0.2092 -0.7031 0.0958 -0.6623 -0.1541 0.7119 -0.1756 -0.9536 -0.2596 -0.043 -0.1469 0.7709 0.2531 -0.5146 -0.2771 0.7156 -0.3771 -0.4661 0.3584 -0.5405 -0.0165 -0.8304 -0.1339
0.796 -0.1186 -0.5854 -0.0983 0.6522 -0.4841 -0.559 -0.1669 0.7721 4.0E-4 -0.6332 -0.0537 0.8189 0.2159 -0.4731 -0.2428 0.6729 -0.2092 -0.7031 0.0958 -0.6623 -0.1541 0.7119 -0.1756 -0.9536 -0.2596 -0.043 -0.1469 0.7709 0.2531 -0.5146 -0.2771 0.7156 -0.3771 -0.4661 0.3584 -0.5405 -0.0165 -0.8304 -0.1339
0.796 -0.1186 -0.5854 -0.0983 0.6522 -0.4841 -0.559 -0.1669 0.7733 0.0173 -0.6304 0.0649 0.8189 0.2159 -0.4731 -0.2428 0.6428 -0.2 -0.7393 0.0154 -0.6686 -0.183 0.7112 -0.1169 -0.9418 -0.1419 -0.3047 -0.0098 0.7709 0.2531 -0.5146 -0.2771 0.7096 -0.3948 -0.499 0.3026 -0.6938 -0.0151 -0.7177 -0.0568
0.796 -0.1186 -0.5854 -0.0983 0.6151 -0.5232 -0.5895 -0.0211 0.7733 0.0173 -0.6304 0.0649 0.8189 0.2159 -0.4731 -0.2428 0.6428 -0.2 -0.7393 0.0154 -0.6686 -0.183 0.7112 -0.1169 -0.9418 -0.1419 -0.3047 -0.0098 0.7709 0.2531 -0.5146 -0.2771 0.7096 -0.3948 -0.499 0.3026 -0.6938 -0.0151 -0.7177 -0.0568
0.796 -0.1186 -0.5854 -0.0983 0.6151 -0.5232 -0.5895 -0.0211 0.7733 0.0173 -0.6304 0.0649 0.8189 0.2159 -0.4731 -0.2428 0.6428 -0.2 -0.7393 0.0154 -0.6686 -0.183 0.7112 -0.1169 -0.9418 -0.1419 -0.3047 -0.0098 0.7709 0.2531 -0.5146 -0.2771 0.7096 -0.3948 -0.499 0.3026 -0.6938 -0.0151 -0.7177 -0.0568
0.796 -0.1186 -0.5854 -0.0983 0.6151 -0.5232 -0.5895 -0.0211 0.7733 0.0173 -0.6304 0.0649 0.8189 0.2159 -0.4731 -0.2428 0.6428 -0.2 -0.7393 0.0154 -0.6686 -0.183 0.7112 -0.1169 -0.9418 -0.1419 -0.3047 -0.0098 0.7709 0.2531 -0.5146 -0.2771 0.7096 -0.3948 -0.499 0.3026 -0.6938 -0.0151 -0.7177 -0.0568
0.8025 -0.1866 -0.558 -0.0995 0.6151 -0.5232 -0.5895 -0.0211 0.7733 0.0173 -0.6304 0.0649 0.8189 0.2159 -0.4731 -0.2428 0.6428 -0.2 -0.7393 0.0154 -0.6686 -0.183 0.7112 -0.1169 -0.9418 -0.1419 -0.3047 -0.0098 0.7709 0.2531 -0.5146 -0.2771 0.7096 -0.3948 -0.499 0.3026 -0.6938 -0.0151 -0.7177 -0.0568
0.8025 -0.1866 -0.558 -0.0995 0.6151 -0.5232 -0.5895 -0.0211 0.7733 0.0173 -0.6304 0.0649 0.8189 0.2159 -0.4731 -0.2428 0.6428 -0.2 -0.7393 0.0154 -0.6686 -0.183 0.7112 -0.1169 -0.9418 -0.1419 -0.3047 -0.0098 0.7709 0.2531 -0.5146 -0.2771 0.7096 -0.3948 -0.499 0.3026 -0.6938 -0.0151 -0.7177 -0.0568
0.8025 -0.1866 -0.558 -0.0995 0.6151 -0.5232 -0.5895 -0.0211 0.7733 0.0173 -0.6304 0.0649 0.8189 0.2159 -0.4731 -0.2428 0.6428 -0.2 -0.7393 0.0154 -0.6686 -0.183 0.7112 -0.1169 -0.9418 -0.1419 -0.3047 -0.0098 0.7709 0.2531 -0.5146 -0.2771 0.7096 -0.3948 -0.499 0.3026 -0.6938 -0.0151 -0.7177 -0.0568
0.8025 -0.1866 -0.558 -0.0995 0.6151 -0.5232 -0.5895 -0.0211 0.764 -0.0125 -0.6178 0.1855 0.8189 0.2159 -0.4731 -0.2428 0.6093 -0.1673 -0.7744 -0.0344 -0.6734 -0.2076 0.7056 -0.0748 -0.9357 -0.1323 -0.3269 0.0033 0.7362 0.3173 -0.3814 -0.4603 0.7401 -0.2205 -0.6349 0.0239 -0.9088 0.0095 -0.4169 0.0151
0.8025 -0.1866 -0.558 -0.0995 0.6151 -0.5232 -0.5895 -0.0211 0.764 -0.0125 -0.6178 0.1855 0.8189 0.2159 -0.4731 -0.2428 0.6093 -0.1673 -0.7744 -0.0344 -0.6734 -0.2076 0.7056 -0.0748 -0.9357 -0.1323 -0.3269 0.0033 0.7362 0.3173 -0.3814 -0.4603 0.7401 -0.2205 -0.6349 0.0239 -0.9088 0.0095 -0.4169 0.0151
0.8025 -0.1866 -0.558 -0.0995 0.6151 -0.5232 -0.5895 -0.0211 0.764 -0.0125 -0.6178 0.1855 0.8189 0.2159 -0.4731 -0.2428 0.6093 -0.1673 -0.7744 -0.0344 -0.6734 -0.2076 0.7056 -0.0748 -0.9357 -0.1323 -0.3269 0.0033 0.7362 0.3173 -0.3814 -0.4603 0.7401 -0.2205 -0.6349 0.0239 -0.9088 0.0095 -0.4169 0.0151
0.8025 -0.1866 -0.558 -0.0995 0.6151 -0.5232 -0.5895 -0.0211 0.764 -0.0125 -0.6178 0.1855 0.8189 0.2159 -0.4731 -0.2428 0.6093 -0.1673 -0.7744 -0.0344 -0.6734 -0.2076 0.7056 -0.0748 -0.9357 -0.1323 -0.3269 0.0033 0.7362 0.3173 -0.3814 -0.4603 0.7401 -0.2205 -0.6349 0.0239 -0.9088 0.0095 -0.4169 0.0151
0.7949 -0.1942 -0.563 -0.1157 0.6151 -0.5232 -0.5895 -0.0211 0.764 -0.0125 -0.6178 0.1855 0.8189 0.2159 -0.4731 -0.2428 0.6093 -0.1673 -0.7744 -0.0344 -0.6734 -0.2076 0.7056 -0.0748 -0.9357 -0.1323 -0.3269 0.0033 0.7362 0.3173 -0.3814 -0.4603 0.7401 -0.2205 -0.6349 0.0239 -0.9088 0.0095 -0.4169 0.0151
0.7949 -0.1942 -0.563 -0.1157 0.6151 -0.5232 -0.5895 -0.0211 0.764 -0.0125 -0.6178 0.1855 0.8189 0.2159 -0.4731 -0.2428 0.6093 -0.1673 -0.7744 -0.0344 -0.6734 -0.2076 0.7056 -0.0748 -0.9357 -0.1323 -0.3269 0.0033 0.7362 0.3173 -0.3814 -0.4603 0.7401 -0.2205 -0.6349 0.0239 -0.9088 0.0095 -0.4169 0.0151
0.7949 -0.1942 -0.563 -0.1157 0.6151 -0.5232 -0.5895 -0.0211 0.764 -0.0125 -0.6178 0.1855 0.8189 0.2159 -0.4731 -0.2428 0.6093 -0.1673 -0.7744 -0.0344 -0.6734 -0.2076 0.7056 -0.0748 -0.9357 -0.1323 -0.3269 0.0033 0.7362 0.3173 -0.3814 -0.4603 0.7401 -0.2205 -0.6349 0.0239 -0.9088 0.0095 -0.4169 0.0151
0.7949 -0.1942 -0.563 -0.1157 0.6151 -0.5232 -0.5895 -0.0211 0.7597 -0.059 -0.6147 0.2037 0.8189 0.2159 -0.4731 -0.2428 0.5914 -0.1688 -0.783 -0.0933 -0.6747 -0.2672 0.6867 -0.042 -0.9233 -0.1304 -0.3613 0.0088 0.7333 0.277 -0.4152 -0.4617 0.676 -0.0281 -0.7178 -0.164 -0.9821 0.0546 -0.1613 0.0811
0.7949 -0.1942 -0.563 -0.1157 0.6151 -0.5232 -0.5895 -0.0211 0.7597 -0.059 -0.6147 0.2037 0.8189 0.2159 -0.4731 -0.2428 0.5914 -0.1688 -0.783 -0.0933 -0.6747 -0.2672 0.6867 -0.042 -0.9233 -0.1304 -0.3613 0.0088 0.7333 0.277 -0.4152 -0.4617 0.676 -0.0281 -0.7178 -0.164 -0.9821 0.0546 -0.1613 0.0811
0.7949 -0.1942 -0.563 -0.1157 0.4879 -0.623 -0.6047 0.0906 0.7597 -0.059 -0.6147 0.2037 0.7957 -0.004 -0.5613 0.2275 0.5914 -0.1688 -0.783 -0.0933 -0.6747 -0.2672 0.6867 -0.042 -0.9233 -0.1304 -0.3613 0.0088 0.7333 0.277 -0.4152 -0.4617 0.676 -0.0281 -0.7178 -0.164 -0.9821 0.0546 -0.1613 0.0811
0.7949 -0.1942 -0.563 -0.1157 0.4879 -0.623 -0.6047 0.0906 0.7597 -0.059 -0.6147 0.2037 0.7957 -0.004 -0.5613 0.2275 0.5914 -0.1688 -0.783 -0.0933 -0.6747 -0.2672 0.6867 -0.042 -0.9233 -0.1304 -0.3613 0.0088 0.7333 0.277 -0.4152 -0.4617 0.676 -0.0281 -0.7178 -0.164 -0.9821 0.0546 -0.1613 0.0811
0.7929 -0.2185 -0.5522 -0.1361 0.4879 -0.623 -0.6047 0.0906 0.7597 -0.059 -0.6147 0.2037 0.7957 -0.004 -0.5613 0.2275 0.5914 -0.1688 -0.783 -0.0933 -0.6747 -0.2672 0.6867 -0.042 -0.9233 -0.1304 -0.3613 0.0088 0.7333 0.277 -0.4152 -0.4617 0.676 -0.0281 -0.7178 -0.164 -0.9821 0.0546 -0.1613 0.0811
0.7929 -0.2185 -0.5522 -0.1361 0.4879 -0.623 -0.6047 0.0906 0.7597 -0.059 -0.6147 0.2037 0.7957 -0.004 -0.5613 0.2275 0.5914 -0.1688 -0.783 -0.0933 -0.6747 -0.2672 0.6867 -0.042 -0.9233 -0.1304 -0.3613 0.0088 0.7333 0.277 -0.4152 -0.4617 0.676 -0.0281 -0.7178 -0.164 -0.9821 0.0546 -0.1613 0.0811
0.7929 -0.2185 -0.5522 -0.1361 0.4879 -0.623 -0.6047 0.0906 0.7682 -0.0547 -0.6016 0.2117 0.7957 -0.004 -0.5613 0.2275 0.5914 -0.1688 -0.783 -0.0933 -0.691 -0.274 0.6646 0.0755 -0.9233 -0.1304 -0.3613 0.0088 0.7239 0.1419 -0.5706 -0.361 0.676 -0.0281 -0.7178 -0.164 -0.9821 0.0546 -0.1613 0.0811
0.7929 -0.2185 -0.5522 -0.1361 0.4879 -0.623 -0.6047 0.0906 0.7682 -0.0547 -0.6016 0.2117 0.7957 -0.004 -0.5613 0.2275 0.5784 -0.2115 -0.7525 -0.2332 -0.691 -0.274 0.6646 0.0755 -0.8978 -0.12 -0.4208 0.0487 0.7239 0.1419 -0.5706 -0.361 0.6398 0.0178 -0.7299 -0.2398 -0.9821 0.0546 -0.1613 0.0811
0.7929 -0.2185 -0.5522 -0.1361 0.542 -0.5712 -0.6013 0.1357 0.7682 -0.0547 -0.6016 0.2117 0.7957 -0.004 -0.5613 0.2275 0.5784 -0.2115 -0.7525 -0.2332 -0.691 -0.274 0.6646 0.0755 -0.8978 -0.12 -0.4208 0.0487 0.7239 0.1419 -0.5706 -0.361 0.6398 0.0178 -0.7299 -0.2398 -0.9821 0.0546 -0.1613 0.0811
0.7929 -0.2185 -0.5522 -0.1361 0.542 -0.5712 -0.6013 0.1357 0.7682 -0.0547 -0.6016 0.2117 0.7957 -0.004 -0.5613 0.2275 0.5784 -0.2115 -0.7525 -0.2332 -0.691 -0.274 0.6646 0.0755 -0.8978 -0.12 -0.4208 0.0487 0.7239 0.1419 -0.5706 -0.361 0.6398 0.0178 -0.7299 -0.2398 -0.9821 0.0546 -0.1613 0.0811
0.7929 -0.2185 -0.5522 -0.1361 0.542 -0.5712 -0.6013 0.1357 0.7682 -0.0547 -0.6016 0.2117 0.7957 -0.004 -0.5613 0.2275 0.5784 -0.2115 -0.7525 -0.2332 -0.691 -0.274 0.6646 0.0755 -0.8978 -0.12 -0.4208 0.0487 0.7239 0.1419 -0.5706 -0.361 0.6398 0.0178 -0.7299 -0.2398 -0.9821 0.0546 -0.1613 0.0811
0.7998 -0.2822 -0.4972 -0.1831 0.542 -0.5712 -0.6013 0.1357 0.7682 -0.0547 -0.6016 0.2117 0.7957 -0.004 -0.5613 0.2275 0.5784 -0.2115 -0.7525 -0.2332 -0.691 -0.274 0.6646 0.0755 -0.8978 -0.12 -0.4208 0.0487 0.7239 0.1419 -0.5706 -0.361 0.6398 0.0178 -0.7299 -0.2398 -0.9821 0.0546 -0.1613 0.0811
0.7998 -0.2822 -0.4972 -0.1831 0.542 -0.5712 -0.6013 0.1357 0.7682 -0.0547 -0.6016 0.2117 0.7957 -0.004 -0.5613 0.2275 0.5784 -0.2115 -0.7525 -0.2332 -0.691 -0.274 0.6646 0.0755 -0.8978 -0.12 -0.4208 0.0487 0.7239 0.1419 -0.5706 -0.361 0.6398 0.0178 -0.7299 -0.2398 -0.9821 0.0546 -0.1613 0.0811
0.7998 -0.2822 -0.4972 -0.1831 0.542 -0.5712 -0.6013 0.1357 0.7682 -0.0547 -0.6016 0.2117 0.7957 -0.004 -0.5613 0.2275 0.5784 -0.2115 -0.7525 -0.2332 -0.708 -0.3018 0.6151 0.171 -0.8978 -0.12 -0.4208 0.0487 0.6847 0.0107 -0.658 -0.3133 0.6398 0.0178 -0.7299 -0.2398 -0.9821 0.0546 -0.1613 0.0811
0.7998 -0.2822 -0.4972 -0.1831 0.542 -0.5712 -0.6013 0.1357 0.7682 -0.0547 -0.6016 0.2117 0.7957 -0.004 -0.5613 0.2275 0.5784 -0.2115 -0.7525 -0.2332 -0.708 -0.3018 0.6151 0.171 -0.8978 -0.12 -0.4208 0.0487 0.6847 0.0107 -0.658 -0.3133 0.6398 0.0178 -0.7299 -0.2398 -0.967 0.0208 -0.2402 0.0823
0.7998 -0.2822 -0.4972 -0.1831 0.542 -0.5712 -0.6013 0.1357 0.7682 -0.0547 -0.6016 0.2117 0.7957 -0.004 -0.5613 0.2275 0.5784 -0.2115 -0.7525 -0.2332 -0.708 -0.3018 0.6151 0.171 -0.8978 -0.12 -0.4208 0.0487 0.6847 0.0107 -0.658 -0.3133 0.6398 0.0178 -0.7299 -0.2398 -0.967 0.0208 -0.2402 0.0823
0.7998 -0.2822 -0.4972 -0.1831 0.6051 -0.5417 -0.5825 0.0341 0.7682 -0.0547 -0.6016 0.2117 0.817 -0.0087 -0.5717 0.0756 0.5697 -0.1503 -0.7558 -0.2857 -0.708 -0.3018 0.6151 0.171 -0.7589 -0.1548 -0.631 0.0439 0.6847 0.0107 -0.658 -0.3133 0.6398 0.0178 -0.7299 -0.2398 -0.967 0.0208 -0.2402 0.0823
0.7998 -0.2822 -0.4972 -0.1831 0.6051 -0.5417 -0.5825 0.0341 0.7682 -0.0547 -0.6016 0.2117 0.817 -0.0087 -0.5717 0.0756 0.5697 -0.1503 -0.7558 -0.2857 -0.708 -0.3018 0.6151 0.171 -0.7589 -0.1548 -0.631 0.0439 0.6847 0.0107 -0.658 -0.3133 0.6398 0.0178 -0.7299 -0.2398 -0.967 0.0208 -0.2402 0.0823
0.7998 -0.2822 -0.4972 -0.1831 0.6051 -0.5417 -0.5825 0.0341 0.7682 -0.0547 -0.6016 0.2117 0.817 -0.0087 -0.5717 0.0756 0.5697 -0.1503 -0.7558 -0.2857 -0.708 -0.3018 0.6151 0.171 -0.7589 -0.1548 -0.631 0.0439 0.6847 0.0107 -0.658 -0.3133 0.6398 0.0178 -0.7299 -0.2398 -0.967 0.0208 -0.2402 0.0823
0.7998 -0.2822 -0.4972 -0.1831 0.6051 -0.5417 -0.5825 0.0341 0.7682 -0.0547 -0.6016 0.2117 0.817 -0.0087 -0.5717 0.0756 0.5697 -0.1503 -0.7558 -0.2857 -0.708 -0.3018 0.6151 0.171 -0.7589 -0.1548 -0.631 0.0439 0.6847 0.0107 -0.658 -0.3133 0.6398 0.0178 -0.7299 -0.2398 -0.967 0.0208 -0.2402 0.0823
0.7941 -0.2275 -0.5316 -0.1874 0.6051 -0.5417 -0.5825 0.0341 0.7755 -0.1083 -0.6218 -0.0152 0.817 -0.0087 -0.5717 0.0756 0.5697 -0.1503 -0.7558 -0.2857 -0.6757 -0.4191 0.4886 0.3593 -0.7589 -0.1548 -0.631 0.0439 0.6555 0.0531 -0.7168 -0.2319 0.6398 0.0178 -0.7299 -0.2398 -0.967 0.0208 -0.2402 0.0823
0.7941 -0.2275 -0.5316 -0.1874 0.6051 -0.5417 -0.5825 0.0341 0.7755 -0.1083 -0.6218 -0.0152 0.817 -0.0087 -0.5717 0.0756 0.6441 -0.2023 -0.701 -0.2298 -0.6757 -0.4191 0.4886 0.3593 -0.4999 -0.1222 -0.8249 0.234 0.6555 0.0531 -0.7168 -0.2319 0.6398 0.0178 -0.7299 -0.2398 -0.9459 -0.0043 -0.3094 0.098
0.7941 -0.2275 -0.5316 -0.1874 0.6051 -0.5417 -0.5825 0.0341 0.7755 -0.1083 -0.6218 -0.0152 0.817 -0.0087 -0.5717 0.0756 0.6441 -0.2023 -0.701 -0.2298 -0.6757 -0.4191 0.4886 0.3593 -0.4999 -0.1222 -0.8249 0.234 0.6555 0.0531 -0.7168 -0.2319 0.6398 0.0178 -0.7299 -0.2398 -0.9459 -0.0043 -0.3094 0.098
0.7941 -0.2275 -0.5316 -0.1874 0.6324 -0.5604 -0.5217 -0.118 0.7755 -0.1083 -0.6218 -0.0152 0.8153 0.1116 -0.544 -0.1639 0.6441 -0.2023 -0.701 -0.2298 -0.6757 -0.4191 0.4886 0.3593 -0.4999 -0.1222 -0.8249 0.234 0.6555 0.0531 -0.7168 -0.2319 0.6398 0.0178 -0.7299 -0.2398 -0.9459 -0.0043 -0.3094 0.098
0.7941 -0.2275 -0.5316 -0.1874 0.6324 -0.5604 -0.5217 -0.118 0.7755 -0.1083 -0.6218 -0.0152 0.8153 0.1116 -0.544 -0.1639 0.6441 -0.2023 -0.701 -0.2298 -0.6757 -0.4191 0.4886 0.3593 -0.4999 -0.1222 -0.8249 0.234 0.6555 0.0531 -0.7168 -0.2319 0.6398 0.0178 -0.7299 -0.2398 -0.9459 -0.0043 -0.3094 0.098
0.7941 -0.2275 -0.5316 -0.1874 0.6324 -0.5604 -0.5217 -0.118 0.7755 -0.1083 -0.6218 -0.0152 0.8153 0.1116 -0.544 -0.1639 0.6441 -0.2023 -0.701 -0.2298 -0.6757 -0.4191 0.4886 0.3593 -0.4999 -0.1222 -0.8249 0.234 0.6555 0.0531 -0.7168 -0.2319 0.6398 0.0178 -0.7299 -0.2398 -0.9459 -0.0043 -0.3094 0.098
0.7755 -0.259 -0.5278 -0.2299 0.6324 -0.5604 -0.5217 -0.118 0.7655 -0.1146 -0.6252 -0.1 0.8153 0.1116 -0.544 -0.1639 0.6441 -0.2023 -0.701 -0.2298 -0.5871 -0.558 0.3192 0.492 -0.4999 -0.1222 -0.8249 0.234 0.6461 -0.0375 -0.7379 -0.1913 0.6398 0.0178 -0.7299 -0.2398 -0.9459 -0.0043 -0.3094 0.098
0.7755 -0.259 -0.5278 -0.2299 0.6324 -0.5604 -0.5217 -0.118 0.7655 -0.1146 -0.6252 -0.1 0.8153 0.1116 -0.544 -0.1639 0.6441 -0.2023 -0.701 -0.2298 -0.5871 -0.558 0.3192 0.492 -0.4999 -0.1222 -0.8249 0.234 0.6461 -0.0375 -0.7379 -0.1913 0.6398 0.0178 -0.7299 -0.2398 -0.9459 -0.0043 -0.3094 0.098
0.7755 -0.259 -0.5278 -0.2299 0.6324 -0.5604 -0.5217 -0.118 0.7655 -0.1146 -0.6252 -0.1 0.8153 0.1116 -0.544 -0.1639 0.6441 -0.2023 -0.701 -0.2298 -0.5871 -0.558 0.3192 0.492 -0.4999 -0.1222 -0.8249 0.234 0.6461 -0.0375 -0.7379 -0.1913 0.6398 0.0178 -0.7299 -0.2398 -0.9381 0.0073 -0.3289 0.1083
0.7755 -0.259 -0.5278 -0.2299 0.6324 -0.5604 -0.5217 -0.118 0.7655 -0.1146 -0.6252 -0.1 0.8153 0.1116 -0.544 -0.1639 0.7183 -0.2792 -0.6331 -0.0726 -0.5871 -0.558 0.3192 0.492 -0.4999 -0.1222 -0.8249 0.234 0.6461 -0.0375 -0.7379 -0.1913 0.6398 0.0178 -0.7299 -0.2398 -0.9381 0.0073 -0.3289 0.1083
0.7755 -0.259 -0.5278 -0.2299 0.6324 -0.5604 -0.5217 -0.118 0.7655 -0.1146 -0.6252 -0.1 0.8153 0.1116 -0.544 -0.1639 0.7183 -0.2792 -0.6331 -0.0726 -0.5871 -0.558 0.3192 0.492 -0.4999 -0.1222 -0.8249 0.234 0.6461 -0.0375 -0.7379 -0.1913 0.6398 0.0178 -0.7299 -0.2398 -0.9381 0.0073 -0.3289 0.1083
0.7755 -0.259 -0.5278 -0.2299 0.6324 -0.5604 -0.5217 -0.118 0.7655 -0.1146 -0.6252 -0.1 0.8153 0.1116 -0.544 -0.1639 0.7183 -0.2792 -0.6331 -0.0726 -0.5871 -0.558 0.3192 0.492 -0.4999 -0.1222 -0.8249 0.234 0.6461 -0.0375 -0.7379 -0.1913 0.6398 0.0178 -0.7299 -0.2398 -0.9381 0.0073 -0.3289 0.1083
0.7586 -0.2653 -0.5163 -0.2959 0.6324 -0.5604 -0.5217 -0.118 0.7655 -0.1146 -0.6252 -0.1 0.8153 0.1116 -0.544 -0.1639 0.7183 -0.2792 -0.6331 -0.0726 -0.5871 -0.558 0.3192 0.492 -0.4999 -0.1222 -0.8249 0.234 0.6461 -0.0375 -0.7379 -0.1913 0.6398 0.0178 -0.7299 -0.2398 -0.9381 0.0073 -0.3289 0.1083
0.7586 -0.2653 -0.5163 -0.2959 0.6324 -0.5604 -0.5217 -0.118 0.7655 -0.1146 -0.6252 -0.1 0.8153 0.1116 -0.544 -0.1639 0.7183 -0.2792 -0.6331 -0.0726 -0.5871 -0.558 0.3192 0.492 -0.4999 -0.1222 -0.8249 0.234 0.6461 -0.0375 -0.7379 -0.1913 0.6398 0.0178 -0.7299 -0.2398 -0.9381 0.0073 -0.3289 0.1083
0.7586 -0.2653 -0.5163 -0.2959 0.6324 -0.5604 -0.5217 -0.118 0.7655 -0.1146 -0.6252 -0.1 0.8153 0.1116 -0.544 -0.1639 0.7183 -0.2792 -0.6331 -0.0726 -0.5871 -0.558 0.3192 0.492 -0.4999 -0.1222 -0.8249 0.234 0.6461 -0.0375 -0.7379 -0.1913 0.6398 0.0178 -0.7299 -0.2398 -0.9381 0.0073 -0.3289 0.1083
0.7586 -0.2653 -0.5163 -0.2959 0.6324 -0.5604 -0.5217 -0.118 0.7439 -0.1223 -0.6205 -0.2161 0.8153 0.1116 -0.544 -0.1639 0.7457 -0.3151 -0.5743 0.1219 -0.6221 -0.5444 0.4784 0.2963 -0.7343 -0.0388 -0.6717 0.0903 0.6376 -0.0213 -0.7681 -0.0551 0.6866 -0.1986 -0.6972 -0.0554 -0.9311 0.0065 -0.3513 0.0978
0.7586 -0.2653 -0.5163 -0.2959 0.6324 -0.5604 -0.5217 -0.118 0.7439 -0.1223 -0.6205 -0.2161 0.8153 0.1116 -0.544 -0.1639 0.7457 -0.3151 -0.5743 0.1219 -0.6221 -0.5444 0.4784 0.2963 -0.7343 -0.0388 -0.6717 0.0903 0.6376 -0.0213 -0.7681 -0.0551 0.6866 -0.1986 -0.6972 -0.0554 -0.9311 0.0065 -0.3513 0.0978
0.7586 -0.2653 -0.5163 -0.2959 0.6214 -0.584 -0.4731 -0.2212 0.7439 -0.1223 -0.6205 -0.2161 0.7166 0.2593 -0.4967 -0.4154 0.7457 -0.3151 -0.5743 0.1219 -0.6221 -0.5444 0.4784 0.2963 -0.7343 -0.0388 -0.6717 0.0903 0.6376 -0.0213 -0.7681 -0.0551 0.6866 -0.1986 -0.6972 -0.0554 -0.9311 0.0065 -0.3513 0.0978
0.7586 -0.2653 -0.5163 -0.2959 0.6214 -0.584 -0.4731 -0.2212 0.7439 -0.1223 -0.6205 -0.2161 0.7166 0.2593 -0.4967 -0.4154 0.7457 -0.3151 -0.5743 0.1219 -0.6221 -0.5444 0.4784 0.2963 -0.7343 -0.0388 -0.6717 0.0903 0.6376 -0.0213 -0.7681 -0.0551 0.6866 -0.1986 -0.6972 -0.0554 -0.9311 0.0065 -0.3513 0.0978
0.7489 -0.2615 -0.5127 -0.3286 0.6214 -0.584 -0.4731 -0.2212 0.7439 -0.1223 -0.6205 -0.2161 0.7166 0.2593 -0.4967 -0.4154 0.7457 -0.3151 -0.5743 0.1219 -0.6221 -0.5444 0.4784 0.2963 -0.7343 -0.0388 -0.6717 0.0903 0.6376 -0.0213 -0.7681 -0.0551 0.6866 -0.1986 -0.6972 -0.0554 -0.9311 0.0065 -0.3513 0.0978
0.7489 -0.2615 -0.5127 -0.3286 0.6214 -0.584 -0.4731 -0.2212 0.7439 -0.1223 -0.6205 -0.2161 0.7166 0.2593 -0.4967 -0.4154 0.7457 -0.3151 -0.5743 0.1219 -0.6221 -0.5444 0.4784 0.2963 -0.7343 -0.0388 -0.6717 0.0903 0.6376 -0.0213 -0.7681 -0.0551 0.6866 -0.1986 -0.6972 -0.0554 -0.9311 0.0065 -0.3513 0.0978
0.7489 -0.2615 -0.5127 -0.3286 0.6214 -0.584 -0.4731 -0.2212 0.7439 -0.1223 -0.6205 -0.2161 0.7166 0.2593 -0.4967 -0.4154 0.7457 -0.3151 -0.5743 0.1219 -0.6221 -0.5444 0.4784 0.2963 -0.7343 -0.0388 -0.6717 0.0903 0.6376 -0.0213 -0.7681 -0.0551 0.6866 -0.1986 -0.6972 -0.0554 -0.9311 0.0065 -0.3513 0.0978
0.7489 -0.2615 -0.5127 -0.3286 0.6214 -0.584 -0.4731 -0.2212 0.7167 -0.1511 -0.6107 -0.301 0.7166 0.2593 -0.4967 -0.4154 0.7296 -0.2823 -0.6005 0.1657 -0.6974 -0.2405 0.6746 -0.0264 -0.9534 -0.1889 -0.2299 -0.0493 0.6117 -0.0335 -0.7899 0.0298 0.7045 -0.2224 -0.674 -2.0E-4 -0.92 0.0059 -0.384 0.0778
0.7489 -0.2615 -0.5127 -0.3286 0.6214 -0.584 -0.4731 -0.2212 0.7167 -0.1511 -0.6107 -0.301 0.7166 0.2593 -0.4967 -0.4154 0.7296 -0.2823 -0.6005 0.1657 -0.6974 -0.2405 0.6746 -0.0264 -0.9534 -0.1889 -0.2299 -0.0493 0.6117 -0.0335 -0.7899 0.0298 0.7045 -0.2224 -0.674 -2.0E-4 -0.92 0.0059 -0.384 0.0778
0.7489 -0.2615 -0.5127 -0.3286 0.6131 -0.5817 -0.4538 -0.2825 0.7167 -0.1511 -0.6107 -0.301 0.7286 0.1431 -0.5362 -0.4015 0.7296 -0.2823 -0.6005 0.1657 -0.6974 -0.2405 0.6746 -0.0264 -0.9534 -0.1889 -0.2299 -0.0493 0.6117 -0.0335 -0.7899 0.0298 0.7045 -0.2224 -0.674 -2.0E-4 -0.92 0.0059 -0.384 0.0778
0.7489 -0.2615 -0.5127 -0.3286 0.6131 -0.5817 -0.4538 -0.2825 0.7167 -0.1511 -0.6107 -0.301 0.7286 0.1431 -0.5362 -0.4015 0.7296 -0.2823 -0.6005 0.1657 -0.6974 -0.2405 0.6746 -0.0264 -0.9534 -0.1889 -0.2299 -0.0493 0.6117 -0.0335 -0.7899 0.0298 0.7045 -0.2224 -0.674 -2.0E-4 -0.92 0.0059 -0.384 0.0778
0.7489 -0.2615 -0.5127 -0.3286 0.6131 -0.5817 -0.4538 -0.2825 0.7167 -0.1511 -0.6107 -0.301 0.7286 0.1431 -0.5362 -0.4015 0.7296 -0.2823 -0.6005 0.1657 -0.6974 -0.2405 0.6746 -0.0264 -0.9534 -0.1889 -0.2299 -0.0493 0.6117 -0.0335 -0.7899 0.0298 0.7045 -0.2224 -0.674 -2.0E-4 -0.92 0.0059 -0.384 0.0778
0.7186 -0.266 -0.5414 -0.3462 0.6131 -0.5817 -0.4538 -0.2825 0.7167 -0.1511 -0.6107 -0.301 0.7286 0.1431 -0.5362 -0.4015 0.7296 -0.2823 -0.6005 0.1657 -0.6974 -0.2405 0.6746 -0.0264 -0.9534 -0.1889 -0.2299 -0.0493 0.5983 -0.0457 -0.7932 0.1041 0.7045 -0.2224 -0.674 -2.0E-4 -0.92 0.0059 -0.384 0.0778
0.7186 -0.266 -0.5414 -0.3462 0.6131 -0.5817 -0.4538 -0.2825 0.7167 -0.1511 -0.6107 -0.301 0.7286 0.1431 -0.5362 -0.4015 0.7296 -0.2823 -0.6005 0.1657 -0.6974 -0.2405 0.6746 -0.0264 -0.9534 -0.1889 -0.2299 -0.0493 0.5983 -0.0457 -0.7932 0.1041 0.7045 -0.2224 -0.674 -2.0E-4 -0.92 0.0059 -0.384 0.0778
0.7186 -0.266 -0.5414 -0.3462 0.6131 -0.5817 -0.4538 -0.2825 0.7014 -0.1348 -0.6451 -0.2716 0.7286 0.1431 -0.5362 -0.4015 0.7029 -0.2018 -0.6629 0.1605 -0.6356 -0.0065 0.7316 -0.2465 -0.9715 -0.2233 -0.0591 -0.0532 0.5983 -0.0457 -0.7932 0.1041 0.7241 -0.2711 -0.6277 0.09 -0.8473 0.0248 -0.5252 0.075
0.7186 -0.266 -0.5414 -0.3462 0.6131 -0.5817 -0.4538 -0.2825 0.7014 -0.1348 -0.6451 -0.2716 0.7286 0.1431 -0.5362 -0.4015 0.7029 -0.2018 -0.6629 0.1605 -0.6356 -0.0065 0.7316 -0.2465 -0.9715 -0.2233 -0.0591 -0.0532 0.5983 -0.0457 -0.7932 0.1041 0.7241 -0.2711 -0.6277 0.09 -0.8473 0.0248 -0.5252 0.075
0.7186 -0.266 -0.5414 -0.3462 0.5911 -0.578 -0.4633 -0.3193 0.7014 -0.1348 -0.6451 -0.2716 0.7609 0.046 -0.6148 -0.2025 0.7029 -0.2018 -0.6629 0.1605 -0.6356 -0.0065 0.7316 -0.2465 -0.9715 -0.2233 -0.0591 -0.0532 0.5983 -0.0457 -0.7932 0.1041 0.7241 -0.2711 -0.6277 0.09 -0.8473 0.0248 -0.5252 0.075
0.7186 -0.266 -0.5414 -0.3462 0.5911 -0.578 -0.4633 -0.3193 0.7014 -0.1348 -0.6451 -0.2716 0.7609 0.046 -0.6148 -0.2025 0.7029 -0.2018 -0.6629 0.1605 -0.6356 -0.0065 0.7316 -0.2465 -0.9715 -0.2233 -0.0591 -0.0532 0.5983 -0.0457 -0.7932 0.1041 0.7241 -0.2711 -0.6277 0.09 -0.8473 0.0248 -0.5252 0.075
0.7186 -0.266 -0.5414 -0.3462 0.5911 -0.578 -0.4633 -0.3193 0.7014 -0.1348 -0.6451 -0.2716 0.7609 0.046 -0.6148 -0.2025 0.7029 -0.2018 -0.6629 0.1605 -0.6356 -0.0065 0.7316 -0.2465 -0.9715 -0.2233 -0.0591 -0.0532 0.5983 -0.0457 -0.7932 0.1041 0.7241 -0.2711 -0.6277 0.09 -0.8473 0.0248 -0.5252 0.075
0.7197 -0.2381 -0.5905 -0.277 0.5911 -0.578 -0.4633 -0.3193 0.7014 -0.1348 -0.6451 -0.2716 0.7609 0.046 -0.6148 -0.2025 0.7029 -0.2018 -0.6629 0.1605 -0.6356 -0.0065 0.7316 -0.2465 -0.9715 -0.2233 -0.0591 -0.0532 0.6464 -0.0196 -0.7584 0.081 0.7241 -0.2711 -0.6277 0.09 -0.8473 0.0248 -0.5252 0.075
0.7197 -0.2381 -0.5905 -0.277 0.5911 -0.578 -0.4633 -0.3193 0.7014 -0.1348 -0.6451 -0.2716 0.7609 0.046 -0.6148 -0.2025 0.7029 -0.2018 -0.6629 0.1605 -0.6356 -0.0065 0.7316 -0.2465 -0.9715 -0.2233 -0.0591 -0.0532 0.6464 -0.0196 -0.7584 0.081 0.7241 -0.2711 -0.6277 0.09 -0.8473 0.0248 -0.5252 0.075
0.7197 -0.2381 -0.5905 -0.277 0.5911 -0.578 -0.4633 -0.3193 0.7367 -0.0413 -0.6725 -0.0565 0.7609 0.046 -0.6148 -0.2025 0.6783 -0.2077 -0.6957 0.1129 -0.6543 -0.1506 0.7086 -0.217 -0.9569 -0.1402 -0.2534 -0.0214 0.6464 -0.0196 -0.7584 0.081 0.7434 -0.3306 -0.5246 0.2507 -0.5141 0.047 -0.8559 0.0312
0.7197 -0.2381 -0.5905 -0.277 0.5911 -0.578 -0.4633 -0.3193 0.7367 -0.0413 -0.6725 -0.0565 0.7609 0.046 -0.6148 -0.2025 0.6783 -0.2077 -0.6957 0.1129 -0.6543 -0.1506 0.7086 -0.217 -0.9569 -0.1402 -0.2534 -0.0214 0.6464 -0.0196 -0.7584 0.081 0.7434 -0.3306 -0.5246 0.2507 -0.5141 0.047 -0.8559 0.0312
0.7197 -0.2381 -0.5905 -0.277 0.6146 -0.5363 -0.5377 -0.2137 0.7367 -0.0413 -0.6725 -0.0565 0.7853 0.0605 -0.6147 0.0412 0.6783 -0.2077 -0.6957 0.1129 -0.6543 -0.1506 0.7086 -0.217 -0.9569 -0.1402 -0.2534 -0.0214 0.6464 -0.0196 -0.7584 0.081 0.7434 -0.3306 -0.5246 0.2507 -0.5141 0.047 -0.8559 0.0312
0.7197 -0.2381 -0.5905 -0.277 0.6146 -0.5363 -0.5377 -0.2137 0.7367 -0.0413 -0.6725 -0.0565 0.7853 0.0605 -0.6147 0.0412 0.6783 -0.2077 -0.6957 0.1129 -0.6543 -0.1506 0.7086 -0.217 -0.9569 -0.1402 -0.2534 -0.0214 0.6464 -0.0196 -0.7584 0.081 0.7434 -0.3306 -0.5246 0.2507 -0.5141 0.047 -0.8559 0.0312
0.7634 -0.1595 -0.6157 -0.1123 0.6146 -0.5363 -0.5377 -0.2137 0.7367 -0.0413 -0.6725 -0.0565 0.7853 0.0605 -0.6147 0.0412 0.6783 -0.2077 -0.6957 0.1129 -0.6543 -0.1506 0.7086 -0.217 -0.9569 -0.1402 -0.2534 -0.0214 0.722 0.1044 -0.6822 -0.0481 0.7434 -0.3306 -0.5246 0.2507 -0.5141 0.047 -0.8559 0.0312
0.7634 -0.1595 -0.6157 -0.1123 0.6146 -0.5363 -0.5377 -0.2137 0.7367 -0.0413 -0.6725 -0.0565 0.7853 0.0605 -0.6147 0.0412 0.6783 -0.2077 -0.6957 0.1129 -0.6543 -0.1506 0.7086 -0.217 -0.9569 -0.1402 -0.2534 -0.0214 0.722 0.1044 -0.6822 -0.0481 0.7434 -0.3306 -0.5246 0.2507 -0.5141 0.047 -0.8559 0.0312
0.7634 -0.1595 -0.6157 -0.1123 0.6146 -0.5363 -0.5377 -0.2137 0.7367 -0.0413 -0.6725 -0.0565 0.7853 0.0605 -0.6147 0.0412 0.6783 -0.2077 -0.6957 0.1129 -0.6543 -0.1506 0.7086 -0.217 -0.9569 -0.1402 -0.2534 -0.0214 0.722 0.1044 -0.6822 -0.0481 0.7434 -0.3306 -0.5246 0.2507 -0.5141 0.047 -0.8559 0.0312
0.7634 -0.1595 -0.6157 -0.1123 0.6146 -0.5363 -0.5377 -0.2137 0.7681 -0.001 -0.6313 0.107 0.7853 0.0605 -0.6147 0.0412 0.642 -0.1779 -0.7457 0.0088 -0.6628 -0.1962 0.7084 -0.1422 -0.9517 -0.1412 -0.2722 -0.0159 0.722 0.1044 -0.6822 -0.0481 0.7706 -0.2781 -0.4816 0.3113 -0.6425 -0.0161 -0.7554 -0.1277
0.7634 -0.1595 -0.6157 -0.1123 0.6146 -0.5363 -0.5377 -0.2137 0.7681 -0.001 -0.6313 0.107 0.7853 0.0605 -0.6147 0.0412 0.642 -0.1779 -0.7457 0.0088 -0.6628 -0.1962 0.7084 -0.1422 -0.9517 -0.1412 -0.2722 -0.0159 0.722 0.1044 -0.6822 -0.0481 0.7706 -0.2781 -0.4816 0.3113 -0.6425 -0.0161 -0.7554 -0.1277
0.7634 -0.1595 -0.6157 -0.1123 0.6146 -0.5363 -0.5377 -0.2137 0.7681 -0.001 -0.6313 0.107 0.7853 0.0605 -0.6147 0.0412 0.642 -0.1779 -0.7457 0.0088 -0.6628 -0.1962 0.7084 -0.1422 -0.9517 -0.1412 -0.2722 -0.0159 0.722 0.1044 -0.6822 -0.0481 0.7706 -0.2781 -0.4816 0.3113 -0.6425 -0.0161 -0.7554 -0.1277
0.7634 -0.1595 -0.6157 -0.1123 0.6146 -0.5363 -0.5377 -0.2137 0.7681 -0.001 -0.6313 0.107 0.7853 0.0605 -0.6147 0.0412 0.642 -0.1779 -0.7457 0.0088 -0.6628 -0.1962 0.7084 -0.1422 -0.9517 -0.1412 -0.2722 -0.0159 0.722 0.1044 -0.6822 -0.0481 0.7706 -0.2781 -0.4816 0.3113 -0.6425 -0.0161 -0.7554 -0.1277
0.8024 -0.1644 -0.5735 0.0132 0.6146 -0.5363 -0.5377 -0.2137 0.7681 -0.001 -0.6313 0.107 0.7853 0.0605 -0.6147 0.0412 0.642 -0.1779 -0.7457 0.0088 -0.6628 -0.1962 0.7084 -0.1422 -0.9517 -0.1412 -0.2722 -0.0159 0.722 0.1044 -0.6822 -0.0481 0.7706 -0.2781 -0.4816 0.3113 -0.6425 -0.0161 -0.7554 -0.1277
0.8024 -0.1644 -0.5735 0.0132 0.6146 -0.5363 -0.5377 -0.2137 0.7681 -0.001 -0.6313 0.107 0.7853 0.0605 -0.6147 0.0412 0.642 -0.1779 -0.7457 0.0088 -0.6628 -0.1962 0.7084 -0.1422 -0.9517 -0.1412 -0.2722 -0.0159 0.722 0.1044 -0.6822 -0.0481 0.7706 -0.2781 -0.4816 0.3113 -0.6425 -0.0161 -0.7554 -0.1277
0.8024 -0.1644 -0.5735 0.0132 0.6146 -0.5363 -0.5377 -0.2137 0.7681 -0.001 -0.6313 0.107 0.7853 0.0605 -0.6147 0.0412 0.642 -0.1779 -0.7457 0.0088 -0.6628 -0.1962 0.7084 -0.1422 -0.9517 -0.1412 -0.2722 -0.0159 0.722 0.1044 -0.6822 -0.0481 0.7706 -0.2781 -0.4816 0.3113 -0.6425 -0.0161 -0.7554 -0.1277
0.8024 -0.1644 -0.5735 0.0132 0.6146 -0.5363 -0.5377 -0.2137 0.7867 0.0414 -0.5744 0.2226 0.7853 0.0605 -0.6147 0.0412 0.5985 -0.1026 -0.7937 -0.0353 -0.6755 -0.2203 0.6985 -0.085 -0.9487 -0.1383 -0.2841 -0.0061 0.7296 0.1367 -0.6359 -0.2111 0.7324 -0.1911 -0.6516 0.0516 -0.8792 0.0386 -0.4744 -0.023
0.8024 -0.1644 -0.5735 0.0132 0.6146 -0.5363 -0.5377 -0.2137 0.7867 0.0414 -0.5744 0.2226 0.7853 0.0605 -0.6147 0.0412 0.5985 -0.1026 -0.7937 -0.0353 -0.6755 -0.2203 0.6985 -0.085 -0.9487 -0.1383 -0.2841 -0.0061 0.7296 0.1367 -0.6359 -0.2111 0.7324 -0.1911 -0.6516 0.0516 -0.8792 0.0386 -0.4744 -0.023
0.8024 -0.1644 -0.5735 0.0132 0.5526 -0.5851 -0.5869 0.0884 0.7867 0.0414 -0.5744 0.2226 0.8204 0.1793 -0.4604 0.2875 0.5985 -0.1026 -0.7937 -0.0353 -0.6755 -0.2203 0.6985 -0.085 -0.9487 -0.1383 -0.2841 -0.0061 0.7296 0.1367 -0.6359 -0.2111 0.7324 -0.1911 -0.6516 0.0516 -0.8792 0.0386 -0.4744 -0.023
0.8024 -0.1644 -0.5735 0.0132 0.5526 -0.5851 -0.5869 0.0884 0.7867 0.0414 -0.5744 0.2226 0.8204 0.1793 -0.4604 0.2875 0.5985 -0.1026 -0.7937 -0.0353 -0.6755 -0.2203 0.6985 -0.085 -0.9487 -0.1383 -0.2841 -0.0061 0.7296 0.1367 -0.6359 -0.2111 0.7324 -0.1911 -0.6516 0.0516 -0.8792 0.0386 -0.4744 -0.023
0.8024 -0.1644 -0.5735 0.0132 0.5526 -0.5851 -0.5869 0.0884 0.7867 0.0414 -0.5744 0.2226 0.8204 0.1793 -0.4604 0.2875 0.5985 -0.1026 -0.7937 -0.0353 -0.6755 -0.2203 0.6985 -0.085 -0.9487 -0.1383 -0.2841 -0.0061 0.7296 0.1367 -0.6359 -0.2111 0.7324 -0.1911 -0.6516 0.0516 -0.8792 0.0386 -0.4744 -0.023
0.7974 -0.2061 -0.5642 0.0586 0.5526 -0.5851 -0.5869 0.0884 0.7867 0.0414 -0.5744 0.2226 0.8204 0.1793 -0.4604 0.2875 0.5985 -0.1026 -0.7937 -0.0353 -0.6755 -0.2203 0.6985 -0.085 -0.9487 -0.1383 -0.2841 -0.0061 0.7061 0.106 -0.6584 -0.2383 0.7324 -0.1911 -0.6516 0.0516 -0.8792 0.0386 -0.4744 -0.023
0.7974 -0.2061 -0.5642 0.0586 0.5526 -0.5851 -0.5869 0.0884 0.7867 0.0414 -0.5744 0.2226 0.8204 0.1793 -0.4604 0.2875 0.5985 -0.1026 -0.7937 -0.0353 -0.6755 -0.2203 0.6985 -0.085 -0.9487 -0.1383 -0.2841 -0.0061 0.7061 0.106 -0.6584 -0.2383 0.7324 -0.1911 -0.6516 0.0516 -0.8792 0.0386 -0.4744 -0.023
0.7974 -0.2061 -0.5642 0.0586 0.5526 -0.5851 -0.5869 0.0884 0.7822 0.036 -0.5606 0.2695 0.8204 0.1793 -0.4604 0.2875 0.5706 -0.1168 -0.7989 -0.1501 -0.6918 -0.2422 0.6802 0.005 -0.929 -0.1281 -0.3464 0.0239 0.7061 0.106 -0.6584 -0.2383 0.6248 0.0414 -0.7385 -0.2499 -0.9902 0.0682 -0.1053 0.0616
0.7974 -0.2061 -0.5642 0.0586 0.5526 -0.5851 -0.5869 0.0884 0.7822 0.036 -0.5606 0.2695 0.8204 0.1793 -0.4604 0.2875 0.5706 -0.1168 -0.7989 -0.1501 -0.6918 -0.2422 0.6802 0.005 -0.929 -0.1281 -0.3464 0.0239 0.7061 0.106 -0.6584 -0.2383 0.6248 0.0414 -0.7385 -0.2499 -0.9902 0.0682 -0.1053 0.0616
0.7974 -0.2061 -0.5642 0.0586 0.5526 -0.5851 -0.5869 0.0884 0.7822 0.036 -0.5606 0.2695 0.7974 0.1767 -0.4537 0.3566 0.5706 -0.1168 -0.7989 -0.1501 -0.6918 -0.2422 0.6802 0.005 -0.929 -0.1281 -0.3464 0.0239 0.7061 0.106 -0.6584 -0.2383 0.6248 0.0414 -0.7385 -0.2499 -0.9902 0.0682 -0.1053 0.0616
0.7974 -0.2061 -0.5642 0.0586 0.5526 -0.5851 -0.5869 0.0884 0.7822 0.036 -0.5606 0.2695 0.7974 0.1767 -0.4537 0.3566 0.5706 -0.1168 -0.7989 -0.1501 -0.6918 -0.2422 0.6802 0.005 -0.929 -0.1281 -0.3464 0.0239 0.7061 0.106 -0.6584 -0.2383 0.6248 0.0414 -0.7385 -0.2499 -0.9902 0.0682 -0.1053 0.0616
0.7891 -0.2013 -0.5769 0.0629 0.5526 -0.5851 -0.5869 0.0884 0.7822 0.036 -0.5606 0.2695 0.7974 0.1767 -0.4537 0.3566 0.5706 -0.1168 -0.7989 -0.1501 -0.6918 -0.2422 0.6802 0.005 -0.929 -0.1281 -0.3464 0.0239 0.7061 0.106 -0.6584 -0.2383 0.6248 0.0414 -0.7385 -0.2499 -0.9902 0.0682 -0.1053 0.0616
0.7891 -0.2013 -0.5769 0.0629 0.5526 -0.5851 -0.5869 0.0884 0.7822 0.036 -0.5606 0.2695 0.7974 0.1767 -0.4537 0.3566 0.5706 -0.1168 -0.7989 -0.1501 -0.6918 -0.2422 0.6802 0.005 -0.929 -0.1281 -0.3464 0.0239 0.7061 0.106 -0.6584 -0.2383 0.6248 0.0414 -0.7385 -0.2499 -0.9902 0.0682 -0.1053 0.0616
0.7891 -0.2013 -0.5769 0.0629 0.5526 -0.5851 -0.5869 0.0884 0.7822 0.036 -0.5606 0.2695 0.7974 0.1767 -0.4537 0.3566 0.5706 -0.1168 -0.7989 -0.1501 -0.6918 -0.2422 0.6802 0.005 -0.929 -0.1281 -0.3464 0.0239 0.7061 0.106 -0.6584 -0.2383 0.6248 0.0414 -0.7385 -0.2499 -0.9902 0.0682 -0.1053 0.0616
0.7891 -0.2013 -0.5769 0.0629 0.5526 -0.5851 -0.5869 0.0884 0.7625 0.002 -0.6094 0.2175 0.7974 0.1767 -0.4537 0.3566 0.5983 -0.1378 -0.7663 -0.1893 -0.7002 -0.3374 0.6156 0.1301 -0.751 -0.1051 -0.6476 0.075 0.6864 0.0694 -0.6703 -0.2735 0.6541 -0.0309 -0.7355 -0.1743 -0.9554 0.0256 -0.2939 0.013
0.7891 -0.2013 -0.5769 0.0629 0.5526 -0.5851 -0.5869 0.0884 0.7625 0.002 -0.6094 0.2175 0.7974 0.1767 -0.4537 0.3566 0.5983 -0.1378 -0.7663 -0.1893 -0.7002 -0.3374 0.6156 0.1301 -0.751 -0.1051 -0.6476 0.075 0.6864 0.0694 -0.6703 -0.2735 0.6541 -0.0309 -0.7355 -0.1743 -0.9554 0.0256 -0.2939 0.013
0.7891 -0.2013 -0.5769 0.0629 0.5526 -0.5851 -0.5869 0.0884 0.7625 0.002 -0.6094 0.2175 0.7974 0.1767 -0.4537 0.3566 0.5983 -0.1378 -0.7663 -0.1893 -0.7002 -0.3374 0.6156 0.1301 -0.751 -0.1051 -0.6476 0.075 0.6864 0.0694 -0.6703 -0.2735 0.6541 -0.0309 -0.7355 -0.1743 -0.9554 0.0256 -0.2939 0.013
0.7891 -0.2013 -0.5769 0.0629 0.5526 -0.5851 -0.5869 0.0884 0.7625 0.002 -0.6094 0.2175 0.7974 0.1767 -0.4537 0.3566 0.5983 -0.1378 -0.7663 -0.1893 -0.7002 -0.3374 0.6156 0.1301 -0.751 -0.1051 -0.6476 0.075 0.6864 0.0694 -0.6703 -0.2735 0.6541 -0.0309 -0.7355 -0.1743 -0.9554 0.0256 -0.2939 0.013
0.756 -0.2549 -0.6005 -0.053 0.5526 -0.5851 -0.5869 0.0884 0.7625 0.002 -0.6094 0.2175 0.7974 0.1767 -0.4537 0.3566 0.5983 -0.1378 -0.7663 -0.1893 -0.7002 -0.3374 0.6156 0.1301 -0.751 -0.1051 -0.6476 0.075 0.6864 0.0694 -0.6703 -0.2735 0.6541 -0.0309 -0.7355 -0.1743 -0.9554 0.0256 -0.2939 0.013
0.756 -0.2549 -0.6005 -0.053 0.5526 -0.5851 -0.5869 0.0884 0.7625 0.002 -0.6094 0.2175 0.7974 0.1767 -0.4537 0.3566 0.5983 -0.1378 -0.7663 -0.1893 -0.7002 -0.3374 0.6156 0.1301 -0.751 -0.1051 -0.6476 0.075 0.6864 0.0694 -0.6703 -0.2735 0.6541 -0.0309 -0.7355 -0.1743 -0.9554 0.0256 -0.2939 0.013
0.756 -0.2549 -0.6005 -0.053 0.5526 -0.5851 -0.5869 0.0884 0.7294 -0.0572 -0.6802 0.0446 0.7974 0.1767 -0.4537 0.3566 0.5983 -0.1378 -0.7663 -0.1893 -0.7189 -0.3446 0.5219 0.3033 -0.751 -0.1051 -0.6476 0.075 0.6694 0.0429 -0.7051 -0.2298 0.6541 -0.0309 -0.7355 -0.1743 -0.9554 0.0256 -0.2939 0.013
0.756 -0.2549 -0.6005 -0.053 0.5526 -0.5851 -0.5869 0.0884 0.7294 -0.0572 -0.6802 0.0446 0.7974 0.1767 -0.4537 0.3566 0.6783 -0.2529 -0.6815 -0.1066 -0.7189 -0.3446 0.5219 0.3033 -0.751 -0.1051 -0.6476 0.075 0.6694 0.0429 -0.7051 -0.2298 0.6541 -0.0309 -0.7355 -0.1743 -0.9554 0.0256 -0.2939 0.013
0.756 -0.2549 -0.6005 -0.053 0.5526 -0.5851 -0.5869 0.0884 0.7294 -0.0572 -0.6802 0.0446 0.7817 0.0798 -0.6186 -0.0023 0.6783 -0.2529 -0.6815 -0.1066 -0.7189 -0.3446 0.5219 0.3033 -0.6307 -0.079 -0.7332 0.2415 0.6694 0.0429 -0.7051 -0.2298 0.6541 -0.0309 -0.7355 -0.1743 -0.9554 0.0256 -0.2939 0.013
0.756 -0.2549 -0.6005 -0.053 0.6004 -0.5615 -0.5507 -0.1445 0.7294 -0.0572 -0.6802 0.0446 0.7817 0.0798 -0.6186 -0.0023 0.6783 -0.2529 -0.6815 -0.1066 -0.7189 -0.3446 0.5219 0.3033 -0.6307 -0.079 -0.7332 0.2415 0.6694 0.0429 -0.7051 -0.2298 0.6541 -0.0309 -0.7355 -0.1743 -0.9554 0.0256 -0.2939 0.013
0.756 -0.2549 -0.6005 -0.053 0.6004 -0.5615 -0.5507 -0.1445 0.7294 -0.0572 -0.6802 0.0446 0.7817 0.0798 -0.6186 -0.0023 0.6783 -0.2529 -0.6815 -0.1066 -0.7189 -0.3446 0.5219 0.3033 -0.6307 -0.079 -0.7332 0.2415 0.6694 0.0429 -0.7051 -0.2298 0.6541 -0.0309 -0.7355 -0.1743 -0.9554 0.0256 -0.2939 0.013
0.756 -0.2549 -0.6005 -0.053 0.6004 -0.5615 -0.5507 -0.1445 0.7294 -0.0572 -0.6802 0.0446 0.7817 0.0798 -0.6186 -0.0023 0.6783 -0.2529 -0.6815 -0.1066 -0.7189 -0.3446 0.5219 0.3033 -0.6307 -0.079 -0.7332 0.2415 0.6694 0.0429 -0.7051 -0.2298 0.6541 -0.0309 -0.7355 -0.1743 -0.9554 0.0256 -0.2939 0.013
0.756 -0.2549 -0.6005 -0.053 0.6004 -0.5615 -0.5507 -0.1445 0.7294 -0.0572 -0.6802 0.0446 0.7817 0.0798 -0.6186 -0.0023 0.6783 -0.2529 -0.6815 -0.1066 -0.7189 -0.3446 0.5219 0.3033 -0.6307 -0.079 -0.7332 0.2415 0.6694 0.0429 -0.7051 -0.2298 0.6541 -0.0309 -0.7355 -0.1743 -0.9554 0.0256 -0.2939 0.013
0.756 -0.2549 -0.6005 -0.053 0.6004 -0.5615 -0.5507 -0.1445 0.7294 -0.0572 -0.6802 0.0446 0.7817 0.0798 -0.6186 -0.0023 0.6783 -0.2529 -0.6815 -0.1066 -0.7189 -0.3446 0.5219 0.3033 -0.6307 -0.079 -0.7332 0.2415 0.6694 0.0429 -0.7051 -0.2298 0.6541 -0.0309 -0.7355 -0.1743 -0.9554 0.0256 -0.2939 0.013
0.7407 -0.2533 -0.5986 -0.1699 0.6004 -0.5615 -0.5507 -0.1445 0.715 -0.1657 -0.6412 -0.2242 0.7817 0.0798 -0.6186 -0.0023 0.7206 -0.3005 -0.6218 0.0618 -0.7187 -0.3079 0.5851 0.2151 -0.8145 -0.1246 -0.5514 0.1303 0.6511 0.0204 -0.7518 -0.1025 0.6949 -0.168 -0.6975 -0.0482 -0.942 0.0208 -0.3341 0.0221
0.7407 -0.2533 -0.5986 -0.1699 0.6004 -0.5615 -0.5507 -0.1445 0.715 -0.1657 -0.6412 -0.2242 0.7817 0.0798 -0.6186 -0.0023 0.7206 -0.3005 -0.6218 0.0618 -0.7187 -0.3079 0.5851 0.2151 -0.8145 -0.1246 -0.5514 0.1303 0.6511 0.0204 -0.7518 -0.1025 0.6949 -0.168 -0.6975 -0.0482 -0.942 0.0208 -0.3341 0.0221
0.7407 -0.2533 -0.5986 -0.1699 0.6011 -0.5733 -0.4899 -0.2646 0.715 -0.1657 -0.6412 -0.2242 0.7709 0.1436 -0.5676 -0.2507 0.7206 -0.3005 -0.6218 0.0618 -0.7187 -0.3079 0.5851 0.2151 -0.8145 -0.1246 -0.5514 0.1303 0.6511 0.0204 -0.7518 -0.1025 0.6949 -0.168 -0.6975 -0.0482 -0.942 0.0208 -0.3341 0.0221
0.7407 -0.2533 -0.5986 -0.1699 0.6011 -0.5733 -0.4899 -0.2646 0.715 -0.1657 -0.6412 -0.2242 0.7709 0.1436 -0.5676 -0.2507 0.7206 -0.3005 -0.6218 0.0618 -0.7187 -0.3079 0.5851 0.2151 -0.8145 -0.1246 -0.5514 0.1303 0.6511 0.0204 -0.7518 -0.1025 0.6949 -0.168 -0.6975 -0.0482 -0.942 0.0208 -0.3341 0.0221
0.7407 -0.2533 -0.5986 -0.1699 0.6011 -0.5733 -0.4899 -0.2646 0.715 -0.1657 -0.6412 -0.2242 0.7709 0.1436 -0.5676 -0.2507 0.7206 -0.3005 -0.6218 0.0618 -0.7187 -0.3079 0.5851 0.2151 -0.8145 -0.1246 -0.5514 0.1303 0.6511 0.0204 -0.7518 -0.1025 0.6949 -0.168 -0.6975 -0.0482 -0.942 0.0208 -0.3341 0.0221
0.7407 -0.2533 -0.5986 -0.1699 0.6011 -0.5733 -0.4899 -0.2646 0.715 -0.1657 -0.6412 -0.2242 0.7709 0.1436 -0.5676 -0.2507 0.7206 -0.3005 -0.6218 0.0618 -0.7187 -0.3079 0.5851 0.2151 -0.8145 -0.1246 -0.5514 0.1303 0.6511 0.0204 -0.7518 -0.1025 0.6949 -0.168 -0.6975 -0.0482 -0.942 0.0208 -0.3341 0.0221
0.7091 -0.2845 -0.5438 -0.347 0.6011 -0.5733 -0.4899 -0.2646 0.7371 -0.0721 -0.6074 -0.2875 0.7709 0.1436 -0.5676 -0.2507 0.7206 -0.3005 -0.6218 0.0618 -0.6873 -0.1082 0.7132 -0.0856 -0.8145 -0.1246 -0.5514 0.1303 0.6219 -0.0067 -0.7831 -9.0E-4 0.7058 -0.1877 -0.6831 -1.0E-4 -0.942 0.0208 -0.3341 0.0221
0.7091 -0.2845 -0.5438 -0.347 0.6011 -0.5733 -0.4899 -0.2646 0.7371 -0.0721 -0.6074 -0.2875 0.7709 0.1436 -0.5676 -0.2507 0.7206 -0.3005 -0.6218 0.0618 -0.6873 -0.1082 0.7132 -0.0856 -0.8145 -0.1246 -0.5514 0.1303 0.6219 -0.0067 -0.7831 -9.0E-4 0.7058 -0.1877 -0.6831 -1.0E-4 -0.942 0.0208 -0.3341 0.0221
0.7091 -0.2845 -0.5438 -0.347 0.6011 -0.5733 -0.4899 -0.2646 0.7371 -0.0721 -0.6074 -0.2875 0.7353 0.2543 -0.4879 -0.3958 0.7191 -0.2687 -0.6298 0.1188 -0.6873 -0.1082 0.7132 -0.0856 -0.8145 -0.1246 -0.5514 0.1303 0.6219 -0.0067 -0.7831 -9.0E-4 0.7058 -0.1877 -0.6831 -1.0E-4 -0.942 0.0208 -0.3341 0.0221
0.7091 -0.2845 -0.5438 -0.347 0.6187 -0.56 -0.4188 -0.358 0.7371 -0.0721 -0.6074 -0.2875 0.7353 0.2543 -0.4879 -0.3958 0.7191 -0.2687 -0.6298 0.1188 -0.6873 -0.1082 0.7132 -0.0856 -0.8145 -0.1246 -0.5514 0.1303 0.6219 -0.0067 -0.7831 -9.0E-4 0.7058 -0.1877 -0.6831 -1.0E-4 -0.942 0.0208 -0.3341 0.0221
0.7091 -0.2845 -0.5438 -0.347 0.6187 -0.56 -0.4188 -0.358 0.7371 -0.0721 -0.6074 -0.2875 0.7353 0.2543 -0.4879 -0.3958 0.7191 -0.2687 -0.6298 0.1188 -0.6873 -0.1082 0.7132 -0.0856 -0.8145 -0.1246 -0.5514 0.1303 0.6219 -0.0067 -0.7831 -9.0E-4 0.7058 -0.1877 -0.6831 -1.0E-4 -0.942 0.0208 -0.3341 0.0221
0.7091 -0.2845 -0.5438 -0.347 0.6187 -0.56 -0.4188 -0.358 0.7371 -0.0721 -0.6074 -0.2875 0.7353 0.2543 -0.4879 -0.3958 0.7191 -0.2687 -0.6298 0.1188 -0.6873 -0.1082 0.7132 -0.0856 -0.8145 -0.1246 -0.5514 0.1303 0.6219 -0.0067 -0.7831 -9.0E-4 0.7058 -0.1877 -0.6831 -1.0E-4 -0.942 0.0208 -0.3341 0.0221
0.6929 -0.2807 -0.5085 -0.4271 0.6187 -0.56 -0.4188 -0.358 0.7371 -0.0721 -0.6074 -0.2875 0.7353 0.2543 -0.4879 -0.3958 0.7191 -0.2687 -0.6298 0.1188 -0.6873 -0.1082 0.7132 -0.0856 -0.8145 -0.1246 -0.5514 0.1303 0.6169 -0.0057 -0.7814 0.093 0.7058 -0.1877 -0.6831 -1.0E-4 -0.942 0.0208 -0.3341 0.0221
0.6929 -0.2807 -0.5085 -0.4271 0.6187 -0.56 -0.4188 -0.358 0.7484 -0.0707 -0.586 -0.3027 0.7353 0.2543 -0.4879 -0.3958 0.7191 -0.2687 -0.6298 0.1188 -0.6511 0.0236 0.7423 -0.1565 -0.8145 -0.1246 -0.5514 0.1303 0.6169 -0.0057 -0.7814 0.093 0.7058 -0.1877 -0.6831 -1.0E-4 -0.942 0.0208 -0.3341 0.0221
0.6929 -0.2807 -0.5085 -0.4271 0.6187 -0.56 -0.4188 -0.358 0.7484 -0.0707 -0.586 -0.3027 0.7202 0.2896 -0.4567 -0.4346 0.7191 -0.2687 -0.6298 0.1188 -0.6511 0.0236 0.7423 -0.1565 -0.9657 -0.2521 -0.0589 -0.0203 0.6169 -0.0057 -0.7814 0.093 0.7321 -0.2382 -0.631 0.0961 -0.942 0.0208 -0.3341 0.0221
0.6929 -0.2807 -0.5085 -0.4271 0.6207 -0.5305 -0.3866 -0.4287 0.7484 -0.0707 -0.586 -0.3027 0.7202 0.2896 -0.4567 -0.4346 0.7191 -0.2687 -0.6298 0.1188 -0.6511 0.0236 0.7423 -0.1565 -0.9657 -0.2521 -0.0589 -0.0203 0.6169 -0.0057 -0.7814 0.093 0.7321 -0.2382 -0.631 0.0961 -0.942 0.0208 -0.3341 0.0221
0.6929 -0.2807 -0.5085 -0.4271 0.6207 -0.5305 -0.3866 -0.4287 0.7484 -0.0707 -0.586 -0.3027 0.7202 0.2896 -0.4567 -0.4346 0.7191 -0.2687 -0.6298 0.1188 -0.6511 0.0236 0.7423 -0.1565 -0.9657 -0.2521 -0.0589 -0.0203 0.6169 -0.0057 -0.7814 0.093 0.7321 -0.2382 -0.631 0.0961 -0.942 0.0208 -0.3341 0.0221
0.6929 -0.2807 -0.5085 -0.4271 0.6207 -0.5305 -0.3866 -0.4287 0.7484 -0.0707 -0.586 -0.3027 0.7202 0.2896 -0.4567 -0.4346 0.7191 -0.2687 -0.6298 0.1188 -0.6511 0.0236 0.7423 -0.1565 -0.9657 -0.2521 -0.0589 -0.0203 0.6169 -0.0057 -0.7814 0.093 0.7321 -0.2382 -0.631 0.0961 -0.942 0.0208 -0.3341 0.0221
0.6929 -0.2807 -0.5085 -0.4271 0.6207 -0.5305 -0.3866 -0.4287 0.7484 -0.0707 -0.586 -0.3027 0.7202 0.2896 -0.4567 -0.4346 0.7191 -0.2687 -0.6298 0.1188 -0.6511 0.0236 0.7423 -0.1565 -0.9657 -0.2521 -0.0589 -0.0203 0.6169 -0.0057 -0.7814 0.093 0.7321 -0.2382 -0.631 0.0961 -0.942 0.0208 -0.3341 0.0221
0.6929 -0.2807 -0.5085 -0.4271 0.6207 -0.5305 -0.3866 -0.4287 0.7484 -0.0707 -0.586 -0.3027 0.7202 0.2896 -0.4567 -0.4346 0.7191 -0.2687 -0.6298 0.1188 -0.6511 0.0236 0.7423 -0.1565 -0.9657 -0.2521 -0.0589 -0.0203 0.6169 -0.0057 -0.7814 0.093 0.7321 -0.2382 -0.631 0.0961 -0.942 0.0208 -0.3341 0.0221
0.6863 -0.256 -0.5599 -0.3872 0.6207 -0.5305 -0.3866 -0.4287 0.7549 -0.0375 -0.6251 -0.1949 0.7202 0.2896 -0.4567 -0.4346 0.7191 -0.2687 -0.6298 0.1188 -0.6605 -0.1664 0.7104 -0.1773 -0.9657 -0.2521 -0.0589 -0.0203 0.6472 0.0 -0.757 0.0899 0.7321 -0.2382 -0.631 0.0961 -0.942 0.0208 -0.3341 0.0221
0.6863 -0.256 -0.5599 -0.3872 0.6207 -0.5305 -0.3866 -0.4287 0.7549 -0.0375 -0.6251 -0.1949 0.7202 0.2896 -0.4567 -0.4346 0.6904 -0.2162 -0.678 0.13 -0.6605 -0.1664 0.7104 -0.1773 -0.9657 -0.2521 -0.0589 -0.0203 0.6472 0.0 -0.757 0.0899 0.7321 -0.2382 -0.631 0.0961 -0.942 0.0208 -0.3341 0.0221
0.6863 -0.256 -0.5599 -0.3872 0.6207 -0.5305 -0.3866 -0.4287 0.7549 -0.0375 -0.6251 -0.1949 0.7202 0.2896 -0.4567 -0.4346 0.6904 -0.2162 -0.678 0.13 -0.6605 -0.1664 0.7104 -0.1773 -0.9657 -0.2521 -0.0589 -0.0203 0.6472 0.0 -0.757 0.0899 0.7321 -0.2382 -0.631 0.0961 -0.942 0.0208 -0.3341 0.0221
0.6863 -0.256 -0.5599 -0.3872 0.6165 -0.5311 -0.4569 -0.3591 0.7549 -0.0375 -0.6251 -0.1949 0.7685 0.195 -0.5527 -0.2567 0.6904 -0.2162 -0.678 0.13 -0.6605 -0.1664 0.7104 -0.1773 -0.9657 -0.2521 -0.0589 -0.0203 0.6472 0.0 -0.757 0.0899 0.7321 -0.2382 -0.631 0.0961 -0.942 0.0208 -0.3341 0.0221
0.6863 -0.256 -0.5599 -0.3872 0.6165 -0.5311 -0.4569 -0.3591 0.7549 -0.0375 -0.6251 -0.1949 0.7685 0.195 -0.5527 -0.2567 0.6904 -0.2162 -0.678 0.13 -0.6605 -0.1664 0.7104 -0.1773 -0.9657 -0.2521 -0.0589 -0.0203 0.6472 0.0 -0.757 0.0899 0.7321 -0.2382 -0.631 0.0961 -0.942 0.0208 -0.3341 0.0221
0.6863 -0.256 -0.5599 -0.3872 0.6165 -0.5311 -0.4569 -0.3591 0.7549 -0.0375 -0.6251 -0.1949 0.7685 0.195 -0.5527 -0.2567 0.6904 -0.2162 -0.678 0.13 -0.6605 -0.1664 0.7104 -0.1773 -0.9657 -0.2521 -0.0589 -0.0203 0.6472 0.0 -0.757 0.0899 0.7321 -0.2382 -0.631 0.0961 -0.942 0.0208 -0.3341 0.0221
0.6863 -0.256 -0.5599 -0.3872 0.6165 -0.5311 -0.4569 -0.3591 0.7549 -0.0375 -0.6251 -0.1949 0.7685 0.195 -0.5527 -0.2567 0.6904 -0.2162 -0.678 0.13 -0.6605 -0.1664 0.7104 -0.1773 -0.9657 -0.2521 -0.0589 -0.0203 0.6472 0.0 -0.757 0.0899 0.7321 -0.2382 -0.631 0.0961 -0.942 0.0208 -0.3341 0.0221
0.7354 -0.2032 -0.6188 -0.187 0.6165 -0.5311 -0.4569 -0.3591 0.7305 -0.0068 -0.6671 -0.1461 0.7685 0.195 -0.5527 -0.2567 0.6904 -0.2162 -0.678 0.13 -0.6667 -0.2018 0.7089 -0.1107 -0.9657 -0.2521 -0.0589 -0.0203 0.7151 0.1169 -0.6891 -0.006 0.7321 -0.2382 -0.631 0.0961 -0.942 0.0208 -0.3341 0.0221
0.7354 -0.2032 -0.6188 -0.187 0.6165 -0.5311 -0.4569 -0.3591 0.7305 -0.0068 -0.6671 -0.1461 0.7685 0.195 -0.5527 -0.2567 0.6483 -0.1807 -0.7393 0.0234 -0.6667 -0.2018 0.7089 -0.1107 -0.9657 -0.2521 -0.0589 -0.0203 0.7151 0.1169 -0.6891 -0.006 0.7321 -0.2382 -0.631 0.0961 -0.942 0.0208 -0.3341 0.0221
0.7354 -0.2032 -0.6188 -0.187 0.6165 -0.5311 -0.4569 -0.3591 0.7305 -0.0068 -0.6671 -0.1461 0.7685 0.195 -0.5527 -0.2567 0.6483 -0.1807 -0.7393 0.0234 -0.6667 -0.2018 0.7089 -0.1107 -0.9657 -0.2521 -0.0589 -0.0203 0.7151 0.1169 -0.6891 -0.006 0.7321 -0.2382 -0.631 0.0961 -0.942 0.0208 -0.3341 0.0221
0.7354 -0.2032 -0.6188 -0.187 0.6566 -0.4639 -0.5911 -0.0652 0.7305 -0.0068 -0.6671 -0.1461 0.7778 0.1138 -0.6181 -0.0059 0.6483 -0.1807 -0.7393 0.0234 -0.6667 -0.2018 0.7089 -0.1107 -0.9657 -0.2521 -0.0589 -0.0203 0.7151 0.1169 -0.6891 -0.006 0.7321 -0.2382 -0.631 0.0961 -0.942 0.0208 -0.3341 0.0221
0.7354 -0.2032 -0.6188 -0.187 0.6566 -0.4639 -0.5911 -0.0652 0.7305 -0.0068 -0.6671 -0.1461 0.7778 0.1138 -0.6181 -0.0059 0.6483 -0.1807 -0.7393 0.0234 -0.6667 -0.2018 0.7089 -0.1107 -0.9657 -0.2521 -0.0589 -0.0203 0.7151 0.1169 -0.6891 -0.006 0.7321 -0.2382 -0.631 0.0961 -0.942 0.0208 -0.3341 0.0221
0.7354 -0.2032 -0.6188 -0.187 0.6566 -0.4639 -0.5911 -0.0652 0.7305 -0.0068 -0.6671 -0.1461 0.7778 0.1138 -0.6181 -0.0059 0.6483 -0.1807 -0.7393 0.0234 -0.6667 -0.2018 0.7089 -0.1107 -0.9657 -0.2521 -0.0589 -0.0203 0.7151 0.1169 -0.6891 -0.006 0.7321 -0.2382 -0.631 0.0961 -0.942 0.0208 -0.3341 0.0221
0.8046 -0.1396 -0.5756 0.0421 0.6566 -0.4639 -0.5911 -0.0652 0.7465 0.0021 -0.6638 0.0468 0.7778 0.1138 -0.6181 -0.0059 0.6483 -0.1807 -0.7393 0.0234 -0.6667 -0.2018 0.7089 -0.1107 -0.9657 -0.2521 -0.0589 -0.0203 0.7329 0.136 -0.6396 -0.1878 0.7321 -0.2382 -0.631 0.0961 -0.942 0.0208 -0.3341 0.0221
0.8046 -0.1396 -0.5756 0.0421 0.6566 -0.4639 -0.5911 -0.0652 0.7465 0.0021 -0.6638 0.0468 0.7778 0.1138 -0.6181 -0.0059 0.6483 -0.1807 -0.7393 0.0234 -0.6667 -0.2018 0.7089 -0.1107 -0.9657 -0.2521 -0.0589 -0.0203 0.7329 0.136 -0.6396 -0.1878 0.7321 -0.2382 -0.631 0.0961 -0.8479 0.0421 -0.5262 -0.0491
0.8046 -0.1396 -0.5756 0.0421 0.6566 -0.4639 -0.5911 -0.0652 0.7465 0.0021 -0.6638 0.0468 0.7778 0.1138 -0.6181 -0.0059 0.6483 -0.1807 -0.7393 0.0234 -0.6667 -0.2018 0.7089 -0.1107 -0.9657 -0.2521 -0.0589 -0.0203 0.7329 0.136 -0.6396 -0.1878 0.7321 -0.2382 -0.631 0.0961 -0.8479 0.0421 -0.5262 -0.0491
0.8046 -0.1396 -0.5756 0.0421 0.6566 -0.4639 -0.5911 -0.0652 0.7465 0.0021 -0.6638 0.0468 0.7778 0.1138 -0.6181 -0.0059 0.6483 -0.1807 -0.7393 0.0234 -0.6667 -0.2018 0.7089 -0.1107 -0.9657 -0.2521 -0.0589 -0.0203 0.7329 0.136 -0.6396 -0.1878 0.7321 -0.2382 -0.631 0.0961 -0.8479 0.0421 -0.5262 -0.0491
0.8046 -0.1396 -0.5756 0.0421 0.5907 -0.5155 -0.6032 0.1465 0.7465 0.0021 -0.6638 0.0468 0.7929 0.0949 -0.5804 0.1595 0.6483 -0.1807 -0.7393 0.0234 -0.6667 -0.2018 0.7089 -0.1107 -0.9657 -0.2521 -0.0589 -0.0203 0.7329 0.136 -0.6396 -0.1878 0.7321 -0.2382 -0.631 0.0961 -0.8479 0.0421 -0.5262 -0.0491
0.8046 -0.1396 -0.5756 0.0421 0.5907 -0.5155 -0.6032 0.1465 0.7465 0.0021 -0.6638 0.0468 0.7929 0.0949 -0.5804 0.1595 0.6483 -0.1807 -0.7393 0.0234 -0.6667 -0.2018 0.7089 -0.1107 -0.9657 -0.2521 -0.0589 -0.0203 0.7329 0.136 -0.6396 -0.1878 0.7321 -0.2382 -0.631 0.0961 -0.8479 0.0421 -0.5262 -0.0491
0.8046 -0.1396 -0.5756 0.0421 0.5907 -0.5155 -0.6032 0.1465 0.7465 0.0021 -0.6638 0.0468 0.7929 0.0949 -0.5804 0.1595 0.6483 -0.1807 -0.7393 0.0234 -0.6667 -0.2018 0.7089 -0.1107 -0.9657 -0.2521 -0.0589 -0.0203 0.7329 0.136 -0.6396 -0.1878 0.7321 -0.2382 -0.631 0.0961 -0.8479 0.0421 -0.5262 -0.0491
0.8067 -0.2165 -0.541 0.0984 0.5907 -0.5155 -0.6032 0.1465 0.7465 0.0021 -0.6638 0.0468 0.7929 0.0949 -0.5804 0.1595 0.6483 -0.1807 -0.7393 0.0234 -0.6893 -0.2366 0.6838 0.0353 -0.9657 -0.2521 -0.0589 -0.0203 0.7206 0.1157 -0.6356 -0.2515 0.7321 -0.2382 -0.631 0.0961 -0.8479 0.0421 -0.5262 -0.0491
0.8067 -0.2165 -0.541 0.0984 0.5907 -0.5155 -0.6032 0.1465 0.7465 0.0021 -0.6638 0.0468 0.7929 0.0949 -0.5804 0.1595 0.6483 -0.1807 -0.7393 0.0234 -0.6893 -0.2366 0.6838 0.0353 -0.9657 -0.2521 -0.0589 -0.0203 0.7206 0.1157 -0.6356 -0.2515 0.6531 0.0295 -0.7344 -0.1823 -0.8479 0.0421 -0.5262 -0.0491
0.8067 -0.2165 -0.541 0.0984 0.5907 -0.5155 -0.6032 0.1465 0.7465 0.0021 -0.6638 0.0468 0.7929 0.0949 -0.5804 0.1595 0.5749 -0.1375 -0.7966 -0.1264 -0.6893 -0.2366 0.6838 0.0353 -0.9657 -0.2521 -0.0589 -0.0203 0.7206 0.1157 -0.6356 -0.2515 0.6531 0.0295 -0.7344 -0.1823 -0.8479 0.0421 -0.5262 -0.0491
0.8067 -0.2165 -0.541 0.0984 0.5907 -0.5155 -0.6032 0.1465 0.7465 0.0021 -0.6638 0.0468 0.8012 0.1102 -0.5152 0.2838 0.5749 -0.1375 -0.7966 -0.1264 -0.6893 -0.2366 0.6838 0.0353 -0.9657 -0.2521 -0.0589 -0.0203 0.7206 0.1157 -0.6356 -0.2515 0.6531 0.0295 -0.7344 -0.1823 -0.8479 0.0421 -0.5262 -0.0491
0.8067 -0.2165 -0.541 0.0984 0.5907 -0.5155 -0.6032 0.1465 0.7465 0.0021 -0.6638 0.0468 0.8012 0.1102 -0.5152 0.2838 0.5749 -0.1375 -0.7966 -0.1264 -0.6893 -0.2366 0.6838 0.0353 -0.9657 -0.2521 -0.0589 -0.0203 0.7206 0.1157 -0.6356 -0.2515 0.6531 0.0295 -0.7344 -0.1823 -0.8479 0.0421 -0.5262 -0.0491
0.8067 -0.2165 -0.541 0.0984 0.5907 -0.5155 -0.6032 0.1465 0.7465 0.0021 -0.6638 0.0468 0.8012 0.1102 -0.5152 0.2838 0.5749 -0.1375 -0.7966 -0.1264 -0.6893 -0.2366 0.6838 0.0353 -0.9657 -0.2521 -0.0589 -0.0203 0.7206 0.1157 -0.6356 -0.2515 0.6531 0.0295 -0.7344 -0.1823 -0.8479 0.0421 -0.5262 -0.0491
0.7933 -0.2228 -0.5604 0.0833 0.5907 -0.5155 -0.6032 0.1465 0.7465 0.0021 -0.6638 0.0468 0.8012 0.1102 -0.5152 0.2838 0.5749 -0.1375 -0.7966 -0.1264 -0.6893 -0.2366 0.6838 0.0353 -0.9657 -0.2521 -0.0589 -0.0203 0.7206 0.1157 -0.6356 -0.2515 0.6531 0.0295 -0.7344 -0.1823 -0.8479 0.0421 -0.5262 -0.0491
0.7933 -0.2228 -0.5604 0.0833 0.5907 -0.5155 -0.6032 0.1465 0.768 0.0345 -0.5861 0.2559 0.8012 0.1102 -0.5152 0.2838 0.5749 -0.1375 -0.7966 -0.1264 -0.6964 -0.3077 0.6358 0.1268 -0.9657 -0.2521 -0.0589 -0.0203 0.6989 0.0696 -0.6523 -0.2848 0.6531 0.0295 -0.7344 -0.1823 -0.8479 0.0421 -0.5262 -0.0491
0.7933 -0.2228 -0.5604 0.0833 0.5907 -0.5155 -0.6032 0.1465 0.768 0.0345 -0.5861 0.2559 0.8012 0.1102 -0.5152 0.2838 0.5749 -0.1375 -0.7966 -0.1264 -0.6964 -0.3077 0.6358 0.1268 -0.9657 -0.2521 -0.0589 -0.0203 0.6989 0.0696 -0.6523 -0.2848 0.6531 0.0295 -0.7344 -0.1823 -0.98 0.0641 -0.1871 0.0223
0.7933 -0.2228 -0.5604 0.0833 0.5907 -0.5155 -0.6032 0.1465 0.768 0.0345 -0.5861 0.2559 0.8012 0.1102 -0.5152 0.2838 0.5749 -0.1375 -0.7966 -0.1264 -0.6964 -0.3077 0.6358 0.1268 -0.9657 -0.2521 -0.0589 -0.0203 0.6989 0.0696 -0.6523 -0.2848 0.6531 0.0295 -0.7344 -0.1823 -0.98 0.0641 -0.1871 0.0223
0.7933 -0.2228 -0.5604 0.0833 0.4792 -0.6202 -0.5923 0.1869 0.768 0.0345 -0.5861 0.2559 0.7885 0.1373 -0.5047 0.3236 0.5789 -0.1387 -0.7828 -0.1812 -0.6964 -0.3077 0.6358 0.1268 -0.9657 -0.2521 -0.0589 -0.0203 0.6989 0.0696 -0.6523 -0.2848 0.6531 0.0295 -0.7344 -0.1823 -0.98 0.0641 -0.1871 0.0223
0.7933 -0.2228 -0.5604 0.0833 0.4792 -0.6202 -0.5923 0.1869 0.768 0.0345 -0.5861 0.2559 0.7885 0.1373 -0.5047 0.3236 0.5789 -0.1387 -0.7828 -0.1812 -0.6964 -0.3077 0.6358 0.1268 -0.9657 -0.2521 -0.0589 -0.0203 0.6989 0.0696 -0.6523 -0.2848 0.6531 0.0295 -0.7344 -0.1823 -0.98 0.0641 -0.1871 0.0223
0.7933 -0.2228 -0.5604 0.0833 0.4792 -0.6202 -0.5923 0.1869 0.768 0.0345 -0.5861 0.2559 0.7885 0.1373 -0.5047 0.3236 0.5789 -0.1387 -0.7828 -0.1812 -0.6964 -0.3077 0.6358 0.1268 -0.9657 -0.2521 -0.0589 -0.0203 0.6989 0.0696 -0.6523 -0.2848 0.6531 0.0295 -0.7344 -0.1823 -0.98 0.0641 -0.1871 0.0223
0.7933 -0.2228 -0.5604 0.0833 0.4792 -0.6202 -0.5923 0.1869 0.768 0.0345 -0.5861 0.2559 0.7885 0.1373 -0.5047 0.3236 0.5789 -0.1387 -0.7828 -0.1812 -0.6964 -0.3077 0.6358 0.1268 -0.9657 -0.2521 -0.0589 -0.0203 0.6989 0.0696 -0.6523 -0.2848 0.6531 0.0295 -0.7344 -0.1823 -0.98 0.0641 -0.1871 0.0223
0.7634 -0.2718 -0.5858 -0.0158 0.4792 -0.6202 -0.5923 0.1869 0.7432 0.0289 -0.6352 0.2081 0.7885 0.1373 -0.5047 0.3236 0.5789 -0.1387 -0.7828 -0.1812 -0.6964 -0.3077 0.6358 0.1268 -0.9657 -0.2521 -0.0589 -0.0203 0.6638 0.0444 -0.6953 -0.272 0.6531 0.0295 -0.7344 -0.1823 -0.98 0.0641 -0.1871 0.0223
0.7634 -0.2718 -0.5858 -0.0158 0.4792 -0.6202 -0.5923 0.1869 0.7432 0.0289 -0.6352 0.2081 0.7885 0.1373 -0.5047 0.3236 0.5789 -0.1387 -0.7828 -0.1812 -0.6964 -0.3077 0.6358 0.1268 -0.9657 -0.2521 -0.0589 -0.0203 0.6638 0.0444 -0.6953 -0.272 0.6531 0.0295 -0.7344 -0.1823 -0.98 0.0641 -0.1871 0.0223
0.7634 -0.2718 -0.5858 -0.0158 0.4792 -0.6202 -0.5923 0.1869 0.7432 0.0289 -0.6352 0.2081 0.7885 0.1373 -0.5047 0.3236 0.5789 -0.1387 -0.7828 -0.1812 -0.6964 -0.3077 0.6358 0.1268 -0.9657 -0.2521 -0.0589 -0.0203 0.6638 0.0444 -0.6953 -0.272 0.6634 -0.1519 -0.7141 -0.1639 -0.9462 0.0209 -0.3215 0.0292
0.7634 -0.2718 -0.5858 -0.0158 0.5796 -0.5844 -0.562 -0.0824 0.7432 0.0289 -0.6352 0.2081 0.7885 0.1373 -0.5047 0.3236 0.5789 -0.1387 -0.7828 -0.1812 -0.6964 -0.3077 0.6358 0.1268 -0.9657 -0.2521 -0.0589 -0.0203 0.6638 0.0444 -0.6953 -0.272 0.6634 -0.1519 -0.7141 -0.1639 -0.9462 0.0209 -0.3215 0.0292
0.7634 -0.2718 -0.5858 -0.0158 0.5796 -0.5844 -0.562 -0.0824 0.7432 0.0289 -0.6352 0.2081 0.7885 0.1373 -0.5047 0.3236 0.5789 -0.1387 -0.7828 -0.1812 -0.6964 -0.3077 0.6358 0.1268 -0.9657 -0.2521 -0.0589 -0.0203 0.6638 0.0444 -0.6953 -0.272 0.6634 -0.1519 -0.7141 -0.1639 -0.9462 0.0209 -0.3215 0.0292
0.7634 -0.2718 -0.5858 -0.0158 0.5796 -0.5844 -0.562 -0.0824 0.7432 0.0289 -0.6352 0.2081 0.7885 0.1373 -0.5047 0.3236 0.5789 -0.1387 -0.7828 -0.1812 -0.6964 -0.3077 0.6358 0.1268 -0.9657 -0.2521 -0.0589 -0.0203 0.6638 0.0444 -0.6953 -0.272 0.6634 -0.1519 -0.7141 -0.1639 -0.9462 0.0209 -0.3215 0.0292
0.7634 -0.2718 -0.5858 -0.0158 0.5796 -0.5844 -0.562 -0.0824 0.7432 0.0289 -0.6352 0.2081 0.7885 0.1373 -0.5047 0.3236 0.5789 -0.1387 -0.7828 -0.1812 -0.6964 -0.3077 0.6358 0.1268 -0.9657 -0.2521 -0.0589 -0.0203 0.6638 0.0444 -0.6953 -0.272 0.6634 -0.1519 -0.7141 -0.1639 -0.9462 0.0209 -0.3215 0.0292
0.7634 -0.2718 -0.5858 -0.0158 0.5796 -0.5844 -0.562 -0.0824 0.7432 0.0289 -0.6352 0.2081 0.7885 0.1373 -0.5047 0.3236 0.5789 -0.1387 -0.7828 -0.1812 -0.6964 -0.3077 0.6358 0.1268 -0.9657 -0.2521 -0.0589 -0.0203 0.6638 0.0444 -0.6953 -0.272 0.6634 -0.1519 -0.7141 -0.1639 -0.9462 0.0209 -0.3215 0.0292
