rt-uaw rt-uax rt-uay rt-uaz rt-faw rt-fax rt-fay rt-faz rt-thw rt-thx rt-thy rt-thz rt-llw rt-llx rt-lly rt-llz rt-ftw rt-ftx rt-fty rt-ftz lt-uaw lt-uax lt-uay lt-uaz lt-faw lt-fax lt-fay lt-faz lt-thw lt-thx lt-thy lt-thz lt-llw lt-llx lt-lly lt-llz lt-ftw lt-ftx lt-fty lt-ftz 
-0.7396 0.1019 0.6591 0.0903 0.7585 -0.0718 -0.6398 0.1007 0.7466 -0.0353 -0.644 -0.163 -0.7867 -0.1984 0.5798 -0.0743 -0.7418 0.2358 0.6175 0.1135 0.7377 0.3707 -0.5602 -0.0682 0.8167 -0.113 0.5636 -0.0525 0.6774 -0.0214 -0.7351 0.0145 -0.631 -0.3407 0.5772 -0.3907 0.8986 0.2217 0.3254 -0.1935
-0.7396 0.1019 0.6591 0.0903 0.7585 -0.0718 -0.6398 0.1007 0.7466 -0.0353 -0.644 -0.163 -0.7867 -0.1984 0.5798 -0.0743 -0.7418 0.2358 0.6175 0.1135 0.7377 0.3707 -0.5602 -0.0682 0.8167 -0.113 0.5636 -0.0525 0.6774 -0.0214 -0.7351 0.0145 -0.631 -0.3407 0.5772 -0.3907 0.8986 0.2217 0.3254 -0.1935
-0.7396 0.1019 0.6591 0.0903 0.7585 -0.0718 -0.6398 0.1007 0.7466 -0.0353 -0.644 -0.163 -0.7867 -0.1984 0.5798 -0.0743 -0.7418 0.2358 0.6175 0.1135 0.7377 0.3707 -0.5602 -0.0682 0.8167 -0.113 0.5636 -0.0525 0.6774 -0.0214 -0.7351 0.0145 -0.631 -0.3407 0.5772 -0.3907 0.8986 0.2217 0.3254 -0.1935
-0.7396 0.1019 0.6591 0.0903 0.7585 -0.0718 -0.6398 0.1007 0.7466 -0.0353 -0.644 -0.163 -0.7845 -0.168 0.591 -0.0842 -0.7418 0.2358 0.6175 0.1135 0.7377 0.3707 -0.5602 -0.0682 0.8167 -0.113 0.5636 -0.0525 0.6774 -0.0214 -0.7351 0.0145 -0.631 -0.3407 0.5772 -0.3907 0.8986 0.2217 0.3254 -0.1935
-0.7396 0.1019 0.6591 0.0903 0.7585 -0.0718 -0.6398 0.1007 0.7466 -0.0353 -0.644 -0.163 -0.7845 -0.168 0.591 -0.0842 -0.7418 0.2358 0.6175 0.1135 0.7377 0.3707 -0.5602 -0.0682 0.8167 -0.113 0.5636 -0.0525 0.6774 -0.0214 -0.7351 0.0145 -0.631 -0.3407 0.5772 -0.3907 0.8986 0.2217 0.3254 -0.1935
-0.7396 0.1019 0.6591 0.0903 0.7585 -0.0718 -0.6398 0.1007 0.7466 -0.0353 -0.644 -0.163 -0.7845 -0.168 0.591 -0.0842 -0.7729 0.2609 0.5756 0.056 0.7377 0.3707 -0.5602 -0.0682 0.8167 -0.113 0.5636 -0.0525 0.6678 -0.0338 -0.7426 0.0385 -0.595 -0.3301 0.6026 -0.417 0.8936 0.2257 0.3356 -0.1946
-0.7396 0.1019 0.6591 0.0903 0.7585 -0.0718 -0.6398 0.1007 0.7466 -0.0353 -0.644 -0.163 -0.7845 -0.168 0.591 -0.0842 -0.7729 0.2609 0.5756 0.056 0.7377 0.3707 -0.5602 -0.0682 0.8167 -0.113 0.5636 -0.0525 0.6678 -0.0338 -0.7426 0.0385 -0.595 -0.3301 0.6026 -0.417 0.8936 0.2257 0.3356 -0.1946
-0.7459 0.1042 0.6483 0.1116 0.7678 -0.0773 -0.6313 0.0781 0.7387 -0.0472 -0.6539 -0.1567 -0.7845 -0.168 0.591 -0.0842 -0.7729 0.2609 0.5756 0.056 0.726 0.2762 -0.6292 0.0259 0.9123 -0.0991 0.3918 -0.0662 0.6678 -0.0338 -0.7426 0.0385 -0.595 -0.3301 0.6026 -0.417 0.8936 0.2257 0.3356 -0.1946
-0.7459 0.1042 0.6483 0.1116 0.7678 -0.0773 -0.6313 0.0781 0.7387 -0.0472 -0.6539 -0.1567 -0.7845 -0.168 0.591 -0.0842 -0.7729 0.2609 0.5756 0.056 0.726 0.2762 -0.6292 0.0259 0.9123 -0.0991 0.3918 -0.0662 0.6678 -0.0338 -0.7426 0.0385 -0.595 -0.3301 0.6026 -0.417 0.8936 0.2257 0.3356 -0.1946
-0.7459 0.1042 0.6483 0.1116 0.7678 -0.0773 -0.6313 0.0781 0.7387 -0.0472 -0.6539 -0.1567 -0.7845 -0.168 0.591 -0.0842 -0.7729 0.2609 0.5756 0.056 0.726 0.2762 -0.6292 0.0259 0.9123 -0.0991 0.3918 -0.0662 0.6678 -0.0338 -0.7426 0.0385 -0.595 -0.3301 0.6026 -0.417 0.8936 0.2257 0.3356 -0.1946
-0.7459 0.1042 0.6483 0.1116 0.7678 -0.0773 -0.6313 0.0781 0.7387 -0.0472 -0.6539 -0.1567 -0.7845 -0.168 0.591 -0.0842 -0.7729 0.2609 0.5756 0.056 0.726 0.2762 -0.6292 0.0259 0.9123 -0.0991 0.3918 -0.0662 0.6678 -0.0338 -0.7426 0.0385 -0.595 -0.3301 0.6026 -0.417 0.8936 0.2257 0.3356 -0.1946
-0.7459 0.1042 0.6483 0.1116 0.7678 -0.0773 -0.6313 0.0781 0.7387 -0.0472 -0.6539 -0.1567 -0.7763 -0.158 0.605 -0.0797 -0.7766 0.2401 0.5815 0.0354 0.726 0.2762 -0.6292 0.0259 0.9123 -0.0991 0.3918 -0.0662 0.6678 -0.0338 -0.7426 0.0385 -0.5878 -0.3201 0.5975 -0.4415 0.8936 0.2257 0.3356 -0.1946
-0.7459 0.1042 0.6483 0.1116 0.7678 -0.0773 -0.6313 0.0781 0.7387 -0.0472 -0.6539 -0.1567 -0.7763 -0.158 0.605 -0.0797 -0.7766 0.2401 0.5815 0.0354 0.726 0.2762 -0.6292 0.0259 0.9123 -0.0991 0.3918 -0.0662 0.6567 -0.0488 -0.7501 0.0609 -0.5878 -0.3201 0.5975 -0.4415 0.8841 0.231 0.3578 -0.1924
-0.7459 0.1042 0.6483 0.1116 0.7678 -0.0773 -0.6313 0.0781 0.7387 -0.0472 -0.6539 -0.1567 -0.7763 -0.158 0.605 -0.0797 -0.7766 0.2401 0.5815 0.0354 0.726 0.2762 -0.6292 0.0259 0.9123 -0.0991 0.3918 -0.0662 0.6567 -0.0488 -0.7501 0.0609 -0.5878 -0.3201 0.5975 -0.4415 0.8841 0.231 0.3578 -0.1924
-0.7402 0.0966 0.6534 0.1258 0.7647 -0.053 -0.6407 0.0438 0.7311 -0.0538 -0.6613 -0.1587 -0.7763 -0.158 0.605 -0.0797 -0.7766 0.2401 0.5815 0.0354 0.6927 0.1296 -0.6795 0.204 0.9659 -0.078 0.239 -0.0608 0.6567 -0.0488 -0.7501 0.0609 -0.5878 -0.3201 0.5975 -0.4415 0.8841 0.231 0.3578 -0.1924
-0.7402 0.0966 0.6534 0.1258 0.7647 -0.053 -0.6407 0.0438 0.7311 -0.0538 -0.6613 -0.1587 -0.7763 -0.158 0.605 -0.0797 -0.7766 0.2401 0.5815 0.0354 0.6927 0.1296 -0.6795 0.204 0.9659 -0.078 0.239 -0.0608 0.6567 -0.0488 -0.7501 0.0609 -0.5878 -0.3201 0.5975 -0.4415 0.8841 0.231 0.3578 -0.1924
-0.7402 0.0966 0.6534 0.1258 0.7647 -0.053 -0.6407 0.0438 0.7311 -0.0538 -0.6613 -0.1587 -0.7763 -0.158 0.605 -0.0797 -0.7766 0.2401 0.5815 0.0354 0.6927 0.1296 -0.6795 0.204 0.9659 -0.078 0.239 -0.0608 0.6567 -0.0488 -0.7501 0.0609 -0.5878 -0.3201 0.5975 -0.4415 0.8841 0.231 0.3578 -0.1924
-0.7402 0.0966 0.6534 0.1258 0.7647 -0.053 -0.6407 0.0438 0.7311 -0.0538 -0.6613 -0.1587 -0.769 -0.176 0.6095 -0.0788 -0.7766 0.2401 0.5815 0.0354 0.6927 0.1296 -0.6795 0.204 0.9659 -0.078 0.239 -0.0608 0.6567 -0.0488 -0.7501 0.0609 -0.5878 -0.3201 0.5975 -0.4415 0.8841 0.231 0.3578 -0.1924
-0.7402 0.0966 0.6534 0.1258 0.7647 -0.053 -0.6407 0.0438 0.7311 -0.0538 -0.6613 -0.1587 -0.769 -0.176 0.6095 -0.0788 -0.7766 0.2401 0.5815 0.0354 0.6927 0.1296 -0.6795 0.204 0.9659 -0.078 0.239 -0.0608 0.6567 -0.0488 -0.7501 0.0609 -0.5878 -0.3201 0.5975 -0.4415 0.8841 0.231 0.3578 -0.1924
-0.7402 0.0966 0.6534 0.1258 0.7647 -0.053 -0.6407 0.0438 0.7311 -0.0538 -0.6613 -0.1587 -0.769 -0.176 0.6095 -0.0788 -0.7572 0.2534 0.6001 0.0475 0.6927 0.1296 -0.6795 0.204 0.9659 -0.078 0.239 -0.0608 0.6567 -0.0488 -0.7501 0.0609 -0.5822 -0.2817 0.5892 -0.4843 0.8506 0.2274 0.4299 -0.2
-0.7402 0.0966 0.6534 0.1258 0.7584 -0.0276 -0.6508 0.0212 0.7311 -0.0538 -0.6613 -0.1587 -0.769 -0.176 0.6095 -0.0788 -0.7572 0.2534 0.6001 0.0475 0.6794 0.0903 -0.7061 0.178 0.9659 -0.078 0.239 -0.0608 0.6479 -0.0702 -0.7529 0.0923 -0.5822 -0.2817 0.5892 -0.4843 0.8506 0.2274 0.4299 -0.2
-0.7402 0.0966 0.6534 0.1258 0.7584 -0.0276 -0.6508 0.0212 0.7311 -0.0538 -0.6613 -0.1587 -0.769 -0.176 0.6095 -0.0788 -0.7572 0.2534 0.6001 0.0475 0.6794 0.0903 -0.7061 0.178 0.9659 -0.078 0.239 -0.0608 0.6479 -0.0702 -0.7529 0.0923 -0.5822 -0.2817 0.5892 -0.4843 0.8506 0.2274 0.4299 -0.2
-0.7402 0.0966 0.6534 0.1258 0.7584 -0.0276 -0.6508 0.0212 0.7311 -0.0538 -0.6613 -0.1587 -0.769 -0.176 0.6095 -0.0788 -0.7572 0.2534 0.6001 0.0475 0.6794 0.0903 -0.7061 0.178 0.9506 -0.0858 0.2863 -0.0845 0.6479 -0.0702 -0.7529 0.0923 -0.5822 -0.2817 0.5892 -0.4843 0.8506 0.2274 0.4299 -0.2
-0.7402 0.0966 0.6534 0.1258 0.7584 -0.0276 -0.6508 0.0212 0.7311 -0.0538 -0.6613 -0.1587 -0.769 -0.176 0.6095 -0.0788 -0.7572 0.2534 0.6001 0.0475 0.6794 0.0903 -0.7061 0.178 0.9506 -0.0858 0.2863 -0.0845 0.6479 -0.0702 -0.7529 0.0923 -0.5822 -0.2817 0.5892 -0.4843 0.8506 0.2274 0.4299 -0.2
-0.7402 0.0966 0.6534 0.1258 0.7584 -0.0276 -0.6508 0.0212 0.7311 -0.0538 -0.6613 -0.1587 -0.769 -0.176 0.6095 -0.0788 -0.7572 0.2534 0.6001 0.0475 0.6794 0.0903 -0.7061 0.178 0.9506 -0.0858 0.2863 -0.0845 0.6479 -0.0702 -0.7529 0.0923 -0.5822 -0.2817 0.5892 -0.4843 0.8506 0.2274 0.4299 -0.2
-0.7402 0.0966 0.6534 0.1258 0.7584 -0.0276 -0.6508 0.0212 0.7311 -0.0538 -0.6613 -0.1587 -0.7653 -0.1906 0.6077 -0.0931 -0.744 0.2388 0.6227 0.0413 0.6794 0.0903 -0.7061 0.178 0.9506 -0.0858 0.2863 -0.0845 0.6479 -0.0702 -0.7529 0.0923 -0.5698 -0.1954 0.5704 -0.5583 0.8506 0.2274 0.4299 -0.2
-0.7402 0.0966 0.6534 0.1258 0.7584 -0.0276 -0.6508 0.0212 0.7311 -0.0538 -0.6613 -0.1587 -0.7653 -0.1906 0.6077 -0.0931 -0.744 0.2388 0.6227 0.0413 0.6794 0.0903 -0.7061 0.178 0.9506 -0.0858 0.2863 -0.0845 0.6757 -0.0434 -0.7305 0.0885 -0.5698 -0.1954 0.5704 -0.5583 0.7271 0.2278 0.6068 -0.2264
-0.7402 0.0966 0.6534 0.1258 0.7584 -0.0276 -0.6508 0.0212 0.7311 -0.0538 -0.6613 -0.1587 -0.7653 -0.1906 0.6077 -0.0931 -0.744 0.2388 0.6227 0.0413 0.6794 0.0903 -0.7061 0.178 0.9506 -0.0858 0.2863 -0.0845 0.6757 -0.0434 -0.7305 0.0885 -0.5698 -0.1954 0.5704 -0.5583 0.7271 0.2278 0.6068 -0.2264
-0.7369 0.0992 0.6589 0.1138 0.7599 -0.0248 -0.6493 0.0153 0.7311 -0.0538 -0.6613 -0.1587 -0.7653 -0.1906 0.6077 -0.0931 -0.744 0.2388 0.6227 0.0413 0.6804 0.1951 -0.6859 0.1686 0.9506 -0.0858 0.2863 -0.0845 0.6757 -0.0434 -0.7305 0.0885 -0.5698 -0.1954 0.5704 -0.5583 0.7271 0.2278 0.6068 -0.2264
-0.7369 0.0992 0.6589 0.1138 0.7599 -0.0248 -0.6493 0.0153 0.7311 -0.0538 -0.6613 -0.1587 -0.7653 -0.1906 0.6077 -0.0931 -0.744 0.2388 0.6227 0.0413 0.6804 0.1951 -0.6859 0.1686 0.9255 -0.1089 0.3574 -0.0626 0.6757 -0.0434 -0.7305 0.0885 -0.5698 -0.1954 0.5704 -0.5583 0.7271 0.2278 0.6068 -0.2264
-0.7369 0.0992 0.6589 0.1138 0.7599 -0.0248 -0.6493 0.0153 0.7311 -0.0538 -0.6613 -0.1587 -0.7653 -0.1906 0.6077 -0.0931 -0.744 0.2388 0.6227 0.0413 0.6804 0.1951 -0.6859 0.1686 0.9255 -0.1089 0.3574 -0.0626 0.6757 -0.0434 -0.7305 0.0885 -0.5698 -0.1954 0.5704 -0.5583 0.7271 0.2278 0.6068 -0.2264
-0.7369 0.0992 0.6589 0.1138 0.7599 -0.0248 -0.6493 0.0153 0.7311 -0.0538 -0.6613 -0.1587 -0.7653 -0.1906 0.6077 -0.0931 -0.744 0.2388 0.6227 0.0413 0.6804 0.1951 -0.6859 0.1686 0.9255 -0.1089 0.3574 -0.0626 0.6757 -0.0434 -0.7305 0.0885 -0.5698 -0.1954 0.5704 -0.5583 0.7271 0.2278 0.6068 -0.2264
-0.7369 0.0992 0.6589 0.1138 0.7599 -0.0248 -0.6493 0.0153 0.7311 -0.0538 -0.6613 -0.1587 -0.7653 -0.1906 0.6077 -0.0931 -0.744 0.2388 0.6227 0.0413 0.6804 0.1951 -0.6859 0.1686 0.9255 -0.1089 0.3574 -0.0626 0.6757 -0.0434 -0.7305 0.0885 -0.5698 -0.1954 0.5704 -0.5583 0.7271 0.2278 0.6068 -0.2264
-0.7369 0.0992 0.6589 0.1138 0.7599 -0.0248 -0.6493 0.0153 0.7311 -0.0538 -0.6613 -0.1587 -0.7781 -0.1898 0.5873 -0.1165 -0.7047 0.2215 0.6672 0.0959 0.6804 0.1951 -0.6859 0.1686 0.9255 -0.1089 0.3574 -0.0626 0.7311 0.0764 -0.6779 0.0118 -0.5317 -0.114 0.5217 -0.6574 0.5302 0.2054 0.7999 -0.1918
-0.7369 0.0992 0.6589 0.1138 0.7599 -0.0248 -0.6493 0.0153 0.7311 -0.0538 -0.6613 -0.1587 -0.7781 -0.1898 0.5873 -0.1165 -0.7047 0.2215 0.6672 0.0959 0.6804 0.1951 -0.6859 0.1686 0.9255 -0.1089 0.3574 -0.0626 0.7311 0.0764 -0.6779 0.0118 -0.5317 -0.114 0.5217 -0.6574 0.5302 0.2054 0.7999 -0.1918
-0.7521 0.087 0.6498 0.0662 0.7682 -0.0435 -0.6348 0.0706 0.7311 -0.0538 -0.6613 -0.1587 -0.7781 -0.1898 0.5873 -0.1165 -0.7047 0.2215 0.6672 0.0959 0.6756 0.2247 -0.6912 0.1239 0.9221 -0.1054 0.3678 -0.0576 0.7311 0.0764 -0.6779 0.0118 -0.5317 -0.114 0.5217 -0.6574 0.5302 0.2054 0.7999 -0.1918
-0.7521 0.087 0.6498 0.0662 0.7682 -0.0435 -0.6348 0.0706 0.7311 -0.0538 -0.6613 -0.1587 -0.7781 -0.1898 0.5873 -0.1165 -0.7047 0.2215 0.6672 0.0959 0.6756 0.2247 -0.6912 0.1239 0.9221 -0.1054 0.3678 -0.0576 0.7311 0.0764 -0.6779 0.0118 -0.5317 -0.114 0.5217 -0.6574 0.5302 0.2054 0.7999 -0.1918
-0.7521 0.087 0.6498 0.0662 0.7682 -0.0435 -0.6348 0.0706 0.7311 -0.0538 -0.6613 -0.1587 -0.7781 -0.1898 0.5873 -0.1165 -0.7047 0.2215 0.6672 0.0959 0.6756 0.2247 -0.6912 0.1239 0.9221 -0.1054 0.3678 -0.0576 0.7311 0.0764 -0.6779 0.0118 -0.5317 -0.114 0.5217 -0.6574 0.5302 0.2054 0.7999 -0.1918
-0.7521 0.087 0.6498 0.0662 0.7682 -0.0435 -0.6348 0.0706 0.7311 -0.0538 -0.6613 -0.1587 -0.7781 -0.1898 0.5873 -0.1165 -0.7047 0.2215 0.6672 0.0959 0.6756 0.2247 -0.6912 0.1239 0.9221 -0.1054 0.3678 -0.0576 0.7311 0.0764 -0.6779 0.0118 -0.5317 -0.114 0.5217 -0.6574 0.5302 0.2054 0.7999 -0.1918
-0.7521 0.087 0.6498 0.0662 0.7682 -0.0435 -0.6348 0.0706 0.7311 -0.0538 -0.6613 -0.1587 -0.7781 -0.1898 0.5873 -0.1165 -0.7047 0.2215 0.6672 0.0959 0.6756 0.2247 -0.6912 0.1239 0.9221 -0.1054 0.3678 -0.0576 0.7311 0.0764 -0.6779 0.0118 -0.5317 -0.114 0.5217 -0.6574 0.5302 0.2054 0.7999 -0.1918
-0.7521 0.087 0.6498 0.0662 0.7682 -0.0435 -0.6348 0.0706 0.7311 -0.0538 -0.6613 -0.1587 -0.7849 -0.2344 0.5487 -0.1671 -0.6612 0.2095 0.7025 0.16 0.6756 0.2247 -0.6912 0.1239 0.9221 -0.1054 0.3678 -0.0576 0.752 0.1519 -0.6277 -0.1324 -0.542 -0.1766 0.5334 -0.6249 0.7134 0.2477 0.6387 -0.1475
-0.7521 0.087 0.6498 0.0662 0.7682 -0.0435 -0.6348 0.0706 0.7311 -0.0538 -0.6613 -0.1587 -0.7849 -0.2344 0.5487 -0.1671 -0.6612 0.2095 0.7025 0.16 0.6756 0.2247 -0.6912 0.1239 0.9221 -0.1054 0.3678 -0.0576 0.752 0.1519 -0.6277 -0.1324 -0.542 -0.1766 0.5334 -0.6249 0.7134 0.2477 0.6387 -0.1475
-0.7521 0.087 0.6498 0.0662 0.7802 -0.0466 -0.6091 0.1351 0.7311 -0.0538 -0.6613 -0.1587 -0.7849 -0.2344 0.5487 -0.1671 -0.6612 0.2095 0.7025 0.16 0.6756 0.2247 -0.6912 0.1239 0.9221 -0.1054 0.3678 -0.0576 0.752 0.1519 -0.6277 -0.1324 -0.542 -0.1766 0.5334 -0.6249 0.7134 0.2477 0.6387 -0.1475
-0.7521 0.087 0.6498 0.0662 0.7802 -0.0466 -0.6091 0.1351 0.7311 -0.0538 -0.6613 -0.1587 -0.7849 -0.2344 0.5487 -0.1671 -0.6612 0.2095 0.7025 0.16 0.6756 0.2247 -0.6912 0.1239 0.9136 -0.1085 0.3867 -0.0637 0.752 0.1519 -0.6277 -0.1324 -0.542 -0.1766 0.5334 -0.6249 0.7134 0.2477 0.6387 -0.1475
-0.7521 0.087 0.6498 0.0662 0.7802 -0.0466 -0.6091 0.1351 0.7311 -0.0538 -0.6613 -0.1587 -0.7849 -0.2344 0.5487 -0.1671 -0.6612 0.2095 0.7025 0.16 0.6756 0.2247 -0.6912 0.1239 0.9136 -0.1085 0.3867 -0.0637 0.752 0.1519 -0.6277 -0.1324 -0.542 -0.1766 0.5334 -0.6249 0.7134 0.2477 0.6387 -0.1475
-0.7521 0.087 0.6498 0.0662 0.7802 -0.0466 -0.6091 0.1351 0.7311 -0.0538 -0.6613 -0.1587 -0.7849 -0.2344 0.5487 -0.1671 -0.6612 0.2095 0.7025 0.16 0.6756 0.2247 -0.6912 0.1239 0.9136 -0.1085 0.3867 -0.0637 0.752 0.1519 -0.6277 -0.1324 -0.542 -0.1766 0.5334 -0.6249 0.7134 0.2477 0.6387 -0.1475
-0.7521 0.087 0.6498 0.0662 0.7802 -0.0466 -0.6091 0.1351 0.7311 -0.0538 -0.6613 -0.1587 -0.784 -0.2209 0.5399 -0.2124 -0.6206 0.2087 0.7236 0.2185 0.6756 0.2247 -0.6912 0.1239 0.9136 -0.1085 0.3867 -0.0637 0.752 0.1519 -0.6277 -0.1324 -0.614 -0.3892 0.5496 -0.4117 0.8953 0.2273 0.3525 -0.1498
-0.7521 0.087 0.6498 0.0662 0.7802 -0.0466 -0.6091 0.1351 0.7311 -0.0538 -0.6613 -0.1587 -0.784 -0.2209 0.5399 -0.2124 -0.6206 0.2087 0.7236 0.2185 0.6756 0.2247 -0.6912 0.1239 0.9136 -0.1085 0.3867 -0.0637 0.7525 0.1251 -0.6042 -0.2302 -0.614 -0.3892 0.5496 -0.4117 0.8953 0.2273 0.3525 -0.1498
-0.7695 0.1154 0.6281 -0.0104 0.7802 -0.0466 -0.6091 0.1351 0.7311 -0.0538 -0.6613 -0.1587 -0.784 -0.2209 0.5399 -0.2124 -0.6206 0.2087 0.7236 0.2185 0.6756 0.2247 -0.6912 0.1239 0.9136 -0.1085 0.3867 -0.0637 0.7525 0.1251 -0.6042 -0.2302 -0.614 -0.3892 0.5496 -0.4117 0.8953 0.2273 0.3525 -0.1498
-0.7695 0.1154 0.6281 -0.0104 0.7802 -0.0466 -0.6091 0.1351 0.7311 -0.0538 -0.6613 -0.1587 -0.784 -0.2209 0.5399 -0.2124 -0.6206 0.2087 0.7236 0.2185 0.6756 0.2247 -0.6912 0.1239 0.9024 -0.1133 0.4095 -0.0715 0.7525 0.1251 -0.6042 -0.2302 -0.614 -0.3892 0.5496 -0.4117 0.8953 0.2273 0.3525 -0.1498
-0.7695 0.1154 0.6281 -0.0104 0.7802 -0.0466 -0.6091 0.1351 0.7311 -0.0538 -0.6613 -0.1587 -0.784 -0.2209 0.5399 -0.2124 -0.6206 0.2087 0.7236 0.2185 0.6756 0.2247 -0.6912 0.1239 0.9024 -0.1133 0.4095 -0.0715 0.7525 0.1251 -0.6042 -0.2302 -0.614 -0.3892 0.5496 -0.4117 0.8953 0.2273 0.3525 -0.1498
-0.7695 0.1154 0.6281 -0.0104 0.7802 -0.0466 -0.6091 0.1351 0.7311 -0.0538 -0.6613 -0.1587 -0.784 -0.2209 0.5399 -0.2124 -0.6206 0.2087 0.7236 0.2185 0.6756 0.2247 -0.6912 0.1239 0.9024 -0.1133 0.4095 -0.0715 0.7525 0.1251 -0.6042 -0.2302 -0.614 -0.3892 0.5496 -0.4117 0.8953 0.2273 0.3525 -0.1498
-0.7695 0.1154 0.6281 -0.0104 0.7802 -0.0466 -0.6091 0.1351 0.7311 -0.0538 -0.6613 -0.1587 -0.784 -0.2209 0.5399 -0.2124 -0.6206 0.2087 0.7236 0.2185 0.6756 0.2247 -0.6912 0.1239 0.9024 -0.1133 0.4095 -0.0715 0.7525 0.1251 -0.6042 -0.2302 -0.614 -0.3892 0.5496 -0.4117 0.8953 0.2273 0.3525 -0.1498
-0.7695 0.1154 0.6281 -0.0104 0.7802 -0.0466 -0.6091 0.1351 0.7311 -0.0538 -0.6613 -0.1587 -0.764 -0.2193 0.533 -0.29 -0.5806 0.2001 0.7408 0.2721 0.6756 0.2247 -0.6912 0.1239 0.9024 -0.1133 0.4095 -0.0715 0.7525 0.1251 -0.6042 -0.2302 -0.6358 -0.5369 0.5292 -0.1656 0.8953 0.2273 0.3525 -0.1498
-0.7695 0.1154 0.6281 -0.0104 0.7802 -0.0466 -0.6091 0.1351 0.7311 -0.0538 -0.6613 -0.1587 -0.764 -0.2193 0.533 -0.29 -0.5806 0.2001 0.7408 0.2721 0.6756 0.2247 -0.6912 0.1239 0.9024 -0.1133 0.4095 -0.0715 0.7386 0.0716 -0.632 -0.2234 -0.6358 -0.5369 0.5292 -0.1656 0.9669 0.1711 0.0973 -0.1622
-0.7695 0.1154 0.6281 -0.0104 0.7802 -0.0466 -0.6091 0.1351 0.7311 -0.0538 -0.6613 -0.1587 -0.764 -0.2193 0.533 -0.29 -0.5806 0.2001 0.7408 0.2721 0.6756 0.2247 -0.6912 0.1239 0.9024 -0.1133 0.4095 -0.0715 0.7386 0.0716 -0.632 -0.2234 -0.6358 -0.5369 0.5292 -0.1656 0.9669 0.1711 0.0973 -0.1622
-0.7695 0.1154 0.6281 -0.0104 0.7727 -0.1459 -0.5921 0.1761 0.7311 -0.0538 -0.6613 -0.1587 -0.764 -0.2193 0.533 -0.29 -0.5806 0.2001 0.7408 0.2721 0.6756 0.2247 -0.6912 0.1239 0.9024 -0.1133 0.4095 -0.0715 0.7386 0.0716 -0.632 -0.2234 -0.6358 -0.5369 0.5292 -0.1656 0.9669 0.1711 0.0973 -0.1622
-0.7695 0.1154 0.6281 -0.0104 0.7727 -0.1459 -0.5921 0.1761 0.7311 -0.0538 -0.6613 -0.1587 -0.764 -0.2193 0.533 -0.29 -0.5806 0.2001 0.7408 0.2721 0.6756 0.2247 -0.6912 0.1239 0.8555 -0.0912 0.5057 -0.0646 0.7386 0.0716 -0.632 -0.2234 -0.6358 -0.5369 0.5292 -0.1656 0.9669 0.1711 0.0973 -0.1622
-0.7695 0.1154 0.6281 -0.0104 0.7727 -0.1459 -0.5921 0.1761 0.7311 -0.0538 -0.6613 -0.1587 -0.764 -0.2193 0.533 -0.29 -0.5806 0.2001 0.7408 0.2721 0.6756 0.2247 -0.6912 0.1239 0.8555 -0.0912 0.5057 -0.0646 0.7386 0.0716 -0.632 -0.2234 -0.6358 -0.5369 0.5292 -0.1656 0.9669 0.1711 0.0973 -0.1622
-0.7695 0.1154 0.6281 -0.0104 0.7727 -0.1459 -0.5921 0.1761 0.7311 -0.0538 -0.6613 -0.1587 -0.7423 -0.235 0.5394 -0.3205 -0.5806 0.2001 0.7408 0.2721 0.6756 0.2247 -0.6912 0.1239 0.8555 -0.0912 0.5057 -0.0646 0.7386 0.0716 -0.632 -0.2234 -0.6358 -0.5369 0.5292 -0.1656 0.9669 0.1711 0.0973 -0.1622
-0.7695 0.1154 0.6281 -0.0104 0.7727 -0.1459 -0.5921 0.1761 0.7311 -0.0538 -0.6613 -0.1587 -0.7423 -0.235 0.5394 -0.3205 -0.5815 0.2029 0.7205 0.3189 0.6756 0.2247 -0.6912 0.1239 0.8555 -0.0912 0.5057 -0.0646 0.7386 0.0716 -0.632 -0.2234 -0.6358 -0.5369 0.5292 -0.1656 0.9669 0.1711 0.0973 -0.1622
-0.7695 0.1154 0.6281 -0.0104 0.7727 -0.1459 -0.5921 0.1761 0.7311 -0.0538 -0.6613 -0.1587 -0.7423 -0.235 0.5394 -0.3205 -0.5815 0.2029 0.7205 0.3189 0.6756 0.2247 -0.6912 0.1239 0.8555 -0.0912 0.5057 -0.0646 0.7386 0.0716 -0.632 -0.2234 -0.6358 -0.5369 0.5292 -0.1656 0.9669 0.1711 0.0973 -0.1622
-0.7695 0.1154 0.6281 -0.0104 0.7727 -0.1459 -0.5921 0.1761 0.7311 -0.0538 -0.6613 -0.1587 -0.7423 -0.235 0.5394 -0.3205 -0.5815 0.2029 0.7205 0.3189 0.6791 0.4173 -0.5663 -0.2096 0.8555 -0.0912 0.5057 -0.0646 0.7196 0.0887 -0.6594 -0.1989 -0.6304 -0.4691 0.5719 -0.2354 0.9189 0.2296 0.2548 -0.1948
-0.7695 0.1154 0.6281 -0.0104 0.7727 -0.1459 -0.5921 0.1761 0.7311 -0.0538 -0.6613 -0.1587 -0.7423 -0.235 0.5394 -0.3205 -0.5815 0.2029 0.7205 0.3189 0.6791 0.4173 -0.5663 -0.2096 0.5912 -0.0469 0.8051 -0.0114 0.7196 0.0887 -0.6594 -0.1989 -0.6304 -0.4691 0.5719 -0.2354 0.9189 0.2296 0.2548 -0.1948
-0.7695 0.1154 0.6281 -0.0104 0.7727 -0.1459 -0.5921 0.1761 0.7311 -0.0538 -0.6613 -0.1587 -0.7423 -0.235 0.5394 -0.3205 -0.5815 0.2029 0.7205 0.3189 0.6791 0.4173 -0.5663 -0.2096 0.5912 -0.0469 0.8051 -0.0114 0.7196 0.0887 -0.6594 -0.1989 -0.6304 -0.4691 0.5719 -0.2354 0.9189 0.2296 0.2548 -0.1948
-0.7695 0.1154 0.6281 -0.0104 0.7727 -0.1459 -0.5921 0.1761 0.7311 -0.0538 -0.6613 -0.1587 -0.7423 -0.235 0.5394 -0.3205 -0.5815 0.2029 0.7205 0.3189 0.6791 0.4173 -0.5663 -0.2096 0.5912 -0.0469 0.8051 -0.0114 0.7196 0.0887 -0.6594 -0.1989 -0.6304 -0.4691 0.5719 -0.2354 0.9189 0.2296 0.2548 -0.1948
-0.7695 0.1154 0.6281 -0.0104 0.7727 -0.1459 -0.5921 0.1761 0.7311 -0.0538 -0.6613 -0.1587 -0.7423 -0.235 0.5394 -0.3205 -0.5815 0.2029 0.7205 0.3189 0.6791 0.4173 -0.5663 -0.2096 0.5912 -0.0469 0.8051 -0.0114 0.7196 0.0887 -0.6594 -0.1989 -0.6304 -0.4691 0.5719 -0.2354 0.9189 0.2296 0.2548 -0.1948
-0.7695 0.1154 0.6281 -0.0104 0.7727 -0.1459 -0.5921 0.1761 0.7311 -0.0538 -0.6613 -0.1587 -0.7585 -0.2579 0.5449 -0.2475 -0.6693 0.2889 0.6304 0.2668 0.6791 0.4173 -0.5663 -0.2096 0.5912 -0.0469 0.8051 -0.0114 0.7196 0.0887 -0.6594 -0.1989 -0.6187 -0.4016 0.5994 -0.311 0.9189 0.2296 0.2548 -0.1948
-0.7695 0.1154 0.6281 -0.0104 0.7727 -0.1459 -0.5921 0.1761 0.7311 -0.0538 -0.6613 -0.1587 -0.7585 -0.2579 0.5449 -0.2475 -0.6693 0.2889 0.6304 0.2668 0.6791 0.4173 -0.5663 -0.2096 0.5912 -0.0469 0.8051 -0.0114 0.7125 0.0476 -0.6882 -0.1284 -0.6187 -0.4016 0.5994 -0.311 0.9039 0.2302 0.2932 -0.21
-0.7695 0.1154 0.6281 -0.0104 0.7727 -0.1459 -0.5921 0.1761 0.7311 -0.0538 -0.6613 -0.1587 -0.7585 -0.2579 0.5449 -0.2475 -0.6693 0.2889 0.6304 0.2668 0.6563 0.4819 -0.5241 -0.2498 0.5912 -0.0469 0.8051 -0.0114 0.7125 0.0476 -0.6882 -0.1284 -0.6187 -0.4016 0.5994 -0.311 0.9039 0.2302 0.2932 -0.21
-0.7338 0.1905 0.6357 0.1453 0.7727 -0.1459 -0.5921 0.1761 0.7311 -0.0538 -0.6613 -0.1587 -0.7585 -0.2579 0.5449 -0.2475 -0.6693 0.2889 0.6304 0.2668 0.6563 0.4819 -0.5241 -0.2498 0.5912 -0.0469 0.8051 -0.0114 0.7125 0.0476 -0.6882 -0.1284 -0.6187 -0.4016 0.5994 -0.311 0.9039 0.2302 0.2932 -0.21
-0.7338 0.1905 0.6357 0.1453 0.7727 -0.1459 -0.5921 0.1761 0.7311 -0.0538 -0.6613 -0.1587 -0.7585 -0.2579 0.5449 -0.2475 -0.6693 0.2889 0.6304 0.2668 0.6563 0.4819 -0.5241 -0.2498 0.6177 -0.12 0.7756 -0.0494 0.7125 0.0476 -0.6882 -0.1284 -0.6187 -0.4016 0.5994 -0.311 0.9039 0.2302 0.2932 -0.21
-0.7338 0.1905 0.6357 0.1453 0.7727 -0.1459 -0.5921 0.1761 0.7311 -0.0538 -0.6613 -0.1587 -0.7585 -0.2579 0.5449 -0.2475 -0.6693 0.2889 0.6304 0.2668 0.6563 0.4819 -0.5241 -0.2498 0.6177 -0.12 0.7756 -0.0494 0.7125 0.0476 -0.6882 -0.1284 -0.6187 -0.4016 0.5994 -0.311 0.9039 0.2302 0.2932 -0.21
-0.7338 0.1905 0.6357 0.1453 0.7727 -0.1459 -0.5921 0.1761 0.7311 -0.0538 -0.6613 -0.1587 -0.7585 -0.2579 0.5449 -0.2475 -0.6693 0.2889 0.6304 0.2668 0.6563 0.4819 -0.5241 -0.2498 0.6177 -0.12 0.7756 -0.0494 0.7125 0.0476 -0.6882 -0.1284 -0.6187 -0.4016 0.5994 -0.311 0.9039 0.2302 0.2932 -0.21
-0.7338 0.1905 0.6357 0.1453 0.7727 -0.1459 -0.5921 0.1761 0.7311 -0.0538 -0.6613 -0.1587 -0.7968 -0.2869 0.5263 -0.0767 -0.743 0.3386 0.5599 0.1409 0.6563 0.4819 -0.5241 -0.2498 0.6177 -0.12 0.7756 -0.0494 0.7125 0.0476 -0.6882 -0.1284 -0.6187 -0.4016 0.5994 -0.311 0.8984 0.2327 0.3073 -0.2104
-0.7338 0.1905 0.6357 0.1453 0.7727 -0.1459 -0.5921 0.1761 0.7311 -0.0538 -0.6613 -0.1587 -0.7968 -0.2869 0.5263 -0.0767 -0.743 0.3386 0.5599 0.1409 0.6563 0.4819 -0.5241 -0.2498 0.6177 -0.12 0.7756 -0.0494 0.7125 0.0476 -0.6882 -0.1284 -0.6187 -0.4016 0.5994 -0.311 0.8984 0.2327 0.3073 -0.2104
-0.7338 0.1905 0.6357 0.1453 0.7729 -0.1484 -0.6151 -0.048 0.7565 0.0465 -0.616 -0.2144 -0.7968 -0.2869 0.5263 -0.0767 -0.743 0.3386 0.5599 0.1409 0.6563 0.4819 -0.5241 -0.2498 0.6177 -0.12 0.7756 -0.0494 0.6895 -5.0E-4 -0.723 -0.0429 -0.6187 -0.4016 0.5994 -0.311 0.8984 0.2327 0.3073 -0.2104
-0.7338 0.1905 0.6357 0.1453 0.7729 -0.1484 -0.6151 -0.048 0.7565 0.0465 -0.616 -0.2144 -0.7968 -0.2869 0.5263 -0.0767 -0.743 0.3386 0.5599 0.1409 0.6563 0.4819 -0.5241 -0.2498 0.6177 -0.12 0.7756 -0.0494 0.6895 -5.0E-4 -0.723 -0.0429 -0.6187 -0.4016 0.5994 -0.311 0.8984 0.2327 0.3073 -0.2104
-0.7258 0.211 0.6173 0.2183 0.7729 -0.1484 -0.6151 -0.048 0.7565 0.0465 -0.616 -0.2144 -0.7968 -0.2869 0.5263 -0.0767 -0.743 0.3386 0.5599 0.1409 0.6563 0.4819 -0.5241 -0.2498 0.8499 -0.1081 0.5036 -0.1113 0.6895 -5.0E-4 -0.723 -0.0429 -0.6187 -0.4016 0.5994 -0.311 0.8984 0.2327 0.3073 -0.2104
-0.7258 0.211 0.6173 0.2183 0.7729 -0.1484 -0.6151 -0.048 0.7565 0.0465 -0.616 -0.2144 -0.7968 -0.2869 0.5263 -0.0767 -0.743 0.3386 0.5599 0.1409 0.6563 0.4819 -0.5241 -0.2498 0.8499 -0.1081 0.5036 -0.1113 0.6895 -5.0E-4 -0.723 -0.0429 -0.6187 -0.4016 0.5994 -0.311 0.8984 0.2327 0.3073 -0.2104
-0.7258 0.211 0.6173 0.2183 0.7729 -0.1484 -0.6151 -0.048 0.7565 0.0465 -0.616 -0.2144 -0.7937 -0.3747 0.4791 0.0136 -0.743 0.3386 0.5599 0.1409 0.6563 0.4819 -0.5241 -0.2498 0.8499 -0.1081 0.5036 -0.1113 0.6895 -5.0E-4 -0.723 -0.0429 -0.6187 -0.4016 0.5994 -0.311 0.8984 0.2327 0.3073 -0.2104
-0.7258 0.211 0.6173 0.2183 0.7729 -0.1484 -0.6151 -0.048 0.7565 0.0465 -0.616 -0.2144 -0.7937 -0.3747 0.4791 0.0136 -0.743 0.3386 0.5599 0.1409 0.6563 0.4819 -0.5241 -0.2498 0.8499 -0.1081 0.5036 -0.1113 0.6895 -5.0E-4 -0.723 -0.0429 -0.6187 -0.4016 0.5994 -0.311 0.8984 0.2327 0.3073 -0.2104
-0.7258 0.211 0.6173 0.2183 0.7729 -0.1484 -0.6151 -0.048 0.7565 0.0465 -0.616 -0.2144 -0.7937 -0.3747 0.4791 0.0136 -0.7788 0.3049 0.5436 0.0701 0.6563 0.4819 -0.5241 -0.2498 0.8499 -0.1081 0.5036 -0.1113 0.6895 -5.0E-4 -0.723 -0.0429 -0.6029 -0.3491 0.5953 -0.4003 0.8897 0.243 0.3312 -0.1994
-0.7258 0.211 0.6173 0.2183 0.7729 -0.1484 -0.6151 -0.048 0.7565 0.0465 -0.616 -0.2144 -0.7937 -0.3747 0.4791 0.0136 -0.7788 0.3049 0.5436 0.0701 0.6563 0.4819 -0.5241 -0.2498 0.8499 -0.1081 0.5036 -0.1113 0.6614 -0.0342 -0.749 0.0215 -0.6029 -0.3491 0.5953 -0.4003 0.8897 0.243 0.3312 -0.1994
-0.7177 0.2231 0.619 0.2281 0.7729 -0.1484 -0.6151 -0.048 0.7565 0.0465 -0.616 -0.2144 -0.7937 -0.3747 0.4791 0.0136 -0.7788 0.3049 0.5436 0.0701 0.6563 0.4819 -0.5241 -0.2498 0.9732 -0.0745 0.1734 -0.1315 0.6614 -0.0342 -0.749 0.0215 -0.6029 -0.3491 0.5953 -0.4003 0.8897 0.243 0.3312 -0.1994
-0.7177 0.2231 0.619 0.2281 0.7729 -0.1484 -0.6151 -0.048 0.7565 0.0465 -0.616 -0.2144 -0.7937 -0.3747 0.4791 0.0136 -0.7788 0.3049 0.5436 0.0701 0.6563 0.4819 -0.5241 -0.2498 0.9732 -0.0745 0.1734 -0.1315 0.6614 -0.0342 -0.749 0.0215 -0.6029 -0.3491 0.5953 -0.4003 0.8897 0.243 0.3312 -0.1994
-0.7177 0.2231 0.619 0.2281 0.7729 -0.1484 -0.6151 -0.048 0.7565 0.0465 -0.616 -0.2144 -0.7937 -0.3747 0.4791 0.0136 -0.7788 0.3049 0.5436 0.0701 0.6563 0.4819 -0.5241 -0.2498 0.9732 -0.0745 0.1734 -0.1315 0.6614 -0.0342 -0.749 0.0215 -0.6029 -0.3491 0.5953 -0.4003 0.8897 0.243 0.3312 -0.1994
-0.7177 0.2231 0.619 0.2281 0.7729 -0.1484 -0.6151 -0.048 0.7565 0.0465 -0.616 -0.2144 -0.7937 -0.3747 0.4791 0.0136 -0.7788 0.3049 0.5436 0.0701 0.6563 0.4819 -0.5241 -0.2498 0.9732 -0.0745 0.1734 -0.1315 0.6614 -0.0342 -0.749 0.0215 -0.6029 -0.3491 0.5953 -0.4003 0.8897 0.243 0.3312 -0.1994
-0.7177 0.2231 0.619 0.2281 0.7729 -0.1484 -0.6151 -0.048 0.7565 0.0465 -0.616 -0.2144 -0.7805 -0.4316 0.4479 0.0621 -0.7662 0.2746 0.5796 0.0392 0.6563 0.4819 -0.5241 -0.2498 0.9732 -0.0745 0.1734 -0.1315 0.6614 -0.0342 -0.749 0.0215 -0.5866 -0.2634 0.5922 -0.4856 0.8897 0.243 0.3312 -0.1994
-0.7177 0.2231 0.619 0.2281 0.7729 -0.1484 -0.6151 -0.048 0.7565 0.0465 -0.616 -0.2144 -0.7805 -0.4316 0.4479 0.0621 -0.7662 0.2746 0.5796 0.0392 0.6563 0.4819 -0.5241 -0.2498 0.9732 -0.0745 0.1734 -0.1315 0.6511 -0.0565 -0.7524 0.0816 -0.5866 -0.2634 0.5922 -0.4856 0.8485 0.2441 0.4206 -0.2088
-0.7177 0.2231 0.619 0.2281 0.7729 -0.1484 -0.6151 -0.048 0.7565 0.0465 -0.616 -0.2144 -0.7805 -0.4316 0.4479 0.0621 -0.7662 0.2746 0.5796 0.0392 0.6563 0.4819 -0.5241 -0.2498 0.9732 -0.0745 0.1734 -0.1315 0.6511 -0.0565 -0.7524 0.0816 -0.5866 -0.2634 0.5922 -0.4856 0.8485 0.2441 0.4206 -0.2088
-0.7111 0.231 0.6294 0.2117 0.7729 -0.1484 -0.6151 -0.048 0.7565 0.0465 -0.616 -0.2144 -0.7805 -0.4316 0.4479 0.0621 -0.7662 0.2746 0.5796 0.0392 0.6563 0.4819 -0.5241 -0.2498 0.9732 -0.0745 0.1734 -0.1315 0.6511 -0.0565 -0.7524 0.0816 -0.5866 -0.2634 0.5922 -0.4856 0.8485 0.2441 0.4206 -0.2088
-0.7111 0.231 0.6294 0.2117 0.7729 -0.1484 -0.6151 -0.048 0.7565 0.0465 -0.616 -0.2144 -0.7805 -0.4316 0.4479 0.0621 -0.7662 0.2746 0.5796 0.0392 0.6563 0.4819 -0.5241 -0.2498 0.939 -0.1073 0.3131 -0.093 0.6511 -0.0565 -0.7524 0.0816 -0.5866 -0.2634 0.5922 -0.4856 0.8485 0.2441 0.4206 -0.2088
-0.7111 0.231 0.6294 0.2117 0.7729 -0.1484 -0.6151 -0.048 0.7565 0.0465 -0.616 -0.2144 -0.7805 -0.4316 0.4479 0.0621 -0.7662 0.2746 0.5796 0.0392 0.6563 0.4819 -0.5241 -0.2498 0.939 -0.1073 0.3131 -0.093 0.6511 -0.0565 -0.7524 0.0816 -0.5866 -0.2634 0.5922 -0.4856 0.8485 0.2441 0.4206 -0.2088
-0.7111 0.231 0.6294 0.2117 0.7729 -0.1484 -0.6151 -0.048 0.7565 0.0465 -0.616 -0.2144 -0.7647 -0.4594 0.4516 -0.0154 -0.7662 0.2746 0.5796 0.0392 0.6563 0.4819 -0.5241 -0.2498 0.939 -0.1073 0.3131 -0.093 0.6511 -0.0565 -0.7524 0.0816 -0.5866 -0.2634 0.5922 -0.4856 0.8485 0.2441 0.4206 -0.2088
-0.7111 0.231 0.6294 0.2117 0.7729 -0.1484 -0.6151 -0.048 0.7565 0.0465 -0.616 -0.2144 -0.7647 -0.4594 0.4516 -0.0154 -0.7499 0.2521 0.6097 0.0472 0.6563 0.4819 -0.5241 -0.2498 0.939 -0.1073 0.3131 -0.093 0.6511 -0.0565 -0.7524 0.0816 -0.5866 -0.2634 0.5922 -0.4856 0.8485 0.2441 0.4206 -0.2088
-0.7111 0.231 0.6294 0.2117 0.7729 -0.1484 -0.6151 -0.048 0.7565 0.0465 -0.616 -0.2144 -0.7647 -0.4594 0.4516 -0.0154 -0.7499 0.2521 0.6097 0.0472 0.6563 0.4819 -0.5241 -0.2498 0.939 -0.1073 0.3131 -0.093 0.7121 0.0344 -0.6995 0.0496 -0.5468 -0.1386 0.5445 -0.6208 0.5861 0.2123 0.7513 -0.2167
-0.7111 0.231 0.6294 0.2117 0.7729 -0.1484 -0.6151 -0.048 0.7565 0.0465 -0.616 -0.2144 -0.7647 -0.4594 0.4516 -0.0154 -0.7499 0.2521 0.6097 0.0472 0.6563 0.4819 -0.5241 -0.2498 0.939 -0.1073 0.3131 -0.093 0.7121 0.0344 -0.6995 0.0496 -0.5468 -0.1386 0.5445 -0.6208 0.5861 0.2123 0.7513 -0.2167
-0.7267 0.1984 0.6426 0.1401 0.7729 -0.1484 -0.6151 -0.048 0.7565 0.0465 -0.616 -0.2144 -0.7647 -0.4594 0.4516 -0.0154 -0.7499 0.2521 0.6097 0.0472 0.6563 0.4819 -0.5241 -0.2498 0.9166 -0.1083 0.3787 -0.0683 0.7121 0.0344 -0.6995 0.0496 -0.5468 -0.1386 0.5445 -0.6208 0.5861 0.2123 0.7513 -0.2167
-0.7267 0.1984 0.6426 0.1401 0.7729 -0.1484 -0.6151 -0.048 0.7565 0.0465 -0.616 -0.2144 -0.7647 -0.4594 0.4516 -0.0154 -0.7499 0.2521 0.6097 0.0472 0.6563 0.4819 -0.5241 -0.2498 0.9166 -0.1083 0.3787 -0.0683 0.7121 0.0344 -0.6995 0.0496 -0.5468 -0.1386 0.5445 -0.6208 0.5861 0.2123 0.7513 -0.2167
-0.7267 0.1984 0.6426 0.1401 0.7729 -0.1484 -0.6151 -0.048 0.7565 0.0465 -0.616 -0.2144 -0.7647 -0.4594 0.4516 -0.0154 -0.7499 0.2521 0.6097 0.0472 0.6563 0.4819 -0.5241 -0.2498 0.9166 -0.1083 0.3787 -0.0683 0.7121 0.0344 -0.6995 0.0496 -0.5468 -0.1386 0.5445 -0.6208 0.5861 0.2123 0.7513 -0.2167
-0.7267 0.1984 0.6426 0.1401 0.7729 -0.1484 -0.6151 -0.048 0.7565 0.0465 -0.616 -0.2144 -0.7647 -0.4594 0.4516 -0.0154 -0.7499 0.2521 0.6097 0.0472 0.6563 0.4819 -0.5241 -0.2498 0.9166 -0.1083 0.3787 -0.0683 0.7121 0.0344 -0.6995 0.0496 -0.5468 -0.1386 0.5445 -0.6208 0.5861 0.2123 0.7513 -0.2167
-0.7267 0.1984 0.6426 0.1401 0.7729 -0.1484 -0.6151 -0.048 0.7565 0.0465 -0.616 -0.2144 -0.7617 -0.3864 0.4913 -0.1705 -0.6935 0.2363 0.6669 0.136 0.6563 0.4819 -0.5241 -0.2498 0.9166 -0.1083 0.3787 -0.0683 0.7121 0.0344 -0.6995 0.0496 -0.5468 -0.1386 0.5445 -0.6208 0.6343 0.2383 0.7098 -0.1927
-0.7267 0.1984 0.6426 0.1401 0.7729 -0.1484 -0.6151 -0.048 0.7565 0.0465 -0.616 -0.2144 -0.7617 -0.3864 0.4913 -0.1705 -0.6935 0.2363 0.6669 0.136 0.6563 0.4819 -0.5241 -0.2498 0.9166 -0.1083 0.3787 -0.0683 0.7423 0.1725 -0.6459 -0.0446 -0.5468 -0.1386 0.5445 -0.6208 0.6343 0.2383 0.7098 -0.1927
-0.7267 0.1984 0.6426 0.1401 0.7928 -0.0927 -0.5912 0.1153 0.7565 0.0465 -0.616 -0.2144 -0.7617 -0.3864 0.4913 -0.1705 -0.6935 0.2363 0.6669 0.136 0.6563 0.4819 -0.5241 -0.2498 0.9166 -0.1083 0.3787 -0.0683 0.7423 0.1725 -0.6459 -0.0446 -0.5468 -0.1386 0.5445 -0.6208 0.6343 0.2383 0.7098 -0.1927
-0.7717 0.1475 0.6185 0.0121 0.7928 -0.0927 -0.5912 0.1153 0.7565 0.0465 -0.616 -0.2144 -0.7617 -0.3864 0.4913 -0.1705 -0.6935 0.2363 0.6669 0.136 0.6563 0.4819 -0.5241 -0.2498 0.9166 -0.1083 0.3787 -0.0683 0.7423 0.1725 -0.6459 -0.0446 -0.5468 -0.1386 0.5445 -0.6208 0.6343 0.2383 0.7098 -0.1927
-0.7717 0.1475 0.6185 0.0121 0.7928 -0.0927 -0.5912 0.1153 0.7565 0.0465 -0.616 -0.2144 -0.7617 -0.3864 0.4913 -0.1705 -0.6935 0.2363 0.6669 0.136 0.6563 0.4819 -0.5241 -0.2498 0.9074 -0.1124 0.3988 -0.0706 0.7423 0.1725 -0.6459 -0.0446 -0.5468 -0.1386 0.5445 -0.6208 0.6343 0.2383 0.7098 -0.1927
-0.7717 0.1475 0.6185 0.0121 0.7928 -0.0927 -0.5912 0.1153 0.7565 0.0465 -0.616 -0.2144 -0.7617 -0.3864 0.4913 -0.1705 -0.6935 0.2363 0.6669 0.136 0.6563 0.4819 -0.5241 -0.2498 0.9074 -0.1124 0.3988 -0.0706 0.7423 0.1725 -0.6459 -0.0446 -0.5468 -0.1386 0.5445 -0.6208 0.6343 0.2383 0.7098 -0.1927
-0.7717 0.1475 0.6185 0.0121 0.7928 -0.0927 -0.5912 0.1153 0.7565 0.0465 -0.616 -0.2144 -0.7617 -0.3864 0.4913 -0.1705 -0.6935 0.2363 0.6669 0.136 0.6563 0.4819 -0.5241 -0.2498 0.9074 -0.1124 0.3988 -0.0706 0.7423 0.1725 -0.6459 -0.0446 -0.5468 -0.1386 0.5445 -0.6208 0.6343 0.2383 0.7098 -0.1927
-0.7717 0.1475 0.6185 0.0121 0.7928 -0.0927 -0.5912 0.1153 0.7565 0.0465 -0.616 -0.2144 -0.7465 -0.3208 0.4948 -0.3082 -0.6377 0.2225 0.7045 0.218 0.6563 0.4819 -0.5241 -0.2498 0.9074 -0.1124 0.3988 -0.0706 0.7423 0.1725 -0.6459 -0.0446 -0.5806 -0.3533 0.5499 -0.4854 0.8688 0.2161 0.4277 -0.1245
-0.7717 0.1475 0.6185 0.0121 0.7928 -0.0927 -0.5912 0.1153 0.7565 0.0465 -0.616 -0.2144 -0.7465 -0.3208 0.4948 -0.3082 -0.6377 0.2225 0.7045 0.218 0.6563 0.4819 -0.5241 -0.2498 0.9074 -0.1124 0.3988 -0.0706 0.7546 0.1533 -0.6014 -0.2131 -0.5806 -0.3533 0.5499 -0.4854 0.8688 0.2161 0.4277 -0.1245
-0.7717 0.1475 0.6185 0.0121 0.7928 -0.0927 -0.5912 0.1153 0.7565 0.0465 -0.616 -0.2144 -0.7465 -0.3208 0.4948 -0.3082 -0.6377 0.2225 0.7045 0.218 0.6563 0.4819 -0.5241 -0.2498 0.9074 -0.1124 0.3988 -0.0706 0.7546 0.1533 -0.6014 -0.2131 -0.5806 -0.3533 0.5499 -0.4854 0.8688 0.2161 0.4277 -0.1245
-0.7914 0.1671 0.5859 -0.0501 0.7928 -0.0927 -0.5912 0.1153 0.7565 0.0465 -0.616 -0.2144 -0.7465 -0.3208 0.4948 -0.3082 -0.6377 0.2225 0.7045 0.218 0.6563 0.4819 -0.5241 -0.2498 0.8973 -0.118 0.4174 -0.0821 0.7546 0.1533 -0.6014 -0.2131 -0.5806 -0.3533 0.5499 -0.4854 0.8688 0.2161 0.4277 -0.1245
-0.7914 0.1671 0.5859 -0.0501 0.7928 -0.0927 -0.5912 0.1153 0.7565 0.0465 -0.616 -0.2144 -0.7465 -0.3208 0.4948 -0.3082 -0.6377 0.2225 0.7045 0.218 0.6563 0.4819 -0.5241 -0.2498 0.8973 -0.118 0.4174 -0.0821 0.7546 0.1533 -0.6014 -0.2131 -0.5806 -0.3533 0.5499 -0.4854 0.8688 0.2161 0.4277 -0.1245
-0.7914 0.1671 0.5859 -0.0501 0.7928 -0.0927 -0.5912 0.1153 0.7565 0.0465 -0.616 -0.2144 -0.7465 -0.3208 0.4948 -0.3082 -0.6377 0.2225 0.7045 0.218 0.6563 0.4819 -0.5241 -0.2498 0.8973 -0.118 0.4174 -0.0821 0.7546 0.1533 -0.6014 -0.2131 -0.5806 -0.3533 0.5499 -0.4854 0.8688 0.2161 0.4277 -0.1245
-0.7914 0.1671 0.5859 -0.0501 0.7928 -0.0927 -0.5912 0.1153 0.7565 0.0465 -0.616 -0.2144 -0.7465 -0.3208 0.4948 -0.3082 -0.6377 0.2225 0.7045 0.218 0.6563 0.4819 -0.5241 -0.2498 0.8973 -0.118 0.4174 -0.0821 0.7546 0.1533 -0.6014 -0.2131 -0.5806 -0.3533 0.5499 -0.4854 0.8688 0.2161 0.4277 -0.1245
-0.7914 0.1671 0.5859 -0.0501 0.7928 -0.0927 -0.5912 0.1153 0.7565 0.0465 -0.616 -0.2144 -0.7057 -0.3076 0.4635 -0.4388 -0.5868 0.2072 0.7307 0.2808 0.6563 0.4819 -0.5241 -0.2498 0.8973 -0.118 0.4174 -0.0821 0.7546 0.1533 -0.6014 -0.2131 -0.6133 -0.5629 0.5154 -0.2036 0.8688 0.2161 0.4277 -0.1245
-0.7914 0.1671 0.5859 -0.0501 0.7928 -0.0927 -0.5912 0.1153 0.7565 0.0465 -0.616 -0.2144 -0.7057 -0.3076 0.4635 -0.4388 -0.5868 0.2072 0.7307 0.2808 0.6563 0.4819 -0.5241 -0.2498 0.8973 -0.118 0.4174 -0.0821 0.742 0.0842 -0.6288 -0.2167 -0.6133 -0.5629 0.5154 -0.2036 0.9736 0.1824 0.0674 -0.1198
-0.7914 0.1671 0.5859 -0.0501 0.7928 -0.0927 -0.5912 0.1153 0.7565 0.0465 -0.616 -0.2144 -0.7057 -0.3076 0.4635 -0.4388 -0.5868 0.2072 0.7307 0.2808 0.6563 0.4819 -0.5241 -0.2498 0.8973 -0.118 0.4174 -0.0821 0.742 0.0842 -0.6288 -0.2167 -0.6133 -0.5629 0.5154 -0.2036 0.9736 0.1824 0.0674 -0.1198
-0.7969 0.1895 0.5719 -0.0445 0.7928 -0.0927 -0.5912 0.1153 0.7565 0.0465 -0.616 -0.2144 -0.7057 -0.3076 0.4635 -0.4388 -0.5868 0.2072 0.7307 0.2808 0.6563 0.4819 -0.5241 -0.2498 0.85 -0.1074 0.5098 -0.0776 0.742 0.0842 -0.6288 -0.2167 -0.6133 -0.5629 0.5154 -0.2036 0.9736 0.1824 0.0674 -0.1198
-0.7969 0.1895 0.5719 -0.0445 0.7928 -0.0927 -0.5912 0.1153 0.7565 0.0465 -0.616 -0.2144 -0.7057 -0.3076 0.4635 -0.4388 -0.5868 0.2072 0.7307 0.2808 0.6563 0.4819 -0.5241 -0.2498 0.85 -0.1074 0.5098 -0.0776 0.742 0.0842 -0.6288 -0.2167 -0.6133 -0.5629 0.5154 -0.2036 0.9736 0.1824 0.0674 -0.1198
-0.7969 0.1895 0.5719 -0.0445 0.7928 -0.0927 -0.5912 0.1153 0.7565 0.0465 -0.616 -0.2144 -0.7057 -0.3076 0.4635 -0.4388 -0.5868 0.2072 0.7307 0.2808 0.6563 0.4819 -0.5241 -0.2498 0.85 -0.1074 0.5098 -0.0776 0.742 0.0842 -0.6288 -0.2167 -0.6133 -0.5629 0.5154 -0.2036 0.9736 0.1824 0.0674 -0.1198
-0.7969 0.1895 0.5719 -0.0445 0.7928 -0.0927 -0.5912 0.1153 0.7565 0.0465 -0.616 -0.2144 -0.7057 -0.3076 0.4635 -0.4388 -0.5868 0.2072 0.7307 0.2808 0.6563 0.4819 -0.5241 -0.2498 0.85 -0.1074 0.5098 -0.0776 0.742 0.0842 -0.6288 -0.2167 -0.6133 -0.5629 0.5154 -0.2036 0.9736 0.1824 0.0674 -0.1198
-0.7969 0.1895 0.5719 -0.0445 0.7928 -0.0927 -0.5912 0.1153 0.7565 0.0465 -0.616 -0.2144 -0.7012 -0.2737 0.4839 -0.4463 -0.5904 0.2144 0.7063 0.3265 0.6563 0.4819 -0.5241 -0.2498 0.85 -0.1074 0.5098 -0.0776 0.742 0.0842 -0.6288 -0.2167 -0.6133 -0.5629 0.5154 -0.2036 0.9736 0.1824 0.0674 -0.1198
-0.7969 0.1895 0.5719 -0.0445 0.7928 -0.0927 -0.5912 0.1153 0.7565 0.0465 -0.616 -0.2144 -0.7012 -0.2737 0.4839 -0.4463 -0.5904 0.2144 0.7063 0.3265 0.6563 0.4819 -0.5241 -0.2498 0.85 -0.1074 0.5098 -0.0776 0.7219 0.1136 -0.6537 -0.1963 -0.6133 -0.5629 0.5154 -0.2036 0.9736 0.1824 0.0674 -0.1198
-0.7969 0.1895 0.5719 -0.0445 0.7928 -0.0927 -0.5912 0.1153 0.7565 0.0465 -0.616 -0.2144 -0.7012 -0.2737 0.4839 -0.4463 -0.5904 0.2144 0.7063 0.3265 0.6563 0.4819 -0.5241 -0.2498 0.85 -0.1074 0.5098 -0.0776 0.7219 0.1136 -0.6537 -0.1963 -0.6133 -0.5629 0.5154 -0.2036 0.9736 0.1824 0.0674 -0.1198
-0.7731 0.2205 0.5936 0.0364 0.7928 -0.0927 -0.5912 0.1153 0.7565 0.0465 -0.616 -0.2144 -0.7012 -0.2737 0.4839 -0.4463 -0.5904 0.2144 0.7063 0.3265 0.6563 0.4819 -0.5241 -0.2498 0.5806 -0.0728 0.8094 -0.0483 0.7219 0.1136 -0.6537 -0.1963 -0.6133 -0.5629 0.5154 -0.2036 0.9736 0.1824 0.0674 -0.1198
-0.7731 0.2205 0.5936 0.0364 0.7928 -0.0927 -0.5912 0.1153 0.7565 0.0465 -0.616 -0.2144 -0.7012 -0.2737 0.4839 -0.4463 -0.5904 0.2144 0.7063 0.3265 0.6563 0.4819 -0.5241 -0.2498 0.5806 -0.0728 0.8094 -0.0483 0.7219 0.1136 -0.6537 -0.1963 -0.6133 -0.5629 0.5154 -0.2036 0.9736 0.1824 0.0674 -0.1198
-0.7731 0.2205 0.5936 0.0364 0.7928 -0.0927 -0.5912 0.1153 0.7565 0.0465 -0.616 -0.2144 -0.7012 -0.2737 0.4839 -0.4463 -0.5904 0.2144 0.7063 0.3265 0.6563 0.4819 -0.5241 -0.2498 0.5806 -0.0728 0.8094 -0.0483 0.7219 0.1136 -0.6537 -0.1963 -0.6133 -0.5629 0.5154 -0.2036 0.9736 0.1824 0.0674 -0.1198
-0.7731 0.2205 0.5936 0.0364 0.7928 -0.0927 -0.5912 0.1153 0.7565 0.0465 -0.616 -0.2144 -0.7012 -0.2737 0.4839 -0.4463 -0.5904 0.2144 0.7063 0.3265 0.6563 0.4819 -0.5241 -0.2498 0.5806 -0.0728 0.8094 -0.0483 0.7219 0.1136 -0.6537 -0.1963 -0.6133 -0.5629 0.5154 -0.2036 0.9736 0.1824 0.0674 -0.1198
-0.7731 0.2205 0.5936 0.0364 0.7928 -0.0927 -0.5912 0.1153 0.7565 0.0465 -0.616 -0.2144 -0.7502 -0.2878 0.5166 -0.2957 -0.6786 0.286 0.6233 0.2631 0.6563 0.4819 -0.5241 -0.2498 0.5806 -0.0728 0.8094 -0.0483 0.7219 0.1136 -0.6537 -0.1963 -0.6133 -0.5629 0.5154 -0.2036 0.9736 0.1824 0.0674 -0.1198
-0.7731 0.2205 0.5936 0.0364 0.7928 -0.0927 -0.5912 0.1153 0.7565 0.0465 -0.616 -0.2144 -0.7502 -0.2878 0.5166 -0.2957 -0.6786 0.286 0.6233 0.2631 0.6563 0.4819 -0.5241 -0.2498 0.5806 -0.0728 0.8094 -0.0483 0.7133 0.061 -0.6835 -0.1422 -0.6133 -0.5629 0.5154 -0.2036 0.9736 0.1824 0.0674 -0.1198
-0.7731 0.2205 0.5936 0.0364 0.7928 -0.0927 -0.5912 0.1153 0.7565 0.0465 -0.616 -0.2144 -0.7502 -0.2878 0.5166 -0.2957 -0.6786 0.286 0.6233 0.2631 0.6563 0.4819 -0.5241 -0.2498 0.5806 -0.0728 0.8094 -0.0483 0.7133 0.061 -0.6835 -0.1422 -0.6133 -0.5629 0.5154 -0.2036 0.9736 0.1824 0.0674 -0.1198
-0.7485 0.2258 0.6177 0.085 0.7928 -0.0927 -0.5912 0.1153 0.7565 0.0465 -0.616 -0.2144 -0.7502 -0.2878 0.5166 -0.2957 -0.6786 0.286 0.6233 0.2631 0.6563 0.4819 -0.5241 -0.2498 0.6286 -0.1262 0.7659 -0.0489 0.7133 0.061 -0.6835 -0.1422 -0.6133 -0.5629 0.5154 -0.2036 0.9736 0.1824 0.0674 -0.1198
-0.7485 0.2258 0.6177 0.085 0.7928 -0.0927 -0.5912 0.1153 0.7565 0.0465 -0.616 -0.2144 -0.7502 -0.2878 0.5166 -0.2957 -0.6786 0.286 0.6233 0.2631 0.6563 0.4819 -0.5241 -0.2498 0.6286 -0.1262 0.7659 -0.0489 0.7133 0.061 -0.6835 -0.1422 -0.6133 -0.5629 0.5154 -0.2036 0.9736 0.1824 0.0674 -0.1198
-0.7485 0.2258 0.6177 0.085 0.7928 -0.0927 -0.5912 0.1153 0.7565 0.0465 -0.616 -0.2144 -0.7502 -0.2878 0.5166 -0.2957 -0.6786 0.286 0.6233 0.2631 0.6563 0.4819 -0.5241 -0.2498 0.6286 -0.1262 0.7659 -0.0489 0.7133 0.061 -0.6835 -0.1422 -0.6133 -0.5629 0.5154 -0.2036 0.9736 0.1824 0.0674 -0.1198
-0.7485 0.2258 0.6177 0.085 0.7928 -0.0927 -0.5912 0.1153 0.7565 0.0465 -0.616 -0.2144 -0.7502 -0.2878 0.5166 -0.2957 -0.6786 0.286 0.6233 0.2631 0.6563 0.4819 -0.5241 -0.2498 0.6286 -0.1262 0.7659 -0.0489 0.7133 0.061 -0.6835 -0.1422 -0.6133 -0.5629 0.5154 -0.2036 0.9736 0.1824 0.0674 -0.1198
-0.7485 0.2258 0.6177 0.085 0.7928 -0.0927 -0.5912 0.1153 0.7565 0.0465 -0.616 -0.2144 -0.8027 -0.3193 0.498 -0.0751 -0.7478 0.3514 0.5477 0.1315 0.6563 0.4819 -0.5241 -0.2498 0.6286 -0.1262 0.7659 -0.0489 0.7133 0.061 -0.6835 -0.1422 -0.6133 -0.5629 0.5154 -0.2036 0.9048 0.2283 0.3027 -0.1936
-0.7485 0.2258 0.6177 0.085 0.7928 -0.0927 -0.5912 0.1153 0.7565 0.0465 -0.616 -0.2144 -0.8027 -0.3193 0.498 -0.0751 -0.7478 0.3514 0.5477 0.1315 0.6563 0.4819 -0.5241 -0.2498 0.6286 -0.1262 0.7659 -0.0489 0.6914 0.0437 -0.7203 -0.0355 -0.6133 -0.5629 0.5154 -0.2036 0.9048 0.2283 0.3027 -0.1936
-0.7485 0.2258 0.6177 0.085 0.7928 -0.0927 -0.5912 0.1153 0.7537 0.1008 -0.6094 -0.2244 -0.8027 -0.3193 0.498 -0.0751 -0.7478 0.3514 0.5477 0.1315 0.6563 0.4819 -0.5241 -0.2498 0.6286 -0.1262 0.7659 -0.0489 0.6914 0.0437 -0.7203 -0.0355 -0.6133 -0.5629 0.5154 -0.2036 0.9048 0.2283 0.3027 -0.1936
-0.735 0.1988 0.6243 0.1746 0.7815 -0.109 -0.6143 -0.0099 0.7537 0.1008 -0.6094 -0.2244 -0.8027 -0.3193 0.498 -0.0751 -0.7478 0.3514 0.5477 0.1315 0.6563 0.4819 -0.5241 -0.2498 0.8547 -0.1171 0.4825 -0.1516 0.6914 0.0437 -0.7203 -0.0355 -0.6133 -0.5629 0.5154 -0.2036 0.9048 0.2283 0.3027 -0.1936
-0.735 0.1988 0.6243 0.1746 0.7815 -0.109 -0.6143 -0.0099 0.7537 0.1008 -0.6094 -0.2244 -0.8027 -0.3193 0.498 -0.0751 -0.7478 0.3514 0.5477 0.1315 0.6563 0.4819 -0.5241 -0.2498 0.8547 -0.1171 0.4825 -0.1516 0.6914 0.0437 -0.7203 -0.0355 -0.6133 -0.5629 0.5154 -0.2036 0.9048 0.2283 0.3027 -0.1936
-0.735 0.1988 0.6243 0.1746 0.7815 -0.109 -0.6143 -0.0099 0.7537 0.1008 -0.6094 -0.2244 -0.8027 -0.3193 0.498 -0.0751 -0.7478 0.3514 0.5477 0.1315 0.6563 0.4819 -0.5241 -0.2498 0.8547 -0.1171 0.4825 -0.1516 0.6914 0.0437 -0.7203 -0.0355 -0.6133 -0.5629 0.5154 -0.2036 0.9048 0.2283 0.3027 -0.1936
-0.735 0.1988 0.6243 0.1746 0.7815 -0.109 -0.6143 -0.0099 0.7537 0.1008 -0.6094 -0.2244 -0.8027 -0.3193 0.498 -0.0751 -0.7478 0.3514 0.5477 0.1315 0.6563 0.4819 -0.5241 -0.2498 0.8547 -0.1171 0.4825 -0.1516 0.6914 0.0437 -0.7203 -0.0355 -0.6133 -0.5629 0.5154 -0.2036 0.9048 0.2283 0.3027 -0.1936
-0.735 0.1988 0.6243 0.1746 0.7815 -0.109 -0.6143 -0.0099 0.7537 0.1008 -0.6094 -0.2244 -0.7877 -0.4162 0.4482 0.0737 -0.7968 0.2767 0.5364 0.0294 0.6563 0.4819 -0.5241 -0.2498 0.8547 -0.1171 0.4825 -0.1516 0.6914 0.0437 -0.7203 -0.0355 -0.6133 -0.5629 0.5154 -0.2036 0.9048 0.2283 0.3027 -0.1936
-0.735 0.1988 0.6243 0.1746 0.7815 -0.109 -0.6143 -0.0099 0.7537 0.1008 -0.6094 -0.2244 -0.7877 -0.4162 0.4482 0.0737 -0.7968 0.2767 0.5364 0.0294 0.6563 0.4819 -0.5241 -0.2498 0.8547 -0.1171 0.4825 -0.1516 0.6622 0.0017 -0.7481 0.0425 -0.6133 -0.5629 0.5154 -0.2036 0.9048 0.2283 0.3027 -0.1936
-0.735 0.1988 0.6243 0.1746 0.7815 -0.109 -0.6143 -0.0099 0.7537 0.1008 -0.6094 -0.2244 -0.7877 -0.4162 0.4482 0.0737 -0.7968 0.2767 0.5364 0.0294 0.6563 0.4819 -0.5241 -0.2498 0.8547 -0.1171 0.4825 -0.1516 0.6622 0.0017 -0.7481 0.0425 -0.6133 -0.5629 0.5154 -0.2036 0.9048 0.2283 0.3027 -0.1936
-0.7159 0.209 0.6204 0.2424 0.7815 -0.109 -0.6143 -0.0099 0.7537 0.1008 -0.6094 -0.2244 -0.7877 -0.4162 0.4482 0.0737 -0.7968 0.2767 0.5364 0.0294 0.6563 0.4819 -0.5241 -0.2498 0.973 -0.095 0.1749 -0.1167 0.6622 0.0017 -0.7481 0.0425 -0.6133 -0.5629 0.5154 -0.2036 0.9048 0.2283 0.3027 -0.1936
-0.7159 0.209 0.6204 0.2424 0.7815 -0.109 -0.6143 -0.0099 0.7537 0.1008 -0.6094 -0.2244 -0.7877 -0.4162 0.4482 0.0737 -0.7968 0.2767 0.5364 0.0294 0.6563 0.4819 -0.5241 -0.2498 0.973 -0.095 0.1749 -0.1167 0.6622 0.0017 -0.7481 0.0425 -0.6133 -0.5629 0.5154 -0.2036 0.9048 0.2283 0.3027 -0.1936
-0.7159 0.209 0.6204 0.2424 0.7815 -0.109 -0.6143 -0.0099 0.7537 0.1008 -0.6094 -0.2244 -0.7877 -0.4162 0.4482 0.0737 -0.7968 0.2767 0.5364 0.0294 0.6563 0.4819 -0.5241 -0.2498 0.973 -0.095 0.1749 -0.1167 0.6622 0.0017 -0.7481 0.0425 -0.6133 -0.5629 0.5154 -0.2036 0.9048 0.2283 0.3027 -0.1936
-0.7159 0.209 0.6204 0.2424 0.7815 -0.109 -0.6143 -0.0099 0.7537 0.1008 -0.6094 -0.2244 -0.7596 -0.4801 0.408 0.1613 -0.7682 0.255 0.587 0.0172 0.6563 0.4819 -0.5241 -0.2498 0.973 -0.095 0.1749 -0.1167 0.6622 0.0017 -0.7481 0.0425 -0.6133 -0.5629 0.5154 -0.2036 0.9048 0.2283 0.3027 -0.1936
-0.7159 0.209 0.6204 0.2424 0.7815 -0.109 -0.6143 -0.0099 0.7537 0.1008 -0.6094 -0.2244 -0.7596 -0.4801 0.408 0.1613 -0.7682 0.255 0.587 0.0172 0.6563 0.4819 -0.5241 -0.2498 0.973 -0.095 0.1749 -0.1167 0.6622 0.0017 -0.7481 0.0425 -0.6133 -0.5629 0.5154 -0.2036 0.848 0.2263 0.4363 -0.1984
-0.7159 0.209 0.6204 0.2424 0.7815 -0.109 -0.6143 -0.0099 0.7537 0.1008 -0.6094 -0.2244 -0.7596 -0.4801 0.408 0.1613 -0.7682 0.255 0.587 0.0172 0.6563 0.4819 -0.5241 -0.2498 0.973 -0.095 0.1749 -0.1167 0.6622 0.0017 -0.7481 0.0425 -0.6133 -0.5629 0.5154 -0.2036 0.848 0.2263 0.4363 -0.1984
-0.7159 0.209 0.6204 0.2424 0.7815 -0.109 -0.6143 -0.0099 0.7468 0.1672 -0.5881 -0.2615 -0.7596 -0.4801 0.408 0.1613 -0.7682 0.255 0.587 0.0172 0.68 0.1225 -0.6991 0.184 0.973 -0.095 0.1749 -0.1167 0.6621 -0.0104 -0.7438 0.0912 -0.6133 -0.5629 0.5154 -0.2036 0.848 0.2263 0.4363 -0.1984
-0.7159 0.209 0.6204 0.2424 0.7815 -0.109 -0.6143 -0.0099 0.7468 0.1672 -0.5881 -0.2615 -0.7596 -0.4801 0.408 0.1613 -0.7682 0.255 0.587 0.0172 0.68 0.1225 -0.6991 0.184 0.9395 -0.1194 0.3139 -0.0675 0.6621 -0.0104 -0.7438 0.0912 -0.6133 -0.5629 0.5154 -0.2036 0.848 0.2263 0.4363 -0.1984
-0.7159 0.209 0.6204 0.2424 0.7815 -0.109 -0.6143 -0.0099 0.7468 0.1672 -0.5881 -0.2615 -0.7596 -0.4801 0.408 0.1613 -0.7682 0.255 0.587 0.0172 0.68 0.1225 -0.6991 0.184 0.9395 -0.1194 0.3139 -0.0675 0.6621 -0.0104 -0.7438 0.0912 -0.6133 -0.5629 0.5154 -0.2036 0.848 0.2263 0.4363 -0.1984
-0.7159 0.209 0.6204 0.2424 0.7815 -0.109 -0.6143 -0.0099 0.7468 0.1672 -0.5881 -0.2615 -0.7596 -0.4801 0.408 0.1613 -0.7682 0.255 0.587 0.0172 0.68 0.1225 -0.6991 0.184 0.9395 -0.1194 0.3139 -0.0675 0.6621 -0.0104 -0.7438 0.0912 -0.6133 -0.5629 0.5154 -0.2036 0.848 0.2263 0.4363 -0.1984
-0.7159 0.209 0.6204 0.2424 0.7815 -0.109 -0.6143 -0.0099 0.7468 0.1672 -0.5881 -0.2615 -0.7596 -0.4801 0.408 0.1613 -0.7682 0.255 0.587 0.0172 0.68 0.1225 -0.6991 0.184 0.9395 -0.1194 0.3139 -0.0675 0.6621 -0.0104 -0.7438 0.0912 -0.6133 -0.5629 0.5154 -0.2036 0.848 0.2263 0.4363 -0.1984
-0.7159 0.209 0.6204 0.2424 0.7815 -0.109 -0.6143 -0.0099 0.7468 0.1672 -0.5881 -0.2615 -0.7394 -0.5091 0.4376 0.0511 -0.7512 0.2592 0.6061 0.0326 0.68 0.1225 -0.6991 0.184 0.9395 -0.1194 0.3139 -0.0675 0.6621 -0.0104 -0.7438 0.0912 -0.6133 -0.5629 0.5154 -0.2036 0.5903 0.188 0.7504 -0.2303
-0.7159 0.209 0.6204 0.2424 0.7815 -0.109 -0.6143 -0.0099 0.7468 0.1672 -0.5881 -0.2615 -0.7394 -0.5091 0.4376 0.0511 -0.7512 0.2592 0.6061 0.0326 0.68 0.1225 -0.6991 0.184 0.9395 -0.1194 0.3139 -0.0675 0.7219 0.0801 -0.6849 0.057 -0.6133 -0.5629 0.5154 -0.2036 0.5903 0.188 0.7504 -0.2303
-0.7331 0.1757 0.6404 0.147 0.7779 -0.1085 -0.6179 -0.0367 0.7336 0.1699 -0.6398 -0.1536 -0.7394 -0.5091 0.4376 0.0511 -0.7512 0.2592 0.6061 0.0326 0.68 0.1225 -0.6991 0.184 0.9395 -0.1194 0.3139 -0.0675 0.7219 0.0801 -0.6849 0.057 -0.6133 -0.5629 0.5154 -0.2036 0.5903 0.188 0.7504 -0.2303
-0.7331 0.1757 0.6404 0.147 0.7779 -0.1085 -0.6179 -0.0367 0.7336 0.1699 -0.6398 -0.1536 -0.7394 -0.5091 0.4376 0.0511 -0.7512 0.2592 0.6061 0.0326 0.68 0.1225 -0.6991 0.184 0.9186 -0.1205 0.3723 -0.0544 0.7219 0.0801 -0.6849 0.057 -0.6133 -0.5629 0.5154 -0.2036 0.5903 0.188 0.7504 -0.2303
-0.7331 0.1757 0.6404 0.147 0.7779 -0.1085 -0.6179 -0.0367 0.7336 0.1699 -0.6398 -0.1536 -0.7394 -0.5091 0.4376 0.0511 -0.7512 0.2592 0.6061 0.0326 0.68 0.1225 -0.6991 0.184 0.9186 -0.1205 0.3723 -0.0544 0.7219 0.0801 -0.6849 0.057 -0.6133 -0.5629 0.5154 -0.2036 0.5903 0.188 0.7504 -0.2303
-0.7331 0.1757 0.6404 0.147 0.7779 -0.1085 -0.6179 -0.0367 0.7336 0.1699 -0.6398 -0.1536 -0.7394 -0.5091 0.4376 0.0511 -0.7512 0.2592 0.6061 0.0326 0.68 0.1225 -0.6991 0.184 0.9186 -0.1205 0.3723 -0.0544 0.7219 0.0801 -0.6849 0.057 -0.6133 -0.5629 0.5154 -0.2036 0.5903 0.188 0.7504 -0.2303
-0.7331 0.1757 0.6404 0.147 0.7779 -0.1085 -0.6179 -0.0367 0.7336 0.1699 -0.6398 -0.1536 -0.7394 -0.5091 0.4376 0.0511 -0.7512 0.2592 0.6061 0.0326 0.68 0.1225 -0.6991 0.184 0.9186 -0.1205 0.3723 -0.0544 0.7219 0.0801 -0.6849 0.057 -0.6133 -0.5629 0.5154 -0.2036 0.5903 0.188 0.7504 -0.2303
-0.7331 0.1757 0.6404 0.147 0.7779 -0.1085 -0.6179 -0.0367 0.7336 0.1699 -0.6398 -0.1536 -0.7493 -0.3977 0.5014 -0.1706 -0.7031 0.2236 0.6668 0.1049 0.68 0.1225 -0.6991 0.184 0.9186 -0.1205 0.3723 -0.0544 0.7219 0.0801 -0.6849 0.057 -0.6133 -0.5629 0.5154 -0.2036 0.5903 0.188 0.7504 -0.2303
-0.7331 0.1757 0.6404 0.147 0.7779 -0.1085 -0.6179 -0.0367 0.7336 0.1699 -0.6398 -0.1536 -0.7493 -0.3977 0.5014 -0.1706 -0.7031 0.2236 0.6668 0.1049 0.68 0.1225 -0.6991 0.184 0.9186 -0.1205 0.3723 -0.0544 0.7219 0.0801 -0.6849 0.057 -0.6133 -0.5629 0.5154 -0.2036 0.5903 0.188 0.7504 -0.2303
-0.7331 0.1757 0.6404 0.147 0.7779 -0.1085 -0.6179 -0.0367 0.7336 0.1699 -0.6398 -0.1536 -0.7493 -0.3977 0.5014 -0.1706 -0.7031 0.2236 0.6668 0.1049 0.68 0.1225 -0.6991 0.184 0.9186 -0.1205 0.3723 -0.0544 0.7219 0.0801 -0.6849 0.057 -0.6133 -0.5629 0.5154 -0.2036 0.5903 0.188 0.7504 -0.2303
-0.7726 0.1337 0.6203 0.0187 0.8009 -0.101 -0.5766 0.1261 0.7336 0.1894 -0.6506 -0.0507 -0.7493 -0.3977 0.5014 -0.1706 -0.7031 0.2236 0.6668 0.1049 0.6737 0.2838 -0.676 0.0932 0.9088 -0.126 0.3939 -0.055 0.7465 0.1984 -0.6314 -0.0682 -0.5222 -0.1384 0.5351 -0.6494 0.651 0.2302 0.701 -0.1782
-0.7726 0.1337 0.6203 0.0187 0.8009 -0.101 -0.5766 0.1261 0.7336 0.1894 -0.6506 -0.0507 -0.7493 -0.3977 0.5014 -0.1706 -0.7031 0.2236 0.6668 0.1049 0.6737 0.2838 -0.676 0.0932 0.9088 -0.126 0.3939 -0.055 0.7465 0.1984 -0.6314 -0.0682 -0.5222 -0.1384 0.5351 -0.6494 0.651 0.2302 0.701 -0.1782
-0.7726 0.1337 0.6203 0.0187 0.8009 -0.101 -0.5766 0.1261 0.7336 0.1894 -0.6506 -0.0507 -0.7493 -0.3977 0.5014 -0.1706 -0.7031 0.2236 0.6668 0.1049 0.6737 0.2838 -0.676 0.0932 0.9088 -0.126 0.3939 -0.055 0.7465 0.1984 -0.6314 -0.0682 -0.5222 -0.1384 0.5351 -0.6494 0.651 0.2302 0.701 -0.1782
-0.7726 0.1337 0.6203 0.0187 0.8009 -0.101 -0.5766 0.1261 0.7336 0.1894 -0.6506 -0.0507 -0.7493 -0.3977 0.5014 -0.1706 -0.7031 0.2236 0.6668 0.1049 0.6737 0.2838 -0.676 0.0932 0.9088 -0.126 0.3939 -0.055 0.7465 0.1984 -0.6314 -0.0682 -0.5222 -0.1384 0.5351 -0.6494 0.651 0.2302 0.701 -0.1782
-0.7726 0.1337 0.6203 0.0187 0.8009 -0.101 -0.5766 0.1261 0.7336 0.1894 -0.6506 -0.0507 -0.7282 -0.3171 0.4996 -0.3456 -0.6532 0.2111 0.7044 0.1806 0.6737 0.2838 -0.676 0.0932 0.9088 -0.126 0.3939 -0.055 0.7465 0.1984 -0.6314 -0.0682 -0.5222 -0.1384 0.5351 -0.6494 0.8997 0.2237 0.3667 -0.0783
-0.7726 0.1337 0.6203 0.0187 0.8009 -0.101 -0.5766 0.1261 0.7336 0.1894 -0.6506 -0.0507 -0.7282 -0.3171 0.4996 -0.3456 -0.6532 0.2111 0.7044 0.1806 0.6737 0.2838 -0.676 0.0932 0.9088 -0.126 0.3939 -0.055 0.7556 0.1705 -0.6002 -0.1996 -0.5787 -0.4105 0.5234 -0.4719 0.8997 0.2237 0.3667 -0.0783
-0.7726 0.1337 0.6203 0.0187 0.8009 -0.101 -0.5766 0.1261 0.7336 0.1894 -0.6506 -0.0507 -0.7282 -0.3171 0.4996 -0.3456 -0.6532 0.2111 0.7044 0.1806 0.6737 0.2838 -0.676 0.0932 0.9088 -0.126 0.3939 -0.055 0.7556 0.1705 -0.6002 -0.1996 -0.5787 -0.4105 0.5234 -0.4719 0.8997 0.2237 0.3667 -0.0783
-0.8008 0.1424 0.5781 -0.0656 0.8077 -0.1301 -0.526 0.2325 0.7585 0.1626 -0.6261 0.0792 -0.7282 -0.3171 0.4996 -0.3456 -0.6532 0.2111 0.7044 0.1806 0.6785 0.3051 -0.6665 0.048 0.8965 -0.1331 0.4178 -0.064 0.7556 0.1705 -0.6002 -0.1996 -0.5787 -0.4105 0.5234 -0.4719 0.8997 0.2237 0.3667 -0.0783
-0.8008 0.1424 0.5781 -0.0656 0.8077 -0.1301 -0.526 0.2325 0.7585 0.1626 -0.6261 0.0792 -0.7282 -0.3171 0.4996 -0.3456 -0.6532 0.2111 0.7044 0.1806 0.6785 0.3051 -0.6665 0.048 0.8965 -0.1331 0.4178 -0.064 0.7556 0.1705 -0.6002 -0.1996 -0.5787 -0.4105 0.5234 -0.4719 0.8997 0.2237 0.3667 -0.0783
-0.8008 0.1424 0.5781 -0.0656 0.8077 -0.1301 -0.526 0.2325 0.7585 0.1626 -0.6261 0.0792 -0.7282 -0.3171 0.4996 -0.3456 -0.6532 0.2111 0.7044 0.1806 0.6785 0.3051 -0.6665 0.048 0.8965 -0.1331 0.4178 -0.064 0.7556 0.1705 -0.6002 -0.1996 -0.5787 -0.4105 0.5234 -0.4719 0.8997 0.2237 0.3667 -0.0783
-0.8008 0.1424 0.5781 -0.0656 0.8077 -0.1301 -0.526 0.2325 0.7585 0.1626 -0.6261 0.0792 -0.7282 -0.3171 0.4996 -0.3456 -0.6532 0.2111 0.7044 0.1806 0.6785 0.3051 -0.6665 0.048 0.8965 -0.1331 0.4178 -0.064 0.7556 0.1705 -0.6002 -0.1996 -0.5787 -0.4105 0.5234 -0.4719 0.8997 0.2237 0.3667 -0.0783
-0.8008 0.1424 0.5781 -0.0656 0.8077 -0.1301 -0.526 0.2325 0.7585 0.1626 -0.6261 0.0792 -0.6976 -0.3029 0.4493 -0.4688 -0.5938 0.1913 0.7392 0.254 0.6785 0.3051 -0.6665 0.048 0.8965 -0.1331 0.4178 -0.064 0.7556 0.1705 -0.6002 -0.1996 -0.5787 -0.4105 0.5234 -0.4719 0.9747 0.187 0.0646 -0.1038
-0.8008 0.1424 0.5781 -0.0656 0.8077 -0.1301 -0.526 0.2325 0.7585 0.1626 -0.6261 0.0792 -0.6976 -0.3029 0.4493 -0.4688 -0.5938 0.1913 0.7392 0.254 0.6785 0.3051 -0.6665 0.048 0.8965 -0.1331 0.4178 -0.064 0.7556 0.1705 -0.6002 -0.1996 -0.5787 -0.4105 0.5234 -0.4719 0.9747 0.187 0.0646 -0.1038
-0.8008 0.1424 0.5781 -0.0656 0.8077 -0.1301 -0.526 0.2325 0.7585 0.1626 -0.6261 0.0792 -0.6976 -0.3029 0.4493 -0.4688 -0.5938 0.1913 0.7392 0.254 0.6785 0.3051 -0.6665 0.048 0.8965 -0.1331 0.4178 -0.064 0.7556 0.1705 -0.6002 -0.1996 -0.5787 -0.4105 0.5234 -0.4719 0.9747 0.187 0.0646 -0.1038
-0.8099 0.1694 0.5563 -0.0766 0.8019 -0.1846 -0.485 0.2961 0.7735 0.1758 -0.5785 0.1901 -0.6976 -0.3029 0.4493 -0.4688 -0.5938 0.1913 0.7392 0.254 0.6846 0.3599 -0.632 -0.0487 0.8486 -0.1273 0.5105 -0.0559 0.7451 0.1143 -0.6227 -0.21 -0.619 -0.5717 0.502 -0.1949 0.9747 0.187 0.0646 -0.1038
-0.8099 0.1694 0.5563 -0.0766 0.8019 -0.1846 -0.485 0.2961 0.7735 0.1758 -0.5785 0.1901 -0.6976 -0.3029 0.4493 -0.4688 -0.5938 0.1913 0.7392 0.254 0.6846 0.3599 -0.632 -0.0487 0.8486 -0.1273 0.5105 -0.0559 0.7451 0.1143 -0.6227 -0.21 -0.619 -0.5717 0.502 -0.1949 0.9747 0.187 0.0646 -0.1038
-0.8099 0.1694 0.5563 -0.0766 0.8019 -0.1846 -0.485 0.2961 0.7735 0.1758 -0.5785 0.1901 -0.6976 -0.3029 0.4493 -0.4688 -0.5938 0.1913 0.7392 0.254 0.6846 0.3599 -0.632 -0.0487 0.8486 -0.1273 0.5105 -0.0559 0.7451 0.1143 -0.6227 -0.21 -0.619 -0.5717 0.502 -0.1949 0.9747 0.187 0.0646 -0.1038
-0.8099 0.1694 0.5563 -0.0766 0.8019 -0.1846 -0.485 0.2961 0.7735 0.1758 -0.5785 0.1901 -0.6976 -0.3029 0.4493 -0.4688 -0.608 0.2098 0.7054 0.2978 0.6846 0.3599 -0.632 -0.0487 0.8486 -0.1273 0.5105 -0.0559 0.7451 0.1143 -0.6227 -0.21 -0.619 -0.5717 0.502 -0.1949 0.9747 0.187 0.0646 -0.1038
-0.8099 0.1694 0.5563 -0.0766 0.8019 -0.1846 -0.485 0.2961 0.7735 0.1758 -0.5785 0.1901 -0.6774 -0.2891 0.4232 -0.5277 -0.608 0.2098 0.7054 0.2978 0.6846 0.3599 -0.632 -0.0487 0.8486 -0.1273 0.5105 -0.0559 0.7451 0.1143 -0.6227 -0.21 -0.619 -0.5717 0.502 -0.1949 0.9254 0.2333 0.241 -0.1763
-0.8099 0.1694 0.5563 -0.0766 0.8019 -0.1846 -0.485 0.2961 0.7735 0.1758 -0.5785 0.1901 -0.6774 -0.2891 0.4232 -0.5277 -0.608 0.2098 0.7054 0.2978 0.6846 0.3599 -0.632 -0.0487 0.8486 -0.1273 0.5105 -0.0559 0.7338 0.1174 -0.6357 -0.2089 -0.6376 -0.4551 0.5693 -0.2495 0.9254 0.2333 0.241 -0.1763
-0.8099 0.1694 0.5563 -0.0766 0.8019 -0.1846 -0.485 0.2961 0.7735 0.1758 -0.5785 0.1901 -0.6774 -0.2891 0.4232 -0.5277 -0.608 0.2098 0.7054 0.2978 0.6846 0.3599 -0.632 -0.0487 0.8486 -0.1273 0.5105 -0.0559 0.7338 0.1174 -0.6357 -0.2089 -0.6376 -0.4551 0.5693 -0.2495 0.9254 0.2333 0.241 -0.1763
-0.7873 0.1855 0.588 -0.0092 0.7976 -0.2017 -0.5134 0.244 0.7684 0.1742 -0.5955 0.1569 -0.6774 -0.2891 0.4232 -0.5277 -0.608 0.2098 0.7054 0.2978 0.673 0.433 -0.5505 -0.2375 0.5225 -0.0813 0.8478 -0.04 0.7338 0.1174 -0.6357 -0.2089 -0.6376 -0.4551 0.5693 -0.2495 0.9254 0.2333 0.241 -0.1763
-0.7873 0.1855 0.588 -0.0092 0.7976 -0.2017 -0.5134 0.244 0.7684 0.1742 -0.5955 0.1569 -0.6774 -0.2891 0.4232 -0.5277 -0.608 0.2098 0.7054 0.2978 0.673 0.433 -0.5505 -0.2375 0.5225 -0.0813 0.8478 -0.04 0.7338 0.1174 -0.6357 -0.2089 -0.6376 -0.4551 0.5693 -0.2495 0.9254 0.2333 0.241 -0.1763
-0.7873 0.1855 0.588 -0.0092 0.7976 -0.2017 -0.5134 0.244 0.7684 0.1742 -0.5955 0.1569 -0.6774 -0.2891 0.4232 -0.5277 -0.608 0.2098 0.7054 0.2978 0.673 0.433 -0.5505 -0.2375 0.5225 -0.0813 0.8478 -0.04 0.7338 0.1174 -0.6357 -0.2089 -0.6376 -0.4551 0.5693 -0.2495 0.9254 0.2333 0.241 -0.1763
-0.7873 0.1855 0.588 -0.0092 0.7976 -0.2017 -0.5134 0.244 0.7684 0.1742 -0.5955 0.1569 -0.6774 -0.2891 0.4232 -0.5277 -0.608 0.2098 0.7054 0.2978 0.673 0.433 -0.5505 -0.2375 0.5225 -0.0813 0.8478 -0.04 0.7338 0.1174 -0.6357 -0.2089 -0.6376 -0.4551 0.5693 -0.2495 0.9254 0.2333 0.241 -0.1763
-0.7873 0.1855 0.588 -0.0092 0.7976 -0.2017 -0.5134 0.244 0.7684 0.1742 -0.5955 0.1569 -0.7278 -0.2985 0.4802 -0.3881 -0.684 0.3109 0.6047 0.2643 0.673 0.433 -0.5505 -0.2375 0.5225 -0.0813 0.8478 -0.04 0.7338 0.1174 -0.6357 -0.2089 -0.6376 -0.4551 0.5693 -0.2495 0.9062 0.2336 0.2973 -0.1891
-0.7873 0.1855 0.588 -0.0092 0.7976 -0.2017 -0.5134 0.244 0.7684 0.1742 -0.5955 0.1569 -0.7278 -0.2985 0.4802 -0.3881 -0.684 0.3109 0.6047 0.2643 0.673 0.433 -0.5505 -0.2375 0.5225 -0.0813 0.8478 -0.04 0.7216 0.0767 -0.6749 -0.134 -0.6376 -0.4551 0.5693 -0.2495 0.9062 0.2336 0.2973 -0.1891
-0.7873 0.1855 0.588 -0.0092 0.7976 -0.2017 -0.5134 0.244 0.7684 0.1742 -0.5955 0.1569 -0.7278 -0.2985 0.4802 -0.3881 -0.684 0.3109 0.6047 0.2643 0.673 0.433 -0.5505 -0.2375 0.5225 -0.0813 0.8478 -0.04 0.7216 0.0767 -0.6749 -0.134 -0.6376 -0.4551 0.5693 -0.2495 0.9062 0.2336 0.2973 -0.1891
-0.7565 0.2043 0.6154 0.0861 0.793 -0.1617 -0.5701 0.1413 0.7602 0.1064 -0.6403 -0.0302 -0.7278 -0.2985 0.4802 -0.3881 -0.684 0.3109 0.6047 0.2643 0.6838 0.419 -0.5203 -0.2936 0.6066 -0.0974 0.787 -0.056 0.7216 0.0767 -0.6749 -0.134 -0.6376 -0.4551 0.5693 -0.2495 0.9062 0.2336 0.2973 -0.1891
-0.7565 0.2043 0.6154 0.0861 0.793 -0.1617 -0.5701 0.1413 0.7602 0.1064 -0.6403 -0.0302 -0.7278 -0.2985 0.4802 -0.3881 -0.684 0.3109 0.6047 0.2643 0.6838 0.419 -0.5203 -0.2936 0.6066 -0.0974 0.787 -0.056 0.7216 0.0767 -0.6749 -0.134 -0.6376 -0.4551 0.5693 -0.2495 0.9062 0.2336 0.2973 -0.1891
-0.7565 0.2043 0.6154 0.0861 0.793 -0.1617 -0.5701 0.1413 0.7602 0.1064 -0.6403 -0.0302 -0.7278 -0.2985 0.4802 -0.3881 -0.684 0.3109 0.6047 0.2643 0.6838 0.419 -0.5203 -0.2936 0.6066 -0.0974 0.787 -0.056 0.7216 0.0767 -0.6749 -0.134 -0.6376 -0.4551 0.5693 -0.2495 0.9062 0.2336 0.2973 -0.1891
-0.7565 0.2043 0.6154 0.0861 0.793 -0.1617 -0.5701 0.1413 0.7602 0.1064 -0.6403 -0.0302 -0.7888 -0.3204 0.5019 -0.1526 -0.7546 0.3581 0.5357 0.124 0.6838 0.419 -0.5203 -0.2936 0.6066 -0.0974 0.787 -0.056 0.7216 0.0767 -0.6749 -0.134 -0.6376 -0.4551 0.5693 -0.2495 0.9062 0.2336 0.2973 -0.1891
-0.7565 0.2043 0.6154 0.0861 0.793 -0.1617 -0.5701 0.1413 0.7602 0.1064 -0.6403 -0.0302 -0.7888 -0.3204 0.5019 -0.1526 -0.7546 0.3581 0.5357 0.124 0.6838 0.419 -0.5203 -0.2936 0.6066 -0.0974 0.787 -0.056 0.7216 0.0767 -0.6749 -0.134 -0.6376 -0.4551 0.5693 -0.2495 0.9062 0.2336 0.2973 -0.1891
-0.7565 0.2043 0.6154 0.0861 0.793 -0.1617 -0.5701 0.1413 0.7602 0.1064 -0.6403 -0.0302 -0.7888 -0.3204 0.5019 -0.1526 -0.7546 0.3581 0.5357 0.124 0.6838 0.419 -0.5203 -0.2936 0.6066 -0.0974 0.787 -0.056 0.7216 0.0767 -0.6749 -0.134 -0.6376 -0.4551 0.5693 -0.2495 0.9062 0.2336 0.2973 -0.1891
-0.7565 0.2043 0.6154 0.0861 0.793 -0.1617 -0.5701 0.1413 0.7602 0.1064 -0.6403 -0.0302 -0.7888 -0.3204 0.5019 -0.1526 -0.7546 0.3581 0.5357 0.124 0.6838 0.419 -0.5203 -0.2936 0.6066 -0.0974 0.787 -0.056 0.7216 0.0767 -0.6749 -0.134 -0.6376 -0.4551 0.5693 -0.2495 0.9062 0.2336 0.2973 -0.1891
-0.7425 0.1944 0.6173 0.1728 0.7877 -0.1066 -0.6067 -0.0117 0.7497 0.1018 -0.6275 -0.184 -0.7888 -0.3204 0.5019 -0.1526 -0.7546 0.3581 0.5357 0.124 0.6981 0.2982 -0.6481 -0.0609 0.8533 -0.0922 0.4963 -0.1302 0.6979 0.0375 -0.7143 -0.0351 -0.6051 -0.3761 0.5932 -0.3749 0.8992 0.2369 0.3138 -0.1917
-0.7425 0.1944 0.6173 0.1728 0.7877 -0.1066 -0.6067 -0.0117 0.7497 0.1018 -0.6275 -0.184 -0.7888 -0.3204 0.5019 -0.1526 -0.7546 0.3581 0.5357 0.124 0.6981 0.2982 -0.6481 -0.0609 0.8533 -0.0922 0.4963 -0.1302 0.6979 0.0375 -0.7143 -0.0351 -0.6051 -0.3761 0.5932 -0.3749 0.8992 0.2369 0.3138 -0.1917
-0.7425 0.1944 0.6173 0.1728 0.7877 -0.1066 -0.6067 -0.0117 0.7497 0.1018 -0.6275 -0.184 -0.7888 -0.3204 0.5019 -0.1526 -0.7546 0.3581 0.5357 0.124 0.6981 0.2982 -0.6481 -0.0609 0.8533 -0.0922 0.4963 -0.1302 0.6979 0.0375 -0.7143 -0.0351 -0.6051 -0.3761 0.5932 -0.3749 0.8992 0.2369 0.3138 -0.1917
-0.7425 0.1944 0.6173 0.1728 0.7877 -0.1066 -0.6067 -0.0117 0.7497 0.1018 -0.6275 -0.184 -0.7771 -0.4305 0.4571 0.0421 -0.7546 0.3581 0.5357 0.124 0.6981 0.2982 -0.6481 -0.0609 0.8533 -0.0922 0.4963 -0.1302 0.6979 0.0375 -0.7143 -0.0351 -0.6051 -0.3761 0.5932 -0.3749 0.8992 0.2369 0.3138 -0.1917
-0.7425 0.1944 0.6173 0.1728 0.7877 -0.1066 -0.6067 -0.0117 0.7497 0.1018 -0.6275 -0.184 -0.7771 -0.4305 0.4571 0.0421 -0.7819 0.3026 0.5419 0.0586 0.6981 0.2982 -0.6481 -0.0609 0.8533 -0.0922 0.4963 -0.1302 0.6979 0.0375 -0.7143 -0.0351 -0.6051 -0.3761 0.5932 -0.3749 0.8909 0.2446 0.3351 -0.1849
-0.7425 0.1944 0.6173 0.1728 0.7877 -0.1066 -0.6067 -0.0117 0.7497 0.1018 -0.6275 -0.184 -0.7771 -0.4305 0.4571 0.0421 -0.7819 0.3026 0.5419 0.0586 0.6981 0.2982 -0.6481 -0.0609 0.8533 -0.0922 0.4963 -0.1302 0.6979 0.0375 -0.7143 -0.0351 -0.6051 -0.3761 0.5932 -0.3749 0.8909 0.2446 0.3351 -0.1849
-0.7425 0.1944 0.6173 0.1728 0.7877 -0.1066 -0.6067 -0.0117 0.7497 0.1018 -0.6275 -0.184 -0.7771 -0.4305 0.4571 0.0421 -0.7819 0.3026 0.5419 0.0586 0.6981 0.2982 -0.6481 -0.0609 0.8533 -0.0922 0.4963 -0.1302 0.6979 0.0375 -0.7143 -0.0351 -0.6051 -0.3761 0.5932 -0.3749 0.8909 0.2446 0.3351 -0.1849
-0.7286 0.1912 0.605 0.2578 0.7771 -0.071 -0.6122 -0.1276 0.7455 0.1345 -0.5901 -0.2789 -0.7771 -0.4305 0.4571 0.0421 -0.7819 0.3026 0.5419 0.0586 0.6803 0.0601 -0.704 0.195 0.9754 -0.0724 0.162 -0.1309 0.6664 -0.0063 -0.7446 0.0372 -0.5911 -0.3517 0.5858 -0.4286 0.8909 0.2446 0.3351 -0.1849
-0.7286 0.1912 0.605 0.2578 0.7771 -0.071 -0.6122 -0.1276 0.7455 0.1345 -0.5901 -0.2789 -0.7771 -0.4305 0.4571 0.0421 -0.7819 0.3026 0.5419 0.0586 0.6803 0.0601 -0.704 0.195 0.9754 -0.0724 0.162 -0.1309 0.6664 -0.0063 -0.7446 0.0372 -0.5911 -0.3517 0.5858 -0.4286 0.8909 0.2446 0.3351 -0.1849
-0.7286 0.1912 0.605 0.2578 0.7771 -0.071 -0.6122 -0.1276 0.7455 0.1345 -0.5901 -0.2789 -0.7771 -0.4305 0.4571 0.0421 -0.7819 0.3026 0.5419 0.0586 0.6803 0.0601 -0.704 0.195 0.9754 -0.0724 0.162 -0.1309 0.6664 -0.0063 -0.7446 0.0372 -0.5911 -0.3517 0.5858 -0.4286 0.8909 0.2446 0.3351 -0.1849
-0.7286 0.1912 0.605 0.2578 0.7771 -0.071 -0.6122 -0.1276 0.7455 0.1345 -0.5901 -0.2789 -0.7771 -0.4305 0.4571 0.0421 -0.7819 0.3026 0.5419 0.0586 0.6803 0.0601 -0.704 0.195 0.9754 -0.0724 0.162 -0.1309 0.6664 -0.0063 -0.7446 0.0372 -0.5911 -0.3517 0.5858 -0.4286 0.8909 0.2446 0.3351 -0.1849
-0.7286 0.1912 0.605 0.2578 0.7771 -0.071 -0.6122 -0.1276 0.7455 0.1345 -0.5901 -0.2789 -0.757 -0.4819 0.4113 0.1602 -0.7645 0.2679 0.5856 0.0273 0.6803 0.0601 -0.704 0.195 0.9754 -0.0724 0.162 -0.1309 0.6664 -0.0063 -0.7446 0.0372 -0.5911 -0.3517 0.5858 -0.4286 0.843 0.2322 0.4396 -0.2053
-0.7286 0.1912 0.605 0.2578 0.7771 -0.071 -0.6122 -0.1276 0.7455 0.1345 -0.5901 -0.2789 -0.757 -0.4819 0.4113 0.1602 -0.7645 0.2679 0.5856 0.0273 0.6803 0.0601 -0.704 0.195 0.9754 -0.0724 0.162 -0.1309 0.6664 -0.0063 -0.7446 0.0372 -0.5911 -0.3517 0.5858 -0.4286 0.843 0.2322 0.4396 -0.2053
-0.7286 0.1912 0.605 0.2578 0.7771 -0.071 -0.6122 -0.1276 0.7455 0.1345 -0.5901 -0.2789 -0.757 -0.4819 0.4113 0.1602 -0.7645 0.2679 0.5856 0.0273 0.6803 0.0601 -0.704 0.195 0.9754 -0.0724 0.162 -0.1309 0.6664 -0.0063 -0.7446 0.0372 -0.5911 -0.3517 0.5858 -0.4286 0.843 0.2322 0.4396 -0.2053
-0.723 0.1997 0.604 0.2692 0.7693 -0.0624 -0.6151 -0.1609 0.7427 0.157 -0.5929 -0.2688 -0.757 -0.4819 0.4113 0.1602 -0.7645 0.2679 0.5856 0.0273 0.6802 0.1247 -0.6976 0.1874 0.9376 -0.117 0.3186 -0.0749 0.6649 -0.0283 -0.7421 0.0803 -0.5747 -0.2484 0.5834 -0.5174 0.843 0.2322 0.4396 -0.2053
-0.723 0.1997 0.604 0.2692 0.7693 -0.0624 -0.6151 -0.1609 0.7427 0.157 -0.5929 -0.2688 -0.757 -0.4819 0.4113 0.1602 -0.7645 0.2679 0.5856 0.0273 0.6802 0.1247 -0.6976 0.1874 0.9376 -0.117 0.3186 -0.0749 0.6649 -0.0283 -0.7421 0.0803 -0.5747 -0.2484 0.5834 -0.5174 0.843 0.2322 0.4396 -0.2053
-0.723 0.1997 0.604 0.2692 0.7693 -0.0624 -0.6151 -0.1609 0.7427 0.157 -0.5929 -0.2688 -0.757 -0.4819 0.4113 0.1602 -0.7645 0.2679 0.5856 0.0273 0.6802 0.1247 -0.6976 0.1874 0.9376 -0.117 0.3186 -0.0749 0.6649 -0.0283 -0.7421 0.0803 -0.5747 -0.2484 0.5834 -0.5174 0.843 0.2322 0.4396 -0.2053
-0.723 0.1997 0.604 0.2692 0.7693 -0.0624 -0.6151 -0.1609 0.7427 0.157 -0.5929 -0.2688 -0.757 -0.4819 0.4113 0.1602 -0.7645 0.2679 0.5856 0.0273 0.6802 0.1247 -0.6976 0.1874 0.9376 -0.117 0.3186 -0.0749 0.6649 -0.0283 -0.7421 0.0803 -0.5747 -0.2484 0.5834 -0.5174 0.843 0.2322 0.4396 -0.2053
-0.723 0.1997 0.604 0.2692 0.7693 -0.0624 -0.6151 -0.1609 0.7427 0.157 -0.5929 -0.2688 -0.7404 -0.5091 0.4317 0.0798 -0.7397 0.2653 0.6157 0.058 0.6802 0.1247 -0.6976 0.1874 0.9376 -0.117 0.3186 -0.0749 0.6649 -0.0283 -0.7421 0.0803 -0.5248 -0.1282 0.5128 -0.6672 0.5536 0.1876 0.7828 -0.2134
-0.723 0.1997 0.604 0.2692 0.7693 -0.0624 -0.6151 -0.1609 0.7427 0.157 -0.5929 -0.2688 -0.7404 -0.5091 0.4317 0.0798 -0.7397 0.2653 0.6157 0.058 0.6802 0.1247 -0.6976 0.1874 0.9376 -0.117 0.3186 -0.0749 0.7272 0.0827 -0.6804 0.039 -0.5248 -0.1282 0.5128 -0.6672 0.5536 0.1876 0.7828 -0.2134
-0.723 0.1997 0.604 0.2692 0.7693 -0.0624 -0.6151 -0.1609 0.7427 0.157 -0.5929 -0.2688 -0.7404 -0.5091 0.4317 0.0798 -0.7397 0.2653 0.6157 0.058 0.6802 0.1247 -0.6976 0.1874 0.9376 -0.117 0.3186 -0.0749 0.7272 0.0827 -0.6804 0.039 -0.5248 -0.1282 0.5128 -0.6672 0.5536 0.1876 0.7828 -0.2134
-0.7397 0.1725 0.6278 0.17 0.7792 -0.0841 -0.6177 -0.0641 0.7427 0.157 -0.5929 -0.2688 -0.7404 -0.5091 0.4317 0.0798 -0.7397 0.2653 0.6157 0.058 0.6744 0.238 -0.6842 0.1428 0.917 -0.1187 0.3761 -0.0596 0.7272 0.0827 -0.6804 0.039 -0.5248 -0.1282 0.5128 -0.6672 0.5536 0.1876 0.7828 -0.2134
-0.7397 0.1725 0.6278 0.17 0.7792 -0.0841 -0.6177 -0.0641 0.7427 0.157 -0.5929 -0.2688 -0.7404 -0.5091 0.4317 0.0798 -0.7397 0.2653 0.6157 0.058 0.6744 0.238 -0.6842 0.1428 0.917 -0.1187 0.3761 -0.0596 0.7272 0.0827 -0.6804 0.039 -0.5248 -0.1282 0.5128 -0.6672 0.5536 0.1876 0.7828 -0.2134
-0.7397 0.1725 0.6278 0.17 0.7792 -0.0841 -0.6177 -0.0641 0.7427 0.157 -0.5929 -0.2688 -0.7404 -0.5091 0.4317 0.0798 -0.7397 0.2653 0.6157 0.058 0.6744 0.238 -0.6842 0.1428 0.917 -0.1187 0.3761 -0.0596 0.7272 0.0827 -0.6804 0.039 -0.5248 -0.1282 0.5128 -0.6672 0.5536 0.1876 0.7828 -0.2134
-0.7397 0.1725 0.6278 0.17 0.7792 -0.0841 -0.6177 -0.0641 0.7427 0.157 -0.5929 -0.2688 -0.7404 -0.5091 0.4317 0.0798 -0.7397 0.2653 0.6157 0.058 0.6744 0.238 -0.6842 0.1428 0.917 -0.1187 0.3761 -0.0596 0.7272 0.0827 -0.6804 0.039 -0.5248 -0.1282 0.5128 -0.6672 0.5536 0.1876 0.7828 -0.2134
-0.7397 0.1725 0.6278 0.17 0.7792 -0.0841 -0.6177 -0.0641 0.7427 0.157 -0.5929 -0.2688 -0.7497 -0.4216 0.4923 -0.1335 -0.6912 0.2452 0.6671 0.131 0.6744 0.238 -0.6842 0.1428 0.917 -0.1187 0.3761 -0.0596 0.7272 0.0827 -0.6804 0.039 -0.5248 -0.1282 0.5128 -0.6672 0.6782 0.2368 0.6735 -0.1741
-0.7397 0.1725 0.6278 0.17 0.7792 -0.0841 -0.6177 -0.0641 0.7427 0.157 -0.5929 -0.2688 -0.7497 -0.4216 0.4923 -0.1335 -0.6912 0.2452 0.6671 0.131 0.6744 0.238 -0.6842 0.1428 0.917 -0.1187 0.3761 -0.0596 0.7272 0.0827 -0.6804 0.039 -0.5248 -0.1282 0.5128 -0.6672 0.6782 0.2368 0.6735 -0.1741
-0.7397 0.1725 0.6278 0.17 0.7792 -0.0841 -0.6177 -0.0641 0.7427 0.157 -0.5929 -0.2688 -0.7497 -0.4216 0.4923 -0.1335 -0.6912 0.2452 0.6671 0.131 0.6744 0.238 -0.6842 0.1428 0.917 -0.1187 0.3761 -0.0596 0.7272 0.0827 -0.6804 0.039 -0.5248 -0.1282 0.5128 -0.6672 0.6782 0.2368 0.6735 -0.1741
-0.7764 0.131 0.6165 6.0E-4 0.7962 -0.0736 -0.5846 0.1376 0.738 0.1823 -0.6484 -0.0424 -0.7497 -0.4216 0.4923 -0.1335 -0.6912 0.2452 0.6671 0.131 0.6766 0.2628 -0.6818 0.091 0.9082 -0.1237 0.3954 -0.0596 0.7484 0.1838 -0.6322 -0.08 -0.531 -0.1555 0.5251 -0.6467 0.6782 0.2368 0.6735 -0.1741
-0.7764 0.131 0.6165 6.0E-4 0.7962 -0.0736 -0.5846 0.1376 0.738 0.1823 -0.6484 -0.0424 -0.7497 -0.4216 0.4923 -0.1335 -0.6912 0.2452 0.6671 0.131 0.6766 0.2628 -0.6818 0.091 0.9082 -0.1237 0.3954 -0.0596 0.7484 0.1838 -0.6322 -0.08 -0.531 -0.1555 0.5251 -0.6467 0.6782 0.2368 0.6735 -0.1741
-0.7764 0.131 0.6165 6.0E-4 0.7962 -0.0736 -0.5846 0.1376 0.738 0.1823 -0.6484 -0.0424 -0.7497 -0.4216 0.4923 -0.1335 -0.6912 0.2452 0.6671 0.131 0.6766 0.2628 -0.6818 0.091 0.9082 -0.1237 0.3954 -0.0596 0.7484 0.1838 -0.6322 -0.08 -0.531 -0.1555 0.5251 -0.6467 0.6782 0.2368 0.6735 -0.1741
-0.7764 0.131 0.6165 6.0E-4 0.7962 -0.0736 -0.5846 0.1376 0.738 0.1823 -0.6484 -0.0424 -0.7497 -0.4216 0.4923 -0.1335 -0.6912 0.2452 0.6671 0.131 0.6766 0.2628 -0.6818 0.091 0.9082 -0.1237 0.3954 -0.0596 0.7484 0.1838 -0.6322 -0.08 -0.531 -0.1555 0.5251 -0.6467 0.6782 0.2368 0.6735 -0.1741
-0.7764 0.131 0.6165 6.0E-4 0.7962 -0.0736 -0.5846 0.1376 0.738 0.1823 -0.6484 -0.0424 -0.7346 -0.3142 0.496 -0.3402 -0.6393 0.2208 0.7081 0.2026 0.6766 0.2628 -0.6818 0.091 0.9082 -0.1237 0.3954 -0.0596 0.7484 0.1838 -0.6322 -0.08 -0.531 -0.1555 0.5251 -0.6467 0.8968 0.2184 0.3674 -0.1142
-0.7764 0.131 0.6165 6.0E-4 0.7962 -0.0736 -0.5846 0.1376 0.738 0.1823 -0.6484 -0.0424 -0.7346 -0.3142 0.496 -0.3402 -0.6393 0.2208 0.7081 0.2026 0.6766 0.2628 -0.6818 0.091 0.9082 -0.1237 0.3954 -0.0596 0.7484 0.1838 -0.6322 -0.08 -0.531 -0.1555 0.5251 -0.6467 0.8968 0.2184 0.3674 -0.1142
-0.7764 0.131 0.6165 6.0E-4 0.7962 -0.0736 -0.5846 0.1376 0.738 0.1823 -0.6484 -0.0424 -0.7346 -0.3142 0.496 -0.3402 -0.6393 0.2208 0.7081 0.2026 0.6766 0.2628 -0.6818 0.091 0.9082 -0.1237 0.3954 -0.0596 0.7484 0.1838 -0.6322 -0.08 -0.531 -0.1555 0.5251 -0.6467 0.8968 0.2184 0.3674 -0.1142
-0.7977 0.1642 0.5745 -0.0818 0.7932 -0.1423 -0.5244 0.275 0.758 0.1526 -0.6269 0.0955 -0.7346 -0.3142 0.496 -0.3402 -0.6393 0.2208 0.7081 0.2026 0.6836 0.2862 -0.6705 0.0348 0.8986 -0.1285 0.4144 -0.066 0.7509 0.1493 -0.6055 -0.2177 -0.5956 -0.4161 0.5343 -0.4321 0.8968 0.2184 0.3674 -0.1142
-0.7977 0.1642 0.5745 -0.0818 0.7932 -0.1423 -0.5244 0.275 0.758 0.1526 -0.6269 0.0955 -0.7346 -0.3142 0.496 -0.3402 -0.6393 0.2208 0.7081 0.2026 0.6836 0.2862 -0.6705 0.0348 0.8986 -0.1285 0.4144 -0.066 0.7509 0.1493 -0.6055 -0.2177 -0.5956 -0.4161 0.5343 -0.4321 0.8968 0.2184 0.3674 -0.1142
-0.7977 0.1642 0.5745 -0.0818 0.7932 -0.1423 -0.5244 0.275 0.758 0.1526 -0.6269 0.0955 -0.7346 -0.3142 0.496 -0.3402 -0.6393 0.2208 0.7081 0.2026 0.6836 0.2862 -0.6705 0.0348 0.8986 -0.1285 0.4144 -0.066 0.7509 0.1493 -0.6055 -0.2177 -0.5956 -0.4161 0.5343 -0.4321 0.8968 0.2184 0.3674 -0.1142
-0.7977 0.1642 0.5745 -0.0818 0.7932 -0.1423 -0.5244 0.275 0.758 0.1526 -0.6269 0.0955 -0.7018 -0.27 0.4626 -0.4697 -0.584 0.207 0.7344 0.277 0.6836 0.2862 -0.6705 0.0348 0.8986 -0.1285 0.4144 -0.066 0.7509 0.1493 -0.6055 -0.2177 -0.5956 -0.4161 0.5343 -0.4321 0.8968 0.2184 0.3674 -0.1142
-0.7977 0.1642 0.5745 -0.0818 0.7932 -0.1423 -0.5244 0.275 0.758 0.1526 -0.6269 0.0955 -0.7018 -0.27 0.4626 -0.4697 -0.584 0.207 0.7344 0.277 0.6836 0.2862 -0.6705 0.0348 0.8986 -0.1285 0.4144 -0.066 0.7509 0.1493 -0.6055 -0.2177 -0.5956 -0.4161 0.5343 -0.4321 0.8968 0.2184 0.3674 -0.1142
-0.7977 0.1642 0.5745 -0.0818 0.7932 -0.1423 -0.5244 0.275 0.758 0.1526 -0.6269 0.0955 -0.7018 -0.27 0.4626 -0.4697 -0.584 0.207 0.7344 0.277 0.6836 0.2862 -0.6705 0.0348 0.8986 -0.1285 0.4144 -0.066 0.7509 0.1493 -0.6055 -0.2177 -0.5956 -0.4161 0.5343 -0.4321 0.8968 0.2184 0.3674 -0.1142
-0.7977 0.1642 0.5745 -0.0818 0.7932 -0.1423 -0.5244 0.275 0.758 0.1526 -0.6269 0.0955 -0.7018 -0.27 0.4626 -0.4697 -0.584 0.207 0.7344 0.277 0.6836 0.2862 -0.6705 0.0348 0.8986 -0.1285 0.4144 -0.066 0.7509 0.1493 -0.6055 -0.2177 -0.5956 -0.4161 0.5343 -0.4321 0.8968 0.2184 0.3674 -0.1142
-0.801 0.1791 0.5642 -0.0893 0.7733 -0.2028 -0.4823 0.3582 0.7669 0.1562 -0.5902 0.1979 -0.7018 -0.27 0.4626 -0.4697 -0.584 0.207 0.7344 0.277 0.6868 0.3457 -0.637 -0.0546 0.8531 -0.1105 0.5066 -0.0574 0.7509 0.1493 -0.6055 -0.2177 -0.6098 -0.5743 7.0 0.7408 0.9786 0.1646 0.0558 -0.1104
-0.801 0.1791 0.5642 -0.0893 0.7733 -0.2028 -0.4823 0.3582 0.7669 0.1562 -0.5902 0.1979 -0.7018 -0.27 0.4626 -0.4697 -0.584 0.207 0.7344 0.277 0.6868 0.3457 -0.637 -0.0546 0.8531 -0.1105 0.5066 -0.0574 0.7509 0.1493 -0.6055 -0.2177 -0.6098 -0.5743 7.0 0.7408 0.9786 0.1646 0.0558 -0.1104
-0.801 0.1791 0.5642 -0.0893 0.7733 -0.2028 -0.4823 0.3582 0.7669 0.1562 -0.5902 0.1979 -0.7018 -0.27 0.4626 -0.4697 -0.584 0.207 0.7344 0.277 0.6868 0.3457 -0.637 -0.0546 0.8531 -0.1105 0.5066 -0.0574 0.7509 0.1493 -0.6055 -0.2177 -0.6098 -0.5743 7.0 0.7408 0.9786 0.1646 0.0558 -0.1104
-0.801 0.1791 0.5642 -0.0893 0.7733 -0.2028 -0.4823 0.3582 0.7669 0.1562 -0.5902 0.1979 -0.6752 -0.2783 0.4351 -0.5266 -0.5915 0.2165 0.7093 0.3165 0.6868 0.3457 -0.637 -0.0546 0.8531 -0.1105 0.5066 -0.0574 0.7509 0.1493 -0.6055 -0.2177 -0.6098 -0.5743 7.0 0.7408 0.9266 0.2324 0.2382 -0.1749
-0.801 0.1791 0.5642 -0.0893 0.7733 -0.2028 -0.4823 0.3582 0.7669 0.1562 -0.5902 0.1979 -0.6752 -0.2783 0.4351 -0.5266 -0.5915 0.2165 0.7093 0.3165 0.6868 0.3457 -0.637 -0.0546 0.8531 -0.1105 0.5066 -0.0574 0.7509 0.1493 -0.6055 -0.2177 -0.6098 -0.5743 7.0 0.7408 0.9266 0.2324 0.2382 -0.1749
-0.801 0.1791 0.5642 -0.0893 0.7733 -0.2028 -0.4823 0.3582 0.7669 0.1562 -0.5902 0.1979 -0.6752 -0.2783 0.4351 -0.5266 -0.5915 0.2165 0.7093 0.3165 0.6868 0.3457 -0.637 -0.0546 0.8531 -0.1105 0.5066 -0.0574 0.7509 0.1493 -0.6055 -0.2177 -0.6098 -0.5743 7.0 0.7408 0.9266 0.2324 0.2382 -0.1749
-0.801 0.1791 0.5642 -0.0893 0.7733 -0.2028 -0.4823 0.3582 0.7669 0.1562 -0.5902 0.1979 -0.6752 -0.2783 0.4351 -0.5266 -0.5915 0.2165 0.7093 0.3165 0.6868 0.3457 -0.637 -0.0546 0.8531 -0.1105 0.5066 -0.0574 0.7509 0.1493 -0.6055 -0.2177 -0.6098 -0.5743 7.0 0.7408 0.9266 0.2324 0.2382 -0.1749
-0.7796 0.1997 0.5935 -0.0089 0.771 -0.2067 -0.5116 0.3179 0.7613 0.1769 -0.5965 0.1825 -0.6752 -0.2783 0.4351 -0.5266 -0.5915 0.2165 0.7093 0.3165 0.679 0.4147 -0.5558 -0.241 0.5589 -0.0441 0.8275 -0.0317 0.7256 0.1057 -0.6453 -0.2142 -0.6365 -0.4463 0.5792 -0.2453 0.9266 0.2324 0.2382 -0.1749
-0.7796 0.1997 0.5935 -0.0089 0.771 -0.2067 -0.5116 0.3179 0.7613 0.1769 -0.5965 0.1825 -0.6752 -0.2783 0.4351 -0.5266 -0.5915 0.2165 0.7093 0.3165 0.679 0.4147 -0.5558 -0.241 0.5589 -0.0441 0.8275 -0.0317 0.7256 0.1057 -0.6453 -0.2142 -0.6365 -0.4463 0.5792 -0.2453 0.9266 0.2324 0.2382 -0.1749
-0.7796 0.1997 0.5935 -0.0089 0.771 -0.2067 -0.5116 0.3179 0.7613 0.1769 -0.5965 0.1825 -0.6752 -0.2783 0.4351 -0.5266 -0.5915 0.2165 0.7093 0.3165 0.679 0.4147 -0.5558 -0.241 0.5589 -0.0441 0.8275 -0.0317 0.7256 0.1057 -0.6453 -0.2142 -0.6365 -0.4463 0.5792 -0.2453 0.9266 0.2324 0.2382 -0.1749
-0.7796 0.1997 0.5935 -0.0089 0.771 -0.2067 -0.5116 0.3179 0.7613 0.1769 -0.5965 0.1825 -0.7173 -0.2988 0.478 -0.4095 -0.6793 0.3123 0.6056 0.2726 0.679 0.4147 -0.5558 -0.241 0.5589 -0.0441 0.8275 -0.0317 0.7256 0.1057 -0.6453 -0.2142 -0.6365 -0.4463 0.5792 -0.2453 0.9068 0.2335 0.2949 -0.1905
-0.7796 0.1997 0.5935 -0.0089 0.771 -0.2067 -0.5116 0.3179 0.7613 0.1769 -0.5965 0.1825 -0.7173 -0.2988 0.478 -0.4095 -0.6793 0.3123 0.6056 0.2726 0.679 0.4147 -0.5558 -0.241 0.5589 -0.0441 0.8275 -0.0317 0.7256 0.1057 -0.6453 -0.2142 -0.6365 -0.4463 0.5792 -0.2453 0.9068 0.2335 0.2949 -0.1905
-0.7796 0.1997 0.5935 -0.0089 0.771 -0.2067 -0.5116 0.3179 0.7613 0.1769 -0.5965 0.1825 -0.7173 -0.2988 0.478 -0.4095 -0.6793 0.3123 0.6056 0.2726 0.679 0.4147 -0.5558 -0.241 0.5589 -0.0441 0.8275 -0.0317 0.7256 0.1057 -0.6453 -0.2142 -0.6365 -0.4463 0.5792 -0.2453 0.9068 0.2335 0.2949 -0.1905
-0.7796 0.1997 0.5935 -0.0089 0.771 -0.2067 -0.5116 0.3179 0.7613 0.1769 -0.5965 0.1825 -0.7173 -0.2988 0.478 -0.4095 -0.6793 0.3123 0.6056 0.2726 0.679 0.4147 -0.5558 -0.241 0.5589 -0.0441 0.8275 -0.0317 0.7256 0.1057 -0.6453 -0.2142 -0.6365 -0.4463 0.5792 -0.2453 0.9068 0.2335 0.2949 -0.1905
-0.7571 0.2231 0.609 0.0781 0.7891 -0.1482 -0.5707 0.1722 0.7574 0.1025 -0.6448 0.0025 -0.7173 -0.2988 0.478 -0.4095 -0.6793 0.3123 0.6056 0.2726 0.6773 0.4381 -0.5323 -0.2568 0.6032 -0.0653 0.7943 -0.0327 0.7139 0.0713 -0.6849 -0.1274 -0.6158 -0.3952 0.5978 -0.3276 0.9068 0.2335 0.2949 -0.1905
-0.7571 0.2231 0.609 0.0781 0.7891 -0.1482 -0.5707 0.1722 0.7574 0.1025 -0.6448 0.0025 -0.7173 -0.2988 0.478 -0.4095 -0.6793 0.3123 0.6056 0.2726 0.6773 0.4381 -0.5323 -0.2568 0.6032 -0.0653 0.7943 -0.0327 0.7139 0.0713 -0.6849 -0.1274 -0.6158 -0.3952 0.5978 -0.3276 0.9068 0.2335 0.2949 -0.1905
-0.7571 0.2231 0.609 0.0781 0.7891 -0.1482 -0.5707 0.1722 0.7574 0.1025 -0.6448 0.0025 -0.7173 -0.2988 0.478 -0.4095 -0.6793 0.3123 0.6056 0.2726 0.6773 0.4381 -0.5323 -0.2568 0.6032 -0.0653 0.7943 -0.0327 0.7139 0.0713 -0.6849 -0.1274 -0.6158 -0.3952 0.5978 -0.3276 0.9068 0.2335 0.2949 -0.1905
-0.7571 0.2231 0.609 0.0781 0.7891 -0.1482 -0.5707 0.1722 0.7574 0.1025 -0.6448 0.0025 -0.7173 -0.2988 0.478 -0.4095 -0.6793 0.3123 0.6056 0.2726 0.6773 0.4381 -0.5323 -0.2568 0.6032 -0.0653 0.7943 -0.0327 0.7139 0.0713 -0.6849 -0.1274 -0.6158 -0.3952 0.5978 -0.3276 0.9068 0.2335 0.2949 -0.1905
-0.7571 0.2231 0.609 0.0781 0.7891 -0.1482 -0.5707 0.1722 0.7574 0.1025 -0.6448 0.0025 -0.8036 -0.2807 0.5118 -0.1164 -0.7534 0.3548 0.5389 0.1269 0.6773 0.4381 -0.5323 -0.2568 0.6032 -0.0653 0.7943 -0.0327 0.7139 0.0713 -0.6849 -0.1274 -0.6158 -0.3952 0.5978 -0.3276 0.8986 0.2378 0.314 -0.1935
-0.7571 0.2231 0.609 0.0781 0.7891 -0.1482 -0.5707 0.1722 0.7574 0.1025 -0.6448 0.0025 -0.8036 -0.2807 0.5118 -0.1164 -0.7534 0.3548 0.5389 0.1269 0.6773 0.4381 -0.5323 -0.2568 0.6032 -0.0653 0.7943 -0.0327 0.7139 0.0713 -0.6849 -0.1274 -0.6158 -0.3952 0.5978 -0.3276 0.8986 0.2378 0.314 -0.1935
-0.7571 0.2231 0.609 0.0781 0.7891 -0.1482 -0.5707 0.1722 0.7574 0.1025 -0.6448 0.0025 -0.8036 -0.2807 0.5118 -0.1164 -0.7534 0.3548 0.5389 0.1269 0.6773 0.4381 -0.5323 -0.2568 0.6032 -0.0653 0.7943 -0.0327 0.7139 0.0713 -0.6849 -0.1274 -0.6158 -0.3952 0.5978 -0.3276 0.8986 0.2378 0.314 -0.1935
-0.7408 0.2158 0.6029 0.2029 0.7899 -0.1215 -0.6 -0.036 0.7512 0.0688 -0.6205 -0.2146 -0.8036 -0.2807 0.5118 -0.1164 -0.7534 0.3548 0.5389 0.1269 0.7075 0.288 -0.6432 -0.0519 0.8453 -0.0869 0.5158 -0.1085 0.6934 0.0243 -0.7186 -0.0475 -0.6035 -0.3722 0.6 -0.3704 0.8986 0.2378 0.314 -0.1935
-0.7408 0.2158 0.6029 0.2029 0.7899 -0.1215 -0.6 -0.036 0.7512 0.0688 -0.6205 -0.2146 -0.8036 -0.2807 0.5118 -0.1164 -0.7534 0.3548 0.5389 0.1269 0.7075 0.288 -0.6432 -0.0519 0.8453 -0.0869 0.5158 -0.1085 0.6934 0.0243 -0.7186 -0.0475 -0.6035 -0.3722 0.6 -0.3704 0.8986 0.2378 0.314 -0.1935
-0.7408 0.2158 0.6029 0.2029 0.7899 -0.1215 -0.6 -0.036 0.7512 0.0688 -0.6205 -0.2146 -0.8036 -0.2807 0.5118 -0.1164 -0.7534 0.3548 0.5389 0.1269 0.7075 0.288 -0.6432 -0.0519 0.8453 -0.0869 0.5158 -0.1085 0.6934 0.0243 -0.7186 -0.0475 -0.6035 -0.3722 0.6 -0.3704 0.8986 0.2378 0.314 -0.1935
-0.7408 0.2158 0.6029 0.2029 0.7899 -0.1215 -0.6 -0.036 0.7512 0.0688 -0.6205 -0.2146 -0.796 -0.3841 0.4575 0.0986 -0.7813 0.3068 0.5404 0.0582 0.7075 0.288 -0.6432 -0.0519 0.8453 -0.0869 0.5158 -0.1085 0.6934 0.0243 -0.7186 -0.0475 -0.6035 -0.3722 0.6 -0.3704 0.889 0.2466 0.3369 -0.1879
-0.7408 0.2158 0.6029 0.2029 0.7899 -0.1215 -0.6 -0.036 0.7512 0.0688 -0.6205 -0.2146 -0.796 -0.3841 0.4575 0.0986 -0.7813 0.3068 0.5404 0.0582 0.7075 0.288 -0.6432 -0.0519 0.8453 -0.0869 0.5158 -0.1085 0.6934 0.0243 -0.7186 -0.0475 -0.6035 -0.3722 0.6 -0.3704 0.889 0.2466 0.3369 -0.1879
-0.7408 0.2158 0.6029 0.2029 0.7899 -0.1215 -0.6 -0.036 0.7512 0.0688 -0.6205 -0.2146 -0.796 -0.3841 0.4575 0.0986 -0.7813 0.3068 0.5404 0.0582 0.7075 0.288 -0.6432 -0.0519 0.8453 -0.0869 0.5158 -0.1085 0.6934 0.0243 -0.7186 -0.0475 -0.6035 -0.3722 0.6 -0.3704 0.889 0.2466 0.3369 -0.1879
-0.7408 0.2158 0.6029 0.2029 0.7899 -0.1215 -0.6 -0.036 0.7512 0.0688 -0.6205 -0.2146 -0.796 -0.3841 0.4575 0.0986 -0.7813 0.3068 0.5404 0.0582 0.7075 0.288 -0.6432 -0.0519 0.8453 -0.0869 0.5158 -0.1085 0.6934 0.0243 -0.7186 -0.0475 -0.6035 -0.3722 0.6 -0.3704 0.889 0.2466 0.3369 -0.1879
-0.7294 0.2052 0.5865 0.2861 0.7793 -0.0931 -0.5964 -0.1682 0.7533 0.1198 -0.5726 -0.3005 -0.796 -0.3841 0.4575 0.0986 -0.7813 0.3068 0.5404 0.0582 0.6796 0.0564 -0.7012 0.2081 0.973 -0.0655 0.1838 -0.1236 0.6586 -0.0215 -0.7514 0.0339 -0.5901 -0.3463 0.5922 -0.4256 0.889 0.2466 0.3369 -0.1879
-0.7294 0.2052 0.5865 0.2861 0.7793 -0.0931 -0.5964 -0.1682 0.7533 0.1198 -0.5726 -0.3005 -0.796 -0.3841 0.4575 0.0986 -0.7813 0.3068 0.5404 0.0582 0.6796 0.0564 -0.7012 0.2081 0.973 -0.0655 0.1838 -0.1236 0.6586 -0.0215 -0.7514 0.0339 -0.5901 -0.3463 0.5922 -0.4256 0.889 0.2466 0.3369 -0.1879
-0.7294 0.2052 0.5865 0.2861 0.7793 -0.0931 -0.5964 -0.1682 0.7533 0.1198 -0.5726 -0.3005 -0.796 -0.3841 0.4575 0.0986 -0.7813 0.3068 0.5404 0.0582 0.6796 0.0564 -0.7012 0.2081 0.973 -0.0655 0.1838 -0.1236 0.6586 -0.0215 -0.7514 0.0339 -0.5901 -0.3463 0.5922 -0.4256 0.889 0.2466 0.3369 -0.1879
-0.7294 0.2052 0.5865 0.2861 0.7793 -0.0931 -0.5964 -0.1682 0.7533 0.1198 -0.5726 -0.3005 -0.7574 -0.4603 0.4129 0.2095 -0.7626 0.2724 0.5861 0.0274 0.6796 0.0564 -0.7012 0.2081 0.973 -0.0655 0.1838 -0.1236 0.6586 -0.0215 -0.7514 0.0339 -0.5901 -0.3463 0.5922 -0.4256 0.889 0.2466 0.3369 -0.1879
-0.7294 0.2052 0.5865 0.2861 0.7793 -0.0931 -0.5964 -0.1682 0.7533 0.1198 -0.5726 -0.3005 -0.7574 -0.4603 0.4129 0.2095 -0.7626 0.2724 0.5861 0.0274 0.6796 0.0564 -0.7012 0.2081 0.973 -0.0655 0.1838 -0.1236 0.6586 -0.0215 -0.7514 0.0339 -0.5712 -0.2371 0.5879 -0.5214 0.8353 0.2352 0.4516 -0.2076
-0.7294 0.2052 0.5865 0.2861 0.7793 -0.0931 -0.5964 -0.1682 0.7533 0.1198 -0.5726 -0.3005 -0.7574 -0.4603 0.4129 0.2095 -0.7626 0.2724 0.5861 0.0274 0.6796 0.0564 -0.7012 0.2081 0.973 -0.0655 0.1838 -0.1236 0.6586 -0.0215 -0.7514 0.0339 -0.5712 -0.2371 0.5879 -0.5214 0.8353 0.2352 0.4516 -0.2076
-0.7294 0.2052 0.5865 0.2861 0.7704 -0.0909 -0.5994 -0.197 0.7482 0.1516 -0.5809 -0.2825 -0.7574 -0.4603 0.4129 0.2095 -0.7626 0.2724 0.5861 0.0274 0.6793 0.1114 -0.7004 0.1889 0.973 -0.0655 0.1838 -0.1236 0.6636 -0.0294 -0.7437 0.0753 -0.5712 -0.2371 0.5879 -0.5214 0.8353 0.2352 0.4516 -0.2076
-0.7294 0.2052 0.5865 0.2861 0.7704 -0.0909 -0.5994 -0.197 0.7482 0.1516 -0.5809 -0.2825 -0.7574 -0.4603 0.4129 0.2095 -0.7626 0.2724 0.5861 0.0274 0.6793 0.1114 -0.7004 0.1889 0.9448 -0.1096 0.2985 -0.0795 0.6636 -0.0294 -0.7437 0.0753 -0.5712 -0.2371 0.5879 -0.5214 0.8353 0.2352 0.4516 -0.2076
-0.7294 0.2052 0.5865 0.2861 0.7704 -0.0909 -0.5994 -0.197 0.7482 0.1516 -0.5809 -0.2825 -0.7574 -0.4603 0.4129 0.2095 -0.7626 0.2724 0.5861 0.0274 0.6793 0.1114 -0.7004 0.1889 0.9448 -0.1096 0.2985 -0.0795 0.6636 -0.0294 -0.7437 0.0753 -0.5712 -0.2371 0.5879 -0.5214 0.8353 0.2352 0.4516 -0.2076
-0.7294 0.2052 0.5865 0.2861 0.7704 -0.0909 -0.5994 -0.197 0.7482 0.1516 -0.5809 -0.2825 -0.7574 -0.4603 0.4129 0.2095 -0.7626 0.2724 0.5861 0.0274 0.6793 0.1114 -0.7004 0.1889 0.9448 -0.1096 0.2985 -0.0795 0.6636 -0.0294 -0.7437 0.0753 -0.5712 -0.2371 0.5879 -0.5214 0.8353 0.2352 0.4516 -0.2076
-0.7294 0.2052 0.5865 0.2861 0.7704 -0.0909 -0.5994 -0.197 0.7482 0.1516 -0.5809 -0.2825 -0.7347 -0.5045 0.4352 0.1273 -0.7375 0.2595 0.621 0.0557 0.6793 0.1114 -0.7004 0.1889 0.9448 -0.1096 0.2985 -0.0795 0.6636 -0.0294 -0.7437 0.0753 -0.5712 -0.2371 0.5879 -0.5214 0.5383 0.175 0.7988 -0.2039
-0.7294 0.2052 0.5865 0.2861 0.7704 -0.0909 -0.5994 -0.197 0.7482 0.1516 -0.5809 -0.2825 -0.7347 -0.5045 0.4352 0.1273 -0.7375 0.2595 0.621 0.0557 0.6793 0.1114 -0.7004 0.1889 0.9448 -0.1096 0.2985 -0.0795 0.6636 -0.0294 -0.7437 0.0753 -0.5712 -0.2371 0.5879 -0.5214 0.5383 0.175 0.7988 -0.2039
-0.7294 0.2052 0.5865 0.2861 0.7704 -0.0909 -0.5994 -0.197 0.7482 0.1516 -0.5809 -0.2825 -0.7347 -0.5045 0.4352 0.1273 -0.7375 0.2595 0.621 0.0557 0.6793 0.1114 -0.7004 0.1889 0.9448 -0.1096 0.2985 -0.0795 0.6636 -0.0294 -0.7437 0.0753 -0.5712 -0.2371 0.5879 -0.5214 0.5383 0.175 0.7988 -0.2039
-0.7294 0.2052 0.5865 0.2861 0.7704 -0.0909 -0.5994 -0.197 0.7482 0.1516 -0.5809 -0.2825 -0.7347 -0.5045 0.4352 0.1273 -0.7375 0.2595 0.621 0.0557 0.6793 0.1114 -0.7004 0.1889 0.9448 -0.1096 0.2985 -0.0795 0.6636 -0.0294 -0.7437 0.0753 -0.5712 -0.2371 0.5879 -0.5214 0.5383 0.175 0.7988 -0.2039
-0.7382 0.1887 0.6274 0.1609 0.78 -0.108 -0.6123 -0.0708 0.7367 0.1786 -0.6328 -0.158 -0.7347 -0.5045 0.4352 0.1273 -0.7375 0.2595 0.621 0.0557 0.6733 0.2365 -0.6845 0.1489 0.9156 -0.1177 0.3792 -0.0625 0.7256 0.0768 -0.6826 0.0393 -0.515 -0.126 0.5057 -0.6805 0.5383 0.175 0.7988 -0.2039
-0.7382 0.1887 0.6274 0.1609 0.78 -0.108 -0.6123 -0.0708 0.7367 0.1786 -0.6328 -0.158 -0.7347 -0.5045 0.4352 0.1273 -0.7375 0.2595 0.621 0.0557 0.6733 0.2365 -0.6845 0.1489 0.9156 -0.1177 0.3792 -0.0625 0.7256 0.0768 -0.6826 0.0393 -0.515 -0.126 0.5057 -0.6805 0.5383 0.175 0.7988 -0.2039
-0.7382 0.1887 0.6274 0.1609 0.78 -0.108 -0.6123 -0.0708 0.7367 0.1786 -0.6328 -0.158 -0.7347 -0.5045 0.4352 0.1273 -0.7375 0.2595 0.621 0.0557 0.6733 0.2365 -0.6845 0.1489 0.9156 -0.1177 0.3792 -0.0625 0.7256 0.0768 -0.6826 0.0393 -0.515 -0.126 0.5057 -0.6805 0.5383 0.175 0.7988 -0.2039
-0.7382 0.1887 0.6274 0.1609 0.78 -0.108 -0.6123 -0.0708 0.7367 0.1786 -0.6328 -0.158 -0.7498 -0.4229 0.4972 -0.1087 -0.6865 0.2457 0.6712 0.1334 0.6733 0.2365 -0.6845 0.1489 0.9156 -0.1177 0.3792 -0.0625 0.7256 0.0768 -0.6826 0.0393 -0.515 -0.126 0.5057 -0.6805 0.6679 0.2231 0.6837 -0.1913
-0.7382 0.1887 0.6274 0.1609 0.78 -0.108 -0.6123 -0.0708 0.7367 0.1786 -0.6328 -0.158 -0.7498 -0.4229 0.4972 -0.1087 -0.6865 0.2457 0.6712 0.1334 0.6733 0.2365 -0.6845 0.1489 0.9156 -0.1177 0.3792 -0.0625 0.7256 0.0768 -0.6826 0.0393 -0.515 -0.126 0.5057 -0.6805 0.6679 0.2231 0.6837 -0.1913
-0.7382 0.1887 0.6274 0.1609 0.78 -0.108 -0.6123 -0.0708 0.7367 0.1786 -0.6328 -0.158 -0.7498 -0.4229 0.4972 -0.1087 -0.6865 0.2457 0.6712 0.1334 0.6733 0.2365 -0.6845 0.1489 0.9156 -0.1177 0.3792 -0.0625 0.7256 0.0768 -0.6826 0.0393 -0.515 -0.126 0.5057 -0.6805 0.6679 0.2231 0.6837 -0.1913
-0.7382 0.1887 0.6274 0.1609 0.7962 -0.1022 -0.5814 0.1323 0.7393 0.1872 -0.6447 -0.0526 -0.7498 -0.4229 0.4972 -0.1087 -0.6865 0.2457 0.6712 0.1334 0.6768 0.2567 -0.6834 0.0952 0.9156 -0.1177 0.3792 -0.0625 0.7256 0.0768 -0.6826 0.0393 -0.515 -0.126 0.5057 -0.6805 0.6679 0.2231 0.6837 -0.1913
-0.7701 0.1413 0.622 -0.0082 0.7962 -0.1022 -0.5814 0.1323 0.7393 0.1872 -0.6447 -0.0526 -0.7498 -0.4229 0.4972 -0.1087 -0.6865 0.2457 0.6712 0.1334 0.6768 0.2567 -0.6834 0.0952 0.9156 -0.1177 0.3792 -0.0625 0.7256 0.0768 -0.6826 0.0393 -0.515 -0.126 0.5057 -0.6805 0.6679 0.2231 0.6837 -0.1913
-0.7701 0.1413 0.622 -0.0082 0.7962 -0.1022 -0.5814 0.1323 0.7393 0.1872 -0.6447 -0.0526 -0.7498 -0.4229 0.4972 -0.1087 -0.6865 0.2457 0.6712 0.1334 0.6768 0.2567 -0.6834 0.0952 0.9156 -0.1177 0.3792 -0.0625 0.7256 0.0768 -0.6826 0.0393 -0.515 -0.126 0.5057 -0.6805 0.6679 0.2231 0.6837 -0.1913
-0.7701 0.1413 0.622 -0.0082 0.7962 -0.1022 -0.5814 0.1323 0.7393 0.1872 -0.6447 -0.0526 -0.7498 -0.4229 0.4972 -0.1087 -0.6865 0.2457 0.6712 0.1334 0.6768 0.2567 -0.6834 0.0952 0.9156 -0.1177 0.3792 -0.0625 0.7256 0.0768 -0.6826 0.0393 -0.515 -0.126 0.5057 -0.6805 0.6679 0.2231 0.6837 -0.1913
-0.7701 0.1413 0.622 -0.0082 0.7962 -0.1022 -0.5814 0.1323 0.7393 0.1872 -0.6447 -0.0526 -0.7355 -0.3496 0.4756 -0.3326 -0.6373 0.2159 0.7136 0.1947 0.6768 0.2567 -0.6834 0.0952 0.9156 -0.1177 0.3792 -0.0625 0.7256 0.0768 -0.6826 0.0393 -0.515 -0.126 0.5057 -0.6805 0.902 0.2119 0.3554 -0.1232
-0.7701 0.1413 0.622 -0.0082 0.7962 -0.1022 -0.5814 0.1323 0.7393 0.1872 -0.6447 -0.0526 -0.7355 -0.3496 0.4756 -0.3326 -0.6373 0.2159 0.7136 0.1947 0.6768 0.2567 -0.6834 0.0952 0.9156 -0.1177 0.3792 -0.0625 0.7256 0.0768 -0.6826 0.0393 -0.5913 -0.429 0.5312 -0.4291 0.902 0.2119 0.3554 -0.1232
