rt-uaw rt-uax rt-uay rt-uaz rt-faw rt-fax rt-fay rt-faz rt-thw rt-thx rt-thy rt-thz rt-llw rt-llx rt-lly rt-llz rt-ftw rt-ftx rt-fty rt-ftz lt-uaw lt-uax lt-uay lt-uaz lt-faw lt-fax lt-fay lt-faz lt-thw lt-thx lt-thy lt-thz lt-llw lt-llx lt-lly lt-llz lt-ftw lt-ftx lt-fty lt-ftz 
-0.7498 0.0942 0.6521 0.0606 0.7499 -0.0052 -0.6414 0.1619 0.7454 0.1505 -0.6493 0.0123 -0.7762 -0.1833 0.6033 -0.0011 -0.5865 0.2933 0.6735 0.3412 0.7346 0.2312 -0.6376 0.0187 0.9036 -0.07 0.434 -0.1216 0.6707 -0.0171 -0.7413 0.0195 -0.6536 -0.3377 0.5978 -0.3184 0.9019 0.217 0.3265 -0.1813
-0.7543 0.0915 0.6445 0.0854 0.7499 -0.0052 -0.6414 0.1619 0.7509 0.1429 -0.6443 0.0221 -0.7762 -0.1833 0.6033 -0.0011 -0.5865 0.2933 0.6735 0.3412 0.7346 0.2312 -0.6376 0.0187 0.8899 -0.07 0.434 -0.1216 0.6707 -0.0171 -0.7413 0.0195 -0.6536 -0.3377 0.5978 -0.3184 0.9019 0.217 0.3265 -0.1813
-0.7543 0.0915 0.6445 0.0854 0.7499 -0.0052 -0.6414 0.1619 0.7509 0.1429 -0.6443 0.0221 -0.7762 -0.1833 0.6033 -0.0011 -0.6436 0.3087 0.6365 0.2922 0.7346 0.2312 -0.6376 0.0187 0.8899 -0.07 0.434 -0.1216 0.6707 -0.0171 -0.7413 0.0195 -0.6536 -0.3377 0.5978 -0.3184 0.9044 0.2101 0.3204 -0.1876
-0.7543 0.0915 0.6445 0.0854 0.7499 -0.0052 -0.6414 0.1619 0.7509 0.1429 -0.6443 0.0221 -0.7762 -0.1833 0.6033 -0.0011 -0.6436 0.3087 0.6365 0.2922 0.7398 0.3088 -0.594 -0.067 0.8899 -0.07 0.434 -0.1216 0.6707 -0.0171 -0.7413 0.0195 -0.6536 -0.3377 0.5978 -0.3184 0.9044 0.2101 0.3204 -0.1876
-0.7543 0.0915 0.6445 0.0854 0.7499 -0.0052 -0.6414 0.1619 0.7509 0.1429 -0.6443 0.0221 -0.7762 -0.1833 0.6033 -0.0011 -0.6436 0.3087 0.6365 0.2922 0.7398 0.3088 -0.594 -0.067 0.8899 -0.07 0.434 -0.1216 0.6707 -0.0171 -0.7413 0.0195 -0.6536 -0.3377 0.5978 -0.3184 0.9044 0.2101 0.3204 -0.1876
-0.7543 0.0915 0.6445 0.0854 0.7499 -0.0052 -0.6414 0.1619 0.7509 0.1429 -0.6443 0.0221 -0.7804 -0.1609 0.6035 -0.0298 -0.6436 0.3087 0.6365 0.2922 0.7398 0.3088 -0.594 -0.067 0.8899 -0.07 0.434 -0.1216 0.6623 -0.0313 -0.7475 0.0411 -0.6536 -0.3377 0.5978 -0.3184 0.9044 0.2101 0.3204 -0.1876
-0.7543 0.0915 0.6445 0.0854 0.7499 -0.0052 -0.6414 0.1619 0.7509 0.1429 -0.6443 0.0221 -0.7804 -0.1609 0.6035 -0.0298 -0.6436 0.3087 0.6365 0.2922 0.7398 0.3088 -0.594 -0.067 0.8899 -0.07 0.434 -0.1216 0.6623 -0.0313 -0.7475 0.0411 -0.6536 -0.3377 0.5978 -0.3184 0.9044 0.2101 0.3204 -0.1876
-0.7543 0.0915 0.6445 0.0854 0.7499 -0.0052 -0.6414 0.1619 0.7509 0.1429 -0.6443 0.0221 -0.7804 -0.1609 0.6035 -0.0298 -0.6436 0.3087 0.6365 0.2922 0.7398 0.3088 -0.594 -0.067 0.8899 -0.07 0.434 -0.1216 0.6623 -0.0313 -0.7475 0.0411 -0.6536 -0.3377 0.5978 -0.3184 0.9044 0.2101 0.3204 -0.1876
-0.7526 0.0877 0.6409 0.123 0.7499 -0.0052 -0.6414 0.1619 0.7575 0.1078 -0.6437 0.0136 -0.7804 -0.1609 0.6035 -0.0298 -0.6436 0.3087 0.6365 0.2922 0.7398 0.3088 -0.594 -0.067 0.8053 -0.08 0.5764 -0.1135 0.6623 -0.0313 -0.7475 0.0411 -0.6536 -0.3377 0.5978 -0.3184 0.9044 0.2101 0.3204 -0.1876
-0.7526 0.0877 0.6409 0.123 0.7499 -0.0052 -0.6414 0.1619 0.7575 0.1078 -0.6437 0.0136 -0.7804 -0.1609 0.6035 -0.0298 -0.7162 0.3668 0.5495 0.2247 0.7398 0.3088 -0.594 -0.067 0.8053 -0.08 0.5764 -0.1135 0.6623 -0.0313 -0.7475 0.0411 -0.6536 -0.3377 0.5978 -0.3184 0.904 0.2078 0.322 -0.1896
-0.7526 0.0877 0.6409 0.123 0.7499 -0.0052 -0.6414 0.1619 0.7575 0.1078 -0.6437 0.0136 -0.7804 -0.1609 0.6035 -0.0298 -0.7162 0.3668 0.5495 0.2247 0.7217 0.3448 -0.5926 -0.0947 0.8053 -0.08 0.5764 -0.1135 0.6623 -0.0313 -0.7475 0.0411 -0.6536 -0.3377 0.5978 -0.3184 0.904 0.2078 0.322 -0.1896
-0.7526 0.0877 0.6409 0.123 0.7499 -0.0052 -0.6414 0.1619 0.7575 0.1078 -0.6437 0.0136 -0.7872 -0.1252 0.6033 -0.0261 -0.7162 0.3668 0.5495 0.2247 0.7217 0.3448 -0.5926 -0.0947 0.8053 -0.08 0.5764 -0.1135 0.6623 -0.0313 -0.7475 0.0411 -0.6536 -0.3377 0.5978 -0.3184 0.904 0.2078 0.322 -0.1896
-0.7526 0.0877 0.6409 0.123 0.7499 -0.0052 -0.6414 0.1619 0.7575 0.1078 -0.6437 0.0136 -0.7872 -0.1252 0.6033 -0.0261 -0.7162 0.3668 0.5495 0.2247 0.7217 0.3448 -0.5926 -0.0947 0.8053 -0.08 0.5764 -0.1135 0.6623 -0.0313 -0.7475 0.0411 -0.6536 -0.3377 0.5978 -0.3184 0.904 0.2078 0.322 -0.1896
-0.7526 0.0877 0.6409 0.123 0.7499 -0.0052 -0.6414 0.1619 0.7575 0.1078 -0.6437 0.0136 -0.7872 -0.1252 0.6033 -0.0261 -0.7162 0.3668 0.5495 0.2247 0.7217 0.3448 -0.5926 -0.0947 0.8053 -0.08 0.5764 -0.1135 0.6623 -0.0313 -0.7475 0.0411 -0.6536 -0.3377 0.5978 -0.3184 0.904 0.2078 0.322 -0.1896
-0.7526 0.0877 0.6409 0.123 0.7499 -0.0052 -0.6414 0.1619 0.7575 0.1078 -0.6437 0.0136 -0.7872 -0.1252 0.6033 -0.0261 -0.7162 0.3668 0.5495 0.2247 0.7217 0.3448 -0.5926 -0.0947 0.8053 -0.08 0.5764 -0.1135 0.6623 -0.0313 -0.7475 0.0411 -0.6536 -0.3377 0.5978 -0.3184 0.904 0.2078 0.322 -0.1896
-0.7408 0.0885 0.6345 0.2021 0.7499 -0.0052 -0.6414 0.1619 0.7583 0.0953 -0.6448 0.0114 -0.7872 -0.1252 0.6033 -0.0261 -0.7162 0.3668 0.5495 0.2247 0.7217 0.3448 -0.5926 -0.0947 0.8817 -0.0635 0.4482 -0.1326 0.6623 -0.0313 -0.7475 0.0411 -0.6536 -0.3377 0.5978 -0.3184 0.904 0.2078 0.322 -0.1896
-0.7408 0.0885 0.6345 0.2021 0.7499 -0.0052 -0.6414 0.1619 0.7583 0.0953 -0.6448 0.0114 -0.7872 -0.1252 0.6033 -0.0261 -0.7687 0.351 0.5104 0.1589 0.7217 0.3448 -0.5926 -0.0947 0.8817 -0.0635 0.4482 -0.1326 0.6623 -0.0313 -0.7475 0.0411 -0.6536 -0.3377 0.5978 -0.3184 0.896 0.2161 0.3408 -0.1854
-0.7408 0.0885 0.6345 0.2021 0.7499 -0.0052 -0.6414 0.1619 0.7583 0.0953 -0.6448 0.0114 -0.7872 -0.1252 0.6033 -0.0261 -0.7687 0.351 0.5104 0.1589 0.7244 0.2106 -0.6544 0.0509 0.8817 -0.0635 0.4482 -0.1326 0.6623 -0.0313 -0.7475 0.0411 -0.6536 -0.3377 0.5978 -0.3184 0.896 0.2161 0.3408 -0.1854
-0.7408 0.0885 0.6345 0.2021 0.7499 -0.0052 -0.6414 0.1619 0.7583 0.0953 -0.6448 0.0114 -0.7872 -0.1252 0.6033 -0.0261 -0.7687 0.351 0.5104 0.1589 0.7244 0.2106 -0.6544 0.0509 0.8817 -0.0635 0.4482 -0.1326 0.6623 -0.0313 -0.7475 0.0411 -0.6536 -0.3377 0.5978 -0.3184 0.896 0.2161 0.3408 -0.1854
-0.7408 0.0885 0.6345 0.2021 0.7499 -0.0052 -0.6414 0.1619 0.7583 0.0953 -0.6448 0.0114 -0.7872 -0.1252 0.6033 -0.0261 -0.7687 0.351 0.5104 0.1589 0.7244 0.2106 -0.6544 0.0509 0.8817 -0.0635 0.4482 -0.1326 0.6403 -0.0585 -0.7596 0.0983 -0.6196 -0.2662 0.6254 -0.3925 0.896 0.2161 0.3408 -0.1854
-0.7408 0.0885 0.6345 0.2021 0.7499 -0.0052 -0.6414 0.1619 0.7583 0.0953 -0.6448 0.0114 -0.7872 -0.1252 0.6033 -0.0261 -0.7687 0.351 0.5104 0.1589 0.7244 0.2106 -0.6544 0.0509 0.8817 -0.0635 0.4482 -0.1326 0.6403 -0.0585 -0.7596 0.0983 -0.6196 -0.2662 0.6254 -0.3925 0.896 0.2161 0.3408 -0.1854
-0.7408 0.0885 0.6345 0.2021 0.7499 -0.0052 -0.6414 0.1619 0.7583 0.0953 -0.6448 0.0114 -0.7872 -0.1252 0.6033 -0.0261 -0.7687 0.351 0.5104 0.1589 0.7244 0.2106 -0.6544 0.0509 0.8817 -0.0635 0.4482 -0.1326 0.6403 -0.0585 -0.7596 0.0983 -0.6196 -0.2662 0.6254 -0.3925 0.896 0.2161 0.3408 -0.1854
-0.7283 0.0801 0.6333 0.2493 0.7499 -0.0052 -0.6414 0.1619 0.7603 0.0731 -0.6454 0.0096 -0.7872 -0.1252 0.6033 -0.0261 -0.7687 0.351 0.5104 0.1589 0.7244 0.2106 -0.6544 0.0509 0.956 -0.0737 0.2607 -0.1127 0.6403 -0.0585 -0.7596 0.0983 -0.6196 -0.2662 0.6254 -0.3925 0.896 0.2161 0.3408 -0.1854
-0.7283 0.0801 0.6333 0.2493 0.7499 -0.0052 -0.6414 0.1619 0.7603 0.0731 -0.6454 0.0096 -0.7872 -0.1252 0.6033 -0.0261 -0.7604 0.3586 0.517 0.1608 0.7244 0.2106 -0.6544 0.0509 0.956 -0.0737 0.2607 -0.1127 0.6403 -0.0585 -0.7596 0.0983 -0.6196 -0.2662 0.6254 -0.3925 0.8749 0.2234 0.3894 -0.1818
-0.7283 0.0801 0.6333 0.2493 0.7499 -0.0052 -0.6414 0.1619 0.7603 0.0731 -0.6454 0.0096 -0.7872 -0.1252 0.6033 -0.0261 -0.7604 0.3586 0.517 0.1608 0.7046 0.0908 -0.6831 0.1693 0.956 -0.0737 0.2607 -0.1127 0.6403 -0.0585 -0.7596 0.0983 -0.6196 -0.2662 0.6254 -0.3925 0.8749 0.2234 0.3894 -0.1818
-0.7283 0.0801 0.6333 0.2493 0.729 0.0355 -0.6808 -0.0609 0.7603 0.0731 -0.6454 0.0096 -0.7872 -0.1252 0.6033 -0.0261 -0.7604 0.3586 0.517 0.1608 0.7046 0.0908 -0.6831 0.1693 0.956 -0.0737 0.2607 -0.1127 0.6403 -0.0585 -0.7596 0.0983 -0.6196 -0.2662 0.6254 -0.3925 0.8749 0.2234 0.3894 -0.1818
-0.7283 0.0801 0.6333 0.2493 0.729 0.0355 -0.6808 -0.0609 0.7603 0.0731 -0.6454 0.0096 -0.7872 -0.1252 0.6033 -0.0261 -0.7604 0.3586 0.517 0.1608 0.7046 0.0908 -0.6831 0.1693 0.956 -0.0737 0.2607 -0.1127 0.6403 -0.0585 -0.7596 0.0983 -0.612 -0.2199 0.6108 -0.4517 0.8749 0.2234 0.3894 -0.1818
-0.7283 0.0801 0.6333 0.2493 0.729 0.0355 -0.6808 -0.0609 0.7603 0.0731 -0.6454 0.0096 -0.7872 -0.1252 0.6033 -0.0261 -0.7604 0.3586 0.517 0.1608 0.7046 0.0908 -0.6831 0.1693 0.956 -0.0737 0.2607 -0.1127 0.6403 -0.0585 -0.7596 0.0983 -0.612 -0.2199 0.6108 -0.4517 0.8749 0.2234 0.3894 -0.1818
-0.7283 0.0801 0.6333 0.2493 0.729 0.0355 -0.6808 -0.0609 0.7603 0.0731 -0.6454 0.0096 -0.7872 -0.1252 0.6033 -0.0261 -0.7604 0.3586 0.517 0.1608 0.7046 0.0908 -0.6831 0.1693 0.956 -0.0737 0.2607 -0.1127 0.6403 -0.0585 -0.7596 0.0983 -0.612 -0.2199 0.6108 -0.4517 0.8749 0.2234 0.3894 -0.1818
-0.7227 0.0858 0.6358 0.2571 0.729 0.0355 -0.6808 -0.0609 0.7615 0.0848 -0.6418 0.0322 -0.7872 -0.1252 0.6033 -0.0261 -0.7604 0.3586 0.517 0.1608 0.7046 0.0908 -0.6831 0.1693 0.9442 -0.0679 0.3035 -0.1089 0.6403 -0.0585 -0.7596 0.0983 -0.612 -0.2199 0.6108 -0.4517 0.8749 0.2234 0.3894 -0.1818
-0.7227 0.0858 0.6358 0.2571 0.729 0.0355 -0.6808 -0.0609 0.7615 0.0848 -0.6418 0.0322 -0.7872 -0.1252 0.6033 -0.0261 -0.726 0.3698 0.5542 0.1702 0.7046 0.0908 -0.6831 0.1693 0.9442 -0.0679 0.3035 -0.1089 0.6403 -0.0585 -0.7596 0.0983 -0.612 -0.2199 0.6108 -0.4517 0.7679 0.2266 0.5625 -0.2064
-0.7227 0.0858 0.6358 0.2571 0.729 0.0355 -0.6808 -0.0609 0.7615 0.0848 -0.6418 0.0322 -0.7872 -0.1252 0.6033 -0.0261 -0.726 0.3698 0.5542 0.1702 0.7 0.1757 -0.6753 0.1519 0.9442 -0.0679 0.3035 -0.1089 0.6403 -0.0585 -0.7596 0.0983 -0.612 -0.2199 0.6108 -0.4517 0.7679 0.2266 0.5625 -0.2064
-0.7227 0.0858 0.6358 0.2571 0.729 0.0355 -0.6808 -0.0609 0.7615 0.0848 -0.6418 0.0322 -0.7872 -0.1252 0.6033 -0.0261 -0.726 0.3698 0.5542 0.1702 0.7 0.1757 -0.6753 0.1519 0.9442 -0.0679 0.3035 -0.1089 0.6403 -0.0585 -0.7596 0.0983 -0.612 -0.2199 0.6108 -0.4517 0.7679 0.2266 0.5625 -0.2064
-0.7227 0.0858 0.6358 0.2571 0.729 0.0355 -0.6808 -0.0609 0.7615 0.0848 -0.6418 0.0322 -0.7872 -0.1252 0.6033 -0.0261 -0.726 0.3698 0.5542 0.1702 0.7 0.1757 -0.6753 0.1519 0.9442 -0.0679 0.3035 -0.1089 0.6636 -0.0437 -0.7377 0.1164 -0.612 -0.2199 0.6108 -0.4517 0.7679 0.2266 0.5625 -0.2064
-0.7227 0.0858 0.6358 0.2571 0.729 0.0355 -0.6808 -0.0609 0.7615 0.0848 -0.6418 0.0322 -0.7872 -0.1252 0.6033 -0.0261 -0.726 0.3698 0.5542 0.1702 0.7 0.1757 -0.6753 0.1519 0.9442 -0.0679 0.3035 -0.1089 0.6636 -0.0437 -0.7377 0.1164 -0.612 -0.2199 0.6108 -0.4517 0.7679 0.2266 0.5625 -0.2064
-0.7227 0.0858 0.6358 0.2571 0.729 0.0355 -0.6808 -0.0609 0.7615 0.0848 -0.6418 0.0322 -0.7872 -0.1252 0.6033 -0.0261 -0.726 0.3698 0.5542 0.1702 0.7 0.1757 -0.6753 0.1519 0.9172 -0.0764 0.378 -0.1003 0.6636 -0.0437 -0.7377 0.1164 -0.612 -0.2199 0.6108 -0.4517 0.7679 0.2266 0.5625 -0.2064
-0.731 0.0867 0.6479 0.1958 0.729 0.0355 -0.6808 -0.0609 0.7646 0.1206 -0.6281 0.0801 -0.7872 -0.1252 0.6033 -0.0261 -0.726 0.3698 0.5542 0.1702 0.7 0.1757 -0.6753 0.1519 0.9172 -0.0764 0.378 -0.1003 0.6636 -0.0437 -0.7377 0.1164 -0.612 -0.2199 0.6108 -0.4517 0.7679 0.2266 0.5625 -0.2064
-0.731 0.0867 0.6479 0.1958 0.729 0.0355 -0.6808 -0.0609 0.7646 0.1206 -0.6281 0.0801 -0.7872 -0.1252 0.6033 -0.0261 -0.6719 0.3687 0.6011 0.2265 0.7 0.1757 -0.6753 0.1519 0.9172 -0.0764 0.378 -0.1003 0.6636 -0.0437 -0.7377 0.1164 -0.612 -0.2199 0.6108 -0.4517 0.4849 0.1965 0.8353 -0.1692
-0.731 0.0867 0.6479 0.1958 0.729 0.0355 -0.6808 -0.0609 0.7646 0.1206 -0.6281 0.0801 -0.7872 -0.1252 0.6033 -0.0261 -0.6719 0.3687 0.6011 0.2265 0.6938 0.2161 -0.6821 0.0815 0.9172 -0.0764 0.378 -0.1003 0.6636 -0.0437 -0.7377 0.1164 -0.612 -0.2199 0.6108 -0.4517 0.4849 0.1965 0.8353 -0.1692
-0.731 0.0867 0.6479 0.1958 0.7555 -0.0012 -0.6527 0.0566 0.7646 0.1206 -0.6281 0.0801 -0.7924 -0.1433 0.5781 -0.1316 -0.6719 0.3687 0.6011 0.2265 0.6938 0.2161 -0.6821 0.0815 0.9172 -0.0764 0.378 -0.1003 0.7247 0.0876 -0.6834 0.0112 -0.612 -0.2199 0.6108 -0.4517 0.4849 0.1965 0.8353 -0.1692
-0.731 0.0867 0.6479 0.1958 0.7555 -0.0012 -0.6527 0.0566 0.7646 0.1206 -0.6281 0.0801 -0.7924 -0.1433 0.5781 -0.1316 -0.6719 0.3687 0.6011 0.2265 0.6938 0.2161 -0.6821 0.0815 0.9172 -0.0764 0.378 -0.1003 0.7247 0.0876 -0.6834 0.0112 -0.612 -0.2199 0.6108 -0.4517 0.4849 0.1965 0.8353 -0.1692
-0.731 0.0867 0.6479 0.1958 0.7555 -0.0012 -0.6527 0.0566 0.7646 0.1206 -0.6281 0.0801 -0.7924 -0.1433 0.5781 -0.1316 -0.6719 0.3687 0.6011 0.2265 0.6938 0.2161 -0.6821 0.0815 0.9172 -0.0764 0.378 -0.1003 0.7247 0.0876 -0.6834 0.0112 -0.612 -0.2199 0.6108 -0.4517 0.4849 0.1965 0.8353 -0.1692
-0.731 0.0867 0.6479 0.1958 0.7555 -0.0012 -0.6527 0.0566 0.7646 0.1206 -0.6281 0.0801 -0.7924 -0.1433 0.5781 -0.1316 -0.6719 0.3687 0.6011 0.2265 0.6938 0.2161 -0.6821 0.0815 0.9172 -0.0764 0.378 -0.1003 0.7247 0.0876 -0.6834 0.0112 -0.612 -0.2199 0.6108 -0.4517 0.4849 0.1965 0.8353 -0.1692
-0.731 0.0867 0.6479 0.1958 0.7555 -0.0012 -0.6527 0.0566 0.7646 0.1206 -0.6281 0.0801 -0.7924 -0.1433 0.5781 -0.1316 -0.6719 0.3687 0.6011 0.2265 0.6938 0.2161 -0.6821 0.0815 0.9172 -0.0764 0.378 -0.1003 0.7247 0.0876 -0.6834 0.0112 -0.612 -0.2199 0.6108 -0.4517 0.4849 0.1965 0.8353 -0.1692
-0.761 0.0699 0.639 0.0875 0.7555 -0.0012 -0.6527 0.0566 0.7673 0.1652 -0.6062 0.1285 -0.7924 -0.1433 0.5781 -0.1316 -0.6163 0.3445 0.652 0.2764 0.6938 0.2161 -0.6821 0.0815 0.9119 -0.075 0.3914 -0.0984 0.7247 0.0876 -0.6834 0.0112 -0.612 -0.2199 0.6108 -0.4517 0.6714 0.2563 0.676 -0.1625
-0.761 0.0699 0.639 0.0875 0.7555 -0.0012 -0.6527 0.0566 0.7673 0.1652 -0.6062 0.1285 -0.7924 -0.1433 0.5781 -0.1316 -0.6163 0.3445 0.652 0.2764 0.6889 0.2479 -0.6795 0.0475 0.9119 -0.075 0.3914 -0.0984 0.7247 0.0876 -0.6834 0.0112 -0.612 -0.2199 0.6108 -0.4517 0.6714 0.2563 0.676 -0.1625
-0.761 0.0699 0.639 0.0875 0.7555 -0.0012 -0.6527 0.0566 0.7673 0.1652 -0.6062 0.1285 -0.7924 -0.1433 0.5781 -0.1316 -0.6163 0.3445 0.652 0.2764 0.6889 0.2479 -0.6795 0.0475 0.9119 -0.075 0.3914 -0.0984 0.7247 0.0876 -0.6834 0.0112 -0.612 -0.2199 0.6108 -0.4517 0.6714 0.2563 0.676 -0.1625
-0.761 0.0699 0.639 0.0875 0.7555 -0.0012 -0.6527 0.0566 0.7673 0.1652 -0.6062 0.1285 -0.7924 -0.1433 0.5781 -0.1316 -0.6163 0.3445 0.652 0.2764 0.6889 0.2479 -0.6795 0.0475 0.9119 -0.075 0.3914 -0.0984 0.7411 0.1694 -0.6307 -0.1561 -0.612 -0.2199 0.6108 -0.4517 0.6714 0.2563 0.676 -0.1625
-0.761 0.0699 0.639 0.0875 0.7555 -0.0012 -0.6527 0.0566 0.7673 0.1652 -0.6062 0.1285 -0.7924 -0.1433 0.5781 -0.1316 -0.6163 0.3445 0.652 0.2764 0.6889 0.2479 -0.6795 0.0475 0.9119 -0.075 0.3914 -0.0984 0.7411 0.1694 -0.6307 -0.1561 -0.612 -0.2199 0.6108 -0.4517 0.6714 0.2563 0.676 -0.1625
-0.777 0.0966 0.6219 -0.0161 0.7555 -0.0012 -0.6527 0.0566 0.7673 0.1652 -0.6062 0.1285 -0.7924 -0.1433 0.5781 -0.1316 -0.6163 0.3445 0.652 0.2764 0.6889 0.2479 -0.6795 0.0475 0.9043 -0.0795 0.4068 -0.1023 0.7411 0.1694 -0.6307 -0.1561 -0.612 -0.2199 0.6108 -0.4517 0.6714 0.2563 0.676 -0.1625
-0.777 0.0966 0.6219 -0.0161 0.7555 -0.0012 -0.6527 0.0566 0.7662 0.1874 -0.5889 0.176 -0.7924 -0.1433 0.5781 -0.1316 -0.6163 0.3445 0.652 0.2764 0.6889 0.2479 -0.6795 0.0475 0.9043 -0.0795 0.4068 -0.1023 0.7411 0.1694 -0.6307 -0.1561 -0.612 -0.2199 0.6108 -0.4517 0.6714 0.2563 0.676 -0.1625
-0.777 0.0966 0.6219 -0.0161 0.7555 -0.0012 -0.6527 0.0566 0.7662 0.1874 -0.5889 0.176 -0.7924 -0.1433 0.5781 -0.1316 -0.5606 0.3162 0.6932 0.3245 0.6889 0.2479 -0.6795 0.0475 0.9043 -0.0795 0.4068 -0.1023 0.7411 0.1694 -0.6307 -0.1561 -0.612 -0.2199 0.6108 -0.4517 0.915 0.2151 0.3156 -0.1304
-0.777 0.0966 0.6219 -0.0161 0.7555 -0.0012 -0.6527 0.0566 0.7662 0.1874 -0.5889 0.176 -0.7924 -0.1433 0.5781 -0.1316 -0.5606 0.3162 0.6932 0.3245 0.6905 0.2676 -0.672 0.0078 0.9043 -0.0795 0.4068 -0.1023 0.7411 0.1694 -0.6307 -0.1561 -0.612 -0.2199 0.6108 -0.4517 0.915 0.2151 0.3156 -0.1304
-0.777 0.0966 0.6219 -0.0161 0.7555 -0.0012 -0.6527 0.0566 0.7662 0.1874 -0.5889 0.176 -0.7924 -0.1433 0.5781 -0.1316 -0.5606 0.3162 0.6932 0.3245 0.6905 0.2676 -0.672 0.0078 0.9043 -0.0795 0.4068 -0.1023 0.7411 0.1694 -0.6307 -0.1561 -0.612 -0.2199 0.6108 -0.4517 0.915 0.2151 0.3156 -0.1304
-0.777 0.0966 0.6219 -0.0161 0.7555 -0.0012 -0.6527 0.0566 0.7662 0.1874 -0.5889 0.176 -0.7828 -0.2024 0.5295 -0.2567 -0.5606 0.3162 0.6932 0.3245 0.6905 0.2676 -0.672 0.0078 0.9043 -0.0795 0.4068 -0.1023 0.7406 0.1349 -0.624 -0.2098 -0.612 -0.2199 0.6108 -0.4517 0.915 0.2151 0.3156 -0.1304
-0.777 0.0966 0.6219 -0.0161 0.7555 -0.0012 -0.6527 0.0566 0.7662 0.1874 -0.5889 0.176 -0.7828 -0.2024 0.5295 -0.2567 -0.5606 0.3162 0.6932 0.3245 0.6905 0.2676 -0.672 0.0078 0.9043 -0.0795 0.4068 -0.1023 0.7406 0.1349 -0.624 -0.2098 -0.612 -0.2199 0.6108 -0.4517 0.915 0.2151 0.3156 -0.1304
-0.7814 0.1107 0.6102 -0.0693 0.7555 -0.0012 -0.6527 0.0566 0.7609 0.2156 -0.5688 0.2259 -0.7828 -0.2024 0.5295 -0.2567 -0.5606 0.3162 0.6932 0.3245 0.6905 0.2676 -0.672 0.0078 0.8765 -0.0762 0.4631 -0.1075 0.7406 0.1349 -0.624 -0.2098 -0.612 -0.2199 0.6108 -0.4517 0.915 0.2151 0.3156 -0.1304
-0.7814 0.1107 0.6102 -0.0693 0.7555 -0.0012 -0.6527 0.0566 0.7609 0.2156 -0.5688 0.2259 -0.7828 -0.2024 0.5295 -0.2567 -0.5606 0.3162 0.6932 0.3245 0.6905 0.2676 -0.672 0.0078 0.8765 -0.0762 0.4631 -0.1075 0.7406 0.1349 -0.624 -0.2098 -0.612 -0.2199 0.6108 -0.4517 0.915 0.2151 0.3156 -0.1304
-0.7814 0.1107 0.6102 -0.0693 0.7555 -0.0012 -0.6527 0.0566 0.7609 0.2156 -0.5688 0.2259 -0.7828 -0.2024 0.5295 -0.2567 -0.4968 0.3244 0.6974 0.4021 0.6905 0.2676 -0.672 0.0078 0.8765 -0.0762 0.4631 -0.1075 0.7406 0.1349 -0.624 -0.2098 -0.612 -0.2199 0.6108 -0.4517 0.972 0.1528 0.0718 -0.1631
-0.7814 0.1107 0.6102 -0.0693 0.7555 -0.0012 -0.6527 0.0566 0.7609 0.2156 -0.5688 0.2259 -0.7828 -0.2024 0.5295 -0.2567 -0.4968 0.3244 0.6974 0.4021 0.6878 0.3265 -0.6422 -0.0895 0.8765 -0.0762 0.4631 -0.1075 0.7406 0.1349 -0.624 -0.2098 -0.612 -0.2199 0.6108 -0.4517 0.972 0.1528 0.0718 -0.1631
-0.7814 0.1107 0.6102 -0.0693 0.7555 -0.0012 -0.6527 0.0566 0.7609 0.2156 -0.5688 0.2259 -0.7828 -0.2024 0.5295 -0.2567 -0.4968 0.3244 0.6974 0.4021 0.6878 0.3265 -0.6422 -0.0895 0.8765 -0.0762 0.4631 -0.1075 0.7406 0.1349 -0.624 -0.2098 -0.612 -0.2199 0.6108 -0.4517 0.972 0.1528 0.0718 -0.1631
-0.7814 0.1107 0.6102 -0.0693 0.7742 -0.1027 -0.5479 0.2997 0.7609 0.2156 -0.5688 0.2259 -0.772 -0.2206 0.515 -0.3 -0.4968 0.3244 0.6974 0.4021 0.6878 0.3265 -0.6422 -0.0895 0.8765 -0.0762 0.4631 -0.1075 0.7189 0.1118 -0.6545 -0.2059 -0.6259 -0.4768 0.5815 -0.2068 0.972 0.1528 0.0718 -0.1631
-0.7814 0.1107 0.6102 -0.0693 0.7742 -0.1027 -0.5479 0.2997 0.7609 0.2156 -0.5688 0.2259 -0.772 -0.2206 0.515 -0.3 -0.4968 0.3244 0.6974 0.4021 0.6878 0.3265 -0.6422 -0.0895 0.8765 -0.0762 0.4631 -0.1075 0.7189 0.1118 -0.6545 -0.2059 -0.6259 -0.4768 0.5815 -0.2068 0.972 0.1528 0.0718 -0.1631
-0.7814 0.1107 0.6102 -0.0693 0.7742 -0.1027 -0.5479 0.2997 0.7609 0.2156 -0.5688 0.2259 -0.772 -0.2206 0.515 -0.3 -0.4968 0.3244 0.6974 0.4021 0.6878 0.3265 -0.6422 -0.0895 0.8765 -0.0762 0.4631 -0.1075 0.7189 0.1118 -0.6545 -0.2059 -0.6259 -0.4768 0.5815 -0.2068 0.972 0.1528 0.0718 -0.1631
-0.7747 0.1484 0.6146 0.0042 0.7742 -0.1027 -0.5479 0.2997 0.7504 0.2446 -0.571 0.2256 -0.772 -0.2206 0.515 -0.3 -0.4968 0.3244 0.6974 0.4021 0.6878 0.3265 -0.6422 -0.0895 0.7497 -0.0501 0.657 -0.062 0.7189 0.1118 -0.6545 -0.2059 -0.6259 -0.4768 0.5815 -0.2068 0.972 0.1528 0.0718 -0.1631
-0.7747 0.1484 0.6146 0.0042 0.7742 -0.1027 -0.5479 0.2997 0.7504 0.2446 -0.571 0.2256 -0.772 -0.2206 0.515 -0.3 -0.5269 0.3298 0.6638 0.416 0.6654 0.4041 -0.5788 -0.2427 0.7497 -0.0501 0.657 -0.062 0.7189 0.1118 -0.6545 -0.2059 -0.6259 -0.4768 0.5815 -0.2068 0.972 0.1528 0.0718 -0.1631
-0.7747 0.1484 0.6146 0.0042 0.7742 -0.1027 -0.5479 0.2997 0.7504 0.2446 -0.571 0.2256 -0.772 -0.2206 0.515 -0.3 -0.5269 0.3298 0.6638 0.416 0.6654 0.4041 -0.5788 -0.2427 0.7497 -0.0501 0.657 -0.062 0.7189 0.1118 -0.6545 -0.2059 -0.6259 -0.4768 0.5815 -0.2068 0.972 0.1528 0.0718 -0.1631
-0.7747 0.1484 0.6146 0.0042 0.7692 -0.1273 -0.5837 0.2268 0.7504 0.2446 -0.571 0.2256 -0.772 -0.2206 0.515 -0.3 -0.5269 0.3298 0.6638 0.416 0.6654 0.4041 -0.5788 -0.2427 0.7497 -0.0501 0.657 -0.062 0.7189 0.1118 -0.6545 -0.2059 -0.6259 -0.4768 0.5815 -0.2068 0.972 0.1528 0.0718 -0.1631
-0.7747 0.1484 0.6146 0.0042 0.7692 -0.1273 -0.5837 0.2268 0.7504 0.2446 -0.571 0.2256 -0.772 -0.2206 0.515 -0.3 -0.5269 0.3298 0.6638 0.416 0.6654 0.4041 -0.5788 -0.2427 0.7497 -0.0501 0.657 -0.062 0.7189 0.1118 -0.6545 -0.2059 -0.6584 -0.3347 0.6387 -0.2156 0.972 0.1528 0.0718 -0.1631
-0.7747 0.1484 0.6146 0.0042 0.7692 -0.1273 -0.5837 0.2268 0.7504 0.2446 -0.571 0.2256 -0.772 -0.2206 0.515 -0.3 -0.5269 0.3298 0.6638 0.416 0.6654 0.4041 -0.5788 -0.2427 0.7497 -0.0501 0.657 -0.062 0.7189 0.1118 -0.6545 -0.2059 -0.6584 -0.3347 0.6387 -0.2156 0.972 0.1528 0.0718 -0.1631
-0.7747 0.1484 0.6146 0.0042 0.7692 -0.1273 -0.5837 0.2268 0.7504 0.2446 -0.571 0.2256 -0.772 -0.2206 0.515 -0.3 -0.5269 0.3298 0.6638 0.416 0.6654 0.4041 -0.5788 -0.2427 0.7497 -0.0501 0.657 -0.062 0.7189 0.1118 -0.6545 -0.2059 -0.6584 -0.3347 0.6387 -0.2156 0.972 0.1528 0.0718 -0.1631
-0.7498 0.1773 0.6317 0.0861 0.7692 -0.1273 -0.5837 0.2268 0.7617 0.2277 -0.5933 0.1265 -0.772 -0.2206 0.515 -0.3 -0.5269 0.3298 0.6638 0.416 0.6654 0.4041 -0.5788 -0.2427 0.5124 -0.0119 0.8578 -0.0384 0.7189 0.1118 -0.6545 -0.2059 -0.6584 -0.3347 0.6387 -0.2156 0.8985 0.2305 0.3046 -0.2162
-0.7498 0.1773 0.6317 0.0861 0.7692 -0.1273 -0.5837 0.2268 0.7617 0.2277 -0.5933 0.1265 -0.772 -0.2206 0.515 -0.3 -0.6288 0.4154 0.5495 0.3607 0.6654 0.4041 -0.5788 -0.2427 0.5124 -0.0119 0.8578 -0.0384 0.7189 0.1118 -0.6545 -0.2059 -0.6584 -0.3347 0.6387 -0.2156 0.8985 0.2305 0.3046 -0.2162
-0.7498 0.1773 0.6317 0.0861 0.7692 -0.1273 -0.5837 0.2268 0.7617 0.2277 -0.5933 0.1265 -0.772 -0.2206 0.515 -0.3 -0.6288 0.4154 0.5495 0.3607 0.6688 0.4105 -0.5485 -0.2887 0.5124 -0.0119 0.8578 -0.0384 0.7189 0.1118 -0.6545 -0.2059 -0.6584 -0.3347 0.6387 -0.2156 0.8985 0.2305 0.3046 -0.2162
-0.7498 0.1773 0.6317 0.0861 0.7692 -0.1273 -0.5837 0.2268 0.7617 0.2277 -0.5933 0.1265 -0.772 -0.2206 0.515 -0.3 -0.6288 0.4154 0.5495 0.3607 0.6688 0.4105 -0.5485 -0.2887 0.5124 -0.0119 0.8578 -0.0384 0.7189 0.1118 -0.6545 -0.2059 -0.6584 -0.3347 0.6387 -0.2156 0.8985 0.2305 0.3046 -0.2162
-0.7498 0.1773 0.6317 0.0861 0.774 -0.0624 -0.6239 0.0878 0.7617 0.2277 -0.5933 0.1265 -0.8018 -0.2424 0.5274 -0.142 -0.6288 0.4154 0.5495 0.3607 0.6688 0.4105 -0.5485 -0.2887 0.5124 -0.0119 0.8578 -0.0384 0.7043 0.0572 -0.7023 -0.0866 -0.6458 -0.3001 0.6418 -0.2845 0.8985 0.2305 0.3046 -0.2162
-0.7498 0.1773 0.6317 0.0861 0.774 -0.0624 -0.6239 0.0878 0.7617 0.2277 -0.5933 0.1265 -0.8018 -0.2424 0.5274 -0.142 -0.6288 0.4154 0.5495 0.3607 0.6688 0.4105 -0.5485 -0.2887 0.5124 -0.0119 0.8578 -0.0384 0.7043 0.0572 -0.7023 -0.0866 -0.6458 -0.3001 0.6418 -0.2845 0.8985 0.2305 0.3046 -0.2162
-0.7498 0.1773 0.6317 0.0861 0.774 -0.0624 -0.6239 0.0878 0.7617 0.2277 -0.5933 0.1265 -0.8018 -0.2424 0.5274 -0.142 -0.6288 0.4154 0.5495 0.3607 0.6688 0.4105 -0.5485 -0.2887 0.5124 -0.0119 0.8578 -0.0384 0.7043 0.0572 -0.7023 -0.0866 -0.6458 -0.3001 0.6418 -0.2845 0.8985 0.2305 0.3046 -0.2162
-0.7416 0.1804 0.6261 0.1599 0.774 -0.0624 -0.6239 0.0878 0.7719 0.2187 -0.5968 0.0099 -0.8018 -0.2424 0.5274 -0.142 -0.6288 0.4154 0.5495 0.3607 0.6688 0.4105 -0.5485 -0.2887 0.5124 -0.0119 0.8578 -0.0384 0.7043 0.0572 -0.7023 -0.0866 -0.6458 -0.3001 0.6418 -0.2845 0.8921 0.2362 0.3178 -0.2175
-0.7416 0.1804 0.6261 0.1599 0.774 -0.0624 -0.6239 0.0878 0.7719 0.2187 -0.5968 0.0099 -0.8018 -0.2424 0.5274 -0.142 -0.6288 0.4154 0.5495 0.3607 0.6688 0.4105 -0.5485 -0.2887 0.5124 -0.0119 0.8578 -0.0384 0.7043 0.0572 -0.7023 -0.0866 -0.6458 -0.3001 0.6418 -0.2845 0.8921 0.2362 0.3178 -0.2175
-0.7416 0.1804 0.6261 0.1599 0.774 -0.0624 -0.6239 0.0878 0.7719 0.2187 -0.5968 0.0099 -0.8018 -0.2424 0.5274 -0.142 -0.7307 0.4238 0.486 0.2245 0.7052 0.2698 -0.6488 -0.0948 0.5124 -0.0119 0.8578 -0.0384 0.7043 0.0572 -0.7023 -0.0866 -0.6458 -0.3001 0.6418 -0.2845 0.8921 0.2362 0.3178 -0.2175
-0.7416 0.1804 0.6261 0.1599 0.774 -0.0624 -0.6239 0.0878 0.7719 0.2187 -0.5968 0.0099 -0.8018 -0.2424 0.5274 -0.142 -0.7307 0.4238 0.486 0.2245 0.7052 0.2698 -0.6488 -0.0948 0.5124 -0.0119 0.8578 -0.0384 0.7043 0.0572 -0.7023 -0.0866 -0.6458 -0.3001 0.6418 -0.2845 0.8921 0.2362 0.3178 -0.2175
-0.7416 0.1804 0.6261 0.1599 0.774 -0.0624 -0.6239 0.0878 0.7719 0.2187 -0.5968 0.0099 -0.8018 -0.2424 0.5274 -0.142 -0.7307 0.4238 0.486 0.2245 0.7052 0.2698 -0.6488 -0.0948 0.5124 -0.0119 0.8578 -0.0384 0.6785 0.0085 -0.7345 0.0082 -0.6458 -0.3001 0.6418 -0.2845 0.8921 0.2362 0.3178 -0.2175
-0.7416 0.1804 0.6261 0.1599 0.774 -0.0624 -0.6239 0.0878 0.7719 0.2187 -0.5968 0.0099 -0.8018 -0.2424 0.5274 -0.142 -0.7307 0.4238 0.486 0.2245 0.7052 0.2698 -0.6488 -0.0948 0.5124 -0.0119 0.8578 -0.0384 0.6785 0.0085 -0.7345 0.0082 -0.6458 -0.3001 0.6418 -0.2845 0.8921 0.2362 0.3178 -0.2175
-0.7416 0.1804 0.6261 0.1599 0.774 -0.0624 -0.6239 0.0878 0.7719 0.2187 -0.5968 0.0099 -0.8018 -0.2424 0.5274 -0.142 -0.7307 0.4238 0.486 0.2245 0.7052 0.2698 -0.6488 -0.0948 0.9209 -0.0412 0.3281 -0.2066 0.6785 0.0085 -0.7345 0.0082 -0.6458 -0.3001 0.6418 -0.2845 0.8921 0.2362 0.3178 -0.2175
-0.7378 0.1786 0.6004 0.2516 0.774 -0.0624 -0.6239 0.0878 0.7717 0.2336 -0.5864 -0.0778 -0.8018 -0.2424 0.5274 -0.142 -0.7307 0.4238 0.486 0.2245 0.7052 0.2698 -0.6488 -0.0948 0.9209 -0.0412 0.3281 -0.2066 0.6785 0.0085 -0.7345 0.0082 -0.6458 -0.3001 0.6418 -0.2845 0.8921 0.2362 0.3178 -0.2175
-0.7378 0.1786 0.6004 0.2516 0.774 -0.0624 -0.6239 0.0878 0.7717 0.2336 -0.5864 -0.0778 -0.8018 -0.2424 0.5274 -0.142 -0.7446 0.4025 0.4941 0.1984 0.7052 0.2698 -0.6488 -0.0948 0.9209 -0.0412 0.3281 -0.2066 0.6785 0.0085 -0.7345 0.0082 -0.6458 -0.3001 0.6418 -0.2845 0.8812 0.2491 0.3433 -0.2087
-0.7378 0.1786 0.6004 0.2516 0.774 -0.0624 -0.6239 0.0878 0.7717 0.2336 -0.5864 -0.0778 -0.8018 -0.2424 0.5274 -0.142 -0.7446 0.4025 0.4941 0.1984 0.6908 0.0049 -0.702 0.1731 0.9209 -0.0412 0.3281 -0.2066 0.6785 0.0085 -0.7345 0.0082 -0.6458 -0.3001 0.6418 -0.2845 0.8812 0.2491 0.3433 -0.2087
-0.7378 0.1786 0.6004 0.2516 0.774 -0.0624 -0.6239 0.0878 0.7717 0.2336 -0.5864 -0.0778 -0.8018 -0.2424 0.5274 -0.142 -0.7446 0.4025 0.4941 0.1984 0.6908 0.0049 -0.702 0.1731 0.9209 -0.0412 0.3281 -0.2066 0.6494 -0.0248 -0.7542 0.0944 -0.6458 -0.3001 0.6418 -0.2845 0.8812 0.2491 0.3433 -0.2087
-0.7378 0.1786 0.6004 0.2516 0.774 -0.0624 -0.6239 0.0878 0.7717 0.2336 -0.5864 -0.0778 -0.8018 -0.2424 0.5274 -0.142 -0.7446 0.4025 0.4941 0.1984 0.6908 0.0049 -0.702 0.1731 0.9209 -0.0412 0.3281 -0.2066 0.6494 -0.0248 -0.7542 0.0944 -0.6458 -0.3001 0.6418 -0.2845 0.8812 0.2491 0.3433 -0.2087
-0.7378 0.1786 0.6004 0.2516 0.774 -0.0624 -0.6239 0.0878 0.7717 0.2336 -0.5864 -0.0778 -0.8018 -0.2424 0.5274 -0.142 -0.7446 0.4025 0.4941 0.1984 0.6908 0.0049 -0.702 0.1731 0.9209 -0.0412 0.3281 -0.2066 0.6494 -0.0248 -0.7542 0.0944 -0.6458 -0.3001 0.6418 -0.2845 0.8812 0.2491 0.3433 -0.2087
-0.7378 0.1786 0.6004 0.2516 0.774 -0.0624 -0.6239 0.0878 0.7717 0.2336 -0.5864 -0.0778 -0.8018 -0.2424 0.5274 -0.142 -0.7446 0.4025 0.4941 0.1984 0.6908 0.0049 -0.702 0.1731 0.9209 -0.0427 0.1732 -0.2043 0.6494 -0.0248 -0.7542 0.0944 -0.6458 -0.3001 0.6418 -0.2845 0.8812 0.2491 0.3433 -0.2087
-0.7284 0.1986 0.591 0.2841 0.774 -0.0624 -0.6239 0.0878 0.7661 0.2411 -0.5854 -0.1104 -0.8018 -0.2424 0.5274 -0.142 -0.7446 0.4025 0.4941 0.1984 0.6908 0.0049 -0.702 0.1731 0.9625 -0.0427 0.1732 -0.2043 0.6494 -0.0248 -0.7542 0.0944 -0.6458 -0.3001 0.6418 -0.2845 0.8812 0.2491 0.3433 -0.2087
-0.7284 0.1986 0.591 0.2841 0.774 -0.0624 -0.6239 0.0878 0.7661 0.2411 -0.5854 -0.1104 -0.8018 -0.2424 0.5274 -0.142 -0.7382 0.3951 0.5215 0.1642 0.6908 0.0049 -0.702 0.1731 0.9625 -0.0427 0.1732 -0.2043 0.6494 -0.0248 -0.7542 0.0944 -0.6458 -0.3001 0.6418 -0.2845 0.8128 0.2452 0.4763 -0.2288
-0.7284 0.1986 0.591 0.2841 0.774 -0.0624 -0.6239 0.0878 0.7661 0.2411 -0.5854 -0.1104 -0.8018 -0.2424 0.5274 -0.142 -0.7382 0.3951 0.5215 0.1642 0.6965 0.0519 -0.6996 0.1508 0.9625 -0.0427 0.1732 -0.2043 0.6494 -0.0248 -0.7542 0.0944 -0.6458 -0.3001 0.6418 -0.2845 0.8128 0.2452 0.4763 -0.2288
-0.7284 0.1986 0.591 0.2841 0.774 -0.0624 -0.6239 0.0878 0.7661 0.2411 -0.5854 -0.1104 -0.8018 -0.2424 0.5274 -0.142 -0.7382 0.3951 0.5215 0.1642 0.6965 0.0519 -0.6996 0.1508 0.9625 -0.0427 0.1732 -0.2043 0.6494 -0.0248 -0.7542 0.0944 -0.6458 -0.3001 0.6418 -0.2845 0.8128 0.2452 0.4763 -0.2288
-0.7284 0.1986 0.591 0.2841 0.7681 -0.061 -0.627 -0.1144 0.7661 0.2411 -0.5854 -0.1104 -0.7635 -0.3724 0.5132 0.122 -0.7382 0.3951 0.5215 0.1642 0.6965 0.0519 -0.6996 0.1508 0.9625 -0.0427 0.1732 -0.2043 0.6494 -0.0248 -0.7542 0.0944 -0.6058 -0.1306 0.5945 -0.5123 0.8128 0.2452 0.4763 -0.2288
-0.7284 0.1986 0.591 0.2841 0.7681 -0.061 -0.627 -0.1144 0.7661 0.2411 -0.5854 -0.1104 -0.7635 -0.3724 0.5132 0.122 -0.7382 0.3951 0.5215 0.1642 0.6965 0.0519 -0.6996 0.1508 0.924 -0.0673 0.3499 -0.1388 0.6494 -0.0248 -0.7542 0.0944 -0.6058 -0.1306 0.5945 -0.5123 0.8128 0.2452 0.4763 -0.2288
-0.7189 0.2243 0.6003 0.2695 0.7681 -0.061 -0.627 -0.1144 0.7444 0.2718 -0.6097 -0.0168 -0.7635 -0.3724 0.5132 0.122 -0.7382 0.3951 0.5215 0.1642 0.6965 0.0519 -0.6996 0.1508 0.924 -0.0673 0.3499 -0.1388 0.6494 -0.0248 -0.7542 0.0944 -0.6058 -0.1306 0.5945 -0.5123 0.8128 0.2452 0.4763 -0.2288
-0.7189 0.2243 0.6003 0.2695 0.7681 -0.061 -0.627 -0.1144 0.7444 0.2718 -0.6097 -0.0168 -0.7635 -0.3724 0.5132 0.122 -0.7382 0.3951 0.5215 0.1642 0.6965 0.0519 -0.6996 0.1508 0.924 -0.0673 0.3499 -0.1388 0.6494 -0.0248 -0.7542 0.0944 -0.6058 -0.1306 0.5945 -0.5123 0.5228 0.2211 0.7917 -0.2258
-0.7189 0.2243 0.6003 0.2695 0.7681 -0.061 -0.627 -0.1144 0.7444 0.2718 -0.6097 -0.0168 -0.7635 -0.3724 0.5132 0.122 -0.7382 0.3951 0.5215 0.1642 0.6965 0.0519 -0.6996 0.1508 0.924 -0.0673 0.3499 -0.1388 0.6494 -0.0248 -0.7542 0.0944 -0.6058 -0.1306 0.5945 -0.5123 0.5228 0.2211 0.7917 -0.2258
-0.7189 0.2243 0.6003 0.2695 0.7681 -0.061 -0.627 -0.1144 0.7444 0.2718 -0.6097 -0.0168 -0.7697 -0.3395 0.54 -0.0275 -0.7382 0.3951 0.5215 0.1642 0.6886 0.1867 -0.6904 0.1193 0.924 -0.0673 0.3499 -0.1388 0.6494 -0.0248 -0.7542 0.0944 -0.6058 -0.1306 0.5945 -0.5123 0.5228 0.2211 0.7917 -0.2258
-0.7189 0.2243 0.6003 0.2695 0.7753 -0.1013 -0.6229 -0.0244 0.7444 0.2718 -0.6097 -0.0168 -0.7697 -0.3395 0.54 -0.0275 -0.7382 0.3951 0.5215 0.1642 0.6886 0.1867 -0.6904 0.1193 0.924 -0.0673 0.3499 -0.1388 0.7228 0.088 -0.6851 0.0197 -0.6058 -0.1306 0.5945 -0.5123 0.5228 0.2211 0.7917 -0.2258
-0.7189 0.2243 0.6003 0.2695 0.7753 -0.1013 -0.6229 -0.0244 0.7444 0.2718 -0.6097 -0.0168 -0.7697 -0.3395 0.54 -0.0275 -0.7382 0.3951 0.5215 0.1642 0.6886 0.1867 -0.6904 0.1193 0.924 -0.0673 0.3499 -0.1388 0.7228 0.088 -0.6851 0.0197 -0.6058 -0.1306 0.5945 -0.5123 0.5228 0.2211 0.7917 -0.2258
-0.7189 0.2243 0.6003 0.2695 0.7753 -0.1013 -0.6229 -0.0244 0.7444 0.2718 -0.6097 -0.0168 -0.7697 -0.3395 0.54 -0.0275 -0.7382 0.3951 0.5215 0.1642 0.6886 0.1867 -0.6904 0.1193 0.924 -0.0673 0.3499 -0.1388 0.7228 0.088 -0.6851 0.0197 -0.6058 -0.1306 0.5945 -0.5123 0.5228 0.2211 0.7917 -0.2258
-0.7405 0.1791 0.6209 0.1848 0.7753 -0.1013 -0.6229 -0.0244 0.7331 0.281 -0.617 0.0541 -0.7697 -0.3395 0.54 -0.0275 -0.7382 0.3951 0.5215 0.1642 0.6886 0.1867 -0.6904 0.1193 0.9099 -0.0616 0.3882 -0.1328 0.7228 0.088 -0.6851 0.0197 -0.6058 -0.1306 0.5945 -0.5123 0.5228 0.2211 0.7917 -0.2258
-0.7405 0.1791 0.6209 0.1848 0.7753 -0.1013 -0.6229 -0.0244 0.7331 0.281 -0.617 0.0541 -0.7697 -0.3395 0.54 -0.0275 -0.7382 0.3951 0.5215 0.1642 0.6886 0.1867 -0.6904 0.1193 0.9099 -0.0616 0.3882 -0.1328 0.7228 0.088 -0.6851 0.0197 -0.6058 -0.1306 0.5945 -0.5123 0.5228 0.2211 0.7917 -0.2258
-0.7405 0.1791 0.6209 0.1848 0.7753 -0.1013 -0.6229 -0.0244 0.7331 0.281 -0.617 0.0541 -0.7697 -0.3395 0.54 -0.0275 -0.6393 0.3759 0.6163 0.2648 0.6886 0.1867 -0.6904 0.1193 0.9099 -0.0616 0.3882 -0.1328 0.7228 0.088 -0.6851 0.0197 -0.6058 -0.1306 0.5945 -0.5123 0.6541 0.2839 0.6696 -0.2078
-0.7405 0.1791 0.6209 0.1848 0.7753 -0.1013 -0.6229 -0.0244 0.7331 0.281 -0.617 0.0541 -0.7697 -0.3395 0.54 -0.0275 -0.6393 0.3759 0.6163 0.2648 0.6896 0.2089 -0.6914 0.0525 0.9099 -0.0616 0.3882 -0.1328 0.7228 0.088 -0.6851 0.0197 -0.6058 -0.1306 0.5945 -0.5123 0.6541 0.2839 0.6696 -0.2078
-0.7405 0.1791 0.6209 0.1848 0.7753 -0.1013 -0.6229 -0.0244 0.7331 0.281 -0.617 0.0541 -0.7697 -0.3395 0.54 -0.0275 -0.6393 0.3759 0.6163 0.2648 0.6896 0.2089 -0.6914 0.0525 0.9099 -0.0616 0.3882 -0.1328 0.7228 0.088 -0.6851 0.0197 -0.6058 -0.1306 0.5945 -0.5123 0.6541 0.2839 0.6696 -0.2078
-0.7405 0.1791 0.6209 0.1848 0.7753 -0.1013 -0.6229 -0.0244 0.7331 0.281 -0.617 0.0541 -0.7697 -0.3395 0.54 -0.0275 -0.6393 0.3759 0.6163 0.2648 0.6896 0.2089 -0.6914 0.0525 0.9099 -0.0616 0.3882 -0.1328 0.7358 0.1539 -0.6395 -0.1609 -0.6286 -0.1297 0.5744 -0.508 0.6541 0.2839 0.6696 -0.2078
-0.7405 0.1791 0.6209 0.1848 0.7753 -0.1013 -0.6229 -0.0244 0.7331 0.281 -0.617 0.0541 -0.7697 -0.3395 0.54 -0.0275 -0.6393 0.3759 0.6163 0.2648 0.6896 0.2089 -0.6914 0.0525 0.9099 -0.0616 0.3882 -0.1328 0.7358 0.1539 -0.6395 -0.1609 -0.6286 -0.1297 0.5744 -0.508 0.6541 0.2839 0.6696 -0.2078
-0.7405 0.1791 0.6209 0.1848 0.7753 -0.1013 -0.6229 -0.0244 0.7331 0.281 -0.617 0.0541 -0.7697 -0.3395 0.54 -0.0275 -0.6393 0.3759 0.6163 0.2648 0.6896 0.2089 -0.6914 0.0525 0.9099 -0.0616 0.3882 -0.1328 0.7358 0.1539 -0.6395 -0.1609 -0.6286 -0.1297 0.5744 -0.508 0.6541 0.2839 0.6696 -0.2078
-0.7584 0.1591 0.6287 0.0659 0.7753 -0.1013 -0.6229 -0.0244 0.7411 0.2614 -0.5981 0.1575 -0.7697 -0.3395 0.54 -0.0275 -0.6393 0.3759 0.6163 0.2648 0.6896 0.2089 -0.6914 0.0525 0.9 -0.0662 0.4076 -0.1398 0.7358 0.1539 -0.6395 -0.1609 -0.6286 -0.1297 0.5744 -0.508 0.6541 0.2839 0.6696 -0.2078
-0.7584 0.1591 0.6287 0.0659 0.7753 -0.1013 -0.6229 -0.0244 0.7411 0.2614 -0.5981 0.1575 -0.7697 -0.3395 0.54 -0.0275 -0.5668 0.3667 0.6552 0.3389 0.6935 0.2247 -0.6844 0.002 0.9 -0.0662 0.4076 -0.1398 0.7358 0.1539 -0.6395 -0.1609 -0.6286 -0.1297 0.5744 -0.508 0.8971 0.2419 0.3275 -0.1718
-0.7584 0.1591 0.6287 0.0659 0.7935 -0.145 -0.5498 0.2172 0.7411 0.2614 -0.5981 0.1575 -0.7697 -0.3395 0.54 -0.0275 -0.5668 0.3667 0.6552 0.3389 0.6935 0.2247 -0.6844 0.002 0.9 -0.0662 0.4076 -0.1398 0.7358 0.1539 -0.6395 -0.1609 -0.6286 -0.1297 0.5744 -0.508 0.8971 0.2419 0.3275 -0.1718
-0.7584 0.1591 0.6287 0.0659 0.7935 -0.145 -0.5498 0.2172 0.7411 0.2614 -0.5981 0.1575 -0.7697 -0.3395 0.54 -0.0275 -0.5668 0.3667 0.6552 0.3389 0.6935 0.2247 -0.6844 0.002 0.9 -0.0662 0.4076 -0.1398 0.7358 0.1539 -0.6395 -0.1609 -0.6286 -0.1297 0.5744 -0.508 0.8971 0.2419 0.3275 -0.1718
-0.7584 0.1591 0.6287 0.0659 0.7935 -0.145 -0.5498 0.2172 0.7411 0.2614 -0.5981 0.1575 -0.7697 -0.3395 0.54 -0.0275 -0.5668 0.3667 0.6552 0.3389 0.6935 0.2247 -0.6844 0.002 0.9 -0.0662 0.4076 -0.1398 0.7384 0.1139 -0.6105 -0.2628 -0.6624 -0.3983 0.59 -0.2336 0.8971 0.2419 0.3275 -0.1718
-0.7584 0.1591 0.6287 0.0659 0.7935 -0.145 -0.5498 0.2172 0.7411 0.2614 -0.5981 0.1575 -0.7697 -0.3395 0.54 -0.0275 -0.5668 0.3667 0.6552 0.3389 0.6935 0.2247 -0.6844 0.002 0.9 -0.0662 0.4076 -0.1398 0.7384 0.1139 -0.6105 -0.2628 -0.6624 -0.3983 0.59 -0.2336 0.8971 0.2419 0.3275 -0.1718
-0.7729 0.1978 0.6028 0.0067 0.7935 -0.145 -0.5498 0.2172 0.751 0.2646 -0.5649 0.2167 -0.7697 -0.3395 0.54 -0.0275 -0.5668 0.3667 0.6552 0.3389 0.6935 0.2247 -0.6844 0.002 0.8853 -0.0701 0.4332 -0.1537 0.7384 0.1139 -0.6105 -0.2628 -0.6624 -0.3983 0.59 -0.2336 0.8971 0.2419 0.3275 -0.1718
-0.7729 0.1978 0.6028 0.0067 0.7935 -0.145 -0.5498 0.2172 0.751 0.2646 -0.5649 0.2167 -0.7697 -0.3395 0.54 -0.0275 -0.5668 0.3667 0.6552 0.3389 0.6935 0.2247 -0.6844 0.002 0.8853 -0.0701 0.4332 -0.1537 0.7384 0.1139 -0.6105 -0.2628 -0.6624 -0.3983 0.59 -0.2336 0.8971 0.2419 0.3275 -0.1718
-0.7729 0.1978 0.6028 0.0067 0.7935 -0.145 -0.5498 0.2172 0.751 0.2646 -0.5649 0.2167 -0.7697 -0.3395 0.54 -0.0275 -0.4919 0.3623 0.6743 0.4149 0.6935 0.2247 -0.6844 0.002 0.8853 -0.0701 0.4332 -0.1537 0.7384 0.1139 -0.6105 -0.2628 -0.6624 -0.3983 0.59 -0.2336 0.9664 0.1733 0.0171 -0.1888
-0.7729 0.1978 0.6028 0.0067 0.7935 -0.145 -0.5498 0.2172 0.751 0.2646 -0.5649 0.2167 -0.7697 -0.3395 0.54 -0.0275 -0.4919 0.3623 0.6743 0.4149 0.6966 0.2625 -0.6605 -0.0981 0.8853 -0.0701 0.4332 -0.1537 0.7384 0.1139 -0.6105 -0.2628 -0.6624 -0.3983 0.59 -0.2336 0.9664 0.1733 0.0171 -0.1888
-0.7729 0.1978 0.6028 0.0067 0.8019 -0.1985 -0.5142 0.2305 0.751 0.2646 -0.5649 0.2167 -0.7697 -0.3395 0.54 -0.0275 -0.4919 0.3623 0.6743 0.4149 0.6966 0.2625 -0.6605 -0.0981 0.8853 -0.0701 0.4332 -0.1537 0.7384 0.1139 -0.6105 -0.2628 -0.6624 -0.3983 0.59 -0.2336 0.9664 0.1733 0.0171 -0.1888
-0.7729 0.1978 0.6028 0.0067 0.8019 -0.1985 -0.5142 0.2305 0.751 0.2646 -0.5649 0.2167 -0.7697 -0.3395 0.54 -0.0275 -0.4919 0.3623 0.6743 0.4149 0.6966 0.2625 -0.6605 -0.0981 0.8853 -0.0701 0.4332 -0.1537 0.7356 0.0791 -0.6182 -0.2655 -0.6354 -0.499 0.5684 -0.1558 0.9664 0.1733 0.0171 -0.1888
-0.7729 0.1978 0.6028 0.0067 0.8019 -0.1985 -0.5142 0.2305 0.751 0.2646 -0.5649 0.2167 -0.7697 -0.3395 0.54 -0.0275 -0.4919 0.3623 0.6743 0.4149 0.6966 0.2625 -0.6605 -0.0981 0.8853 -0.0701 0.4332 -0.1537 0.7356 0.0791 -0.6182 -0.2655 -0.6354 -0.499 0.5684 -0.1558 0.9664 0.1733 0.0171 -0.1888
-0.7709 0.2307 0.5895 0.07 0.8019 -0.1985 -0.5142 0.2305 0.7512 0.2904 -0.5528 0.2142 -0.7697 -0.3395 0.54 -0.0275 -0.4919 0.3623 0.6743 0.4149 0.6966 0.2625 -0.6605 -0.0981 0.7845 -0.0328 0.6077 -0.119 0.7356 0.0791 -0.6182 -0.2655 -0.6354 -0.499 0.5684 -0.1558 0.9664 0.1733 0.0171 -0.1888
-0.7709 0.2307 0.5895 0.07 0.8019 -0.1985 -0.5142 0.2305 0.7512 0.2904 -0.5528 0.2142 -0.7697 -0.3395 0.54 -0.0275 -0.4919 0.3623 0.6743 0.4149 0.6966 0.2625 -0.6605 -0.0981 0.7845 -0.0328 0.6077 -0.119 0.7356 0.0791 -0.6182 -0.2655 -0.6354 -0.499 0.5684 -0.1558 0.9664 0.1733 0.0171 -0.1888
-0.7709 0.2307 0.5895 0.07 0.8019 -0.1985 -0.5142 0.2305 0.7512 0.2904 -0.5528 0.2142 -0.7697 -0.3395 0.54 -0.0275 -0.509 0.366 0.6205 0.4711 0.6966 0.2625 -0.6605 -0.0981 0.7845 -0.0328 0.6077 -0.119 0.7356 0.0791 -0.6182 -0.2655 -0.6354 -0.499 0.5684 -0.1558 0.9272 0.2277 0.2038 -0.2167
-0.7709 0.2307 0.5895 0.07 0.8019 -0.1985 -0.5142 0.2305 0.7512 0.2904 -0.5528 0.2142 -0.7697 -0.3395 0.54 -0.0275 -0.509 0.366 0.6205 0.4711 0.6649 0.3516 -0.5957 -0.2818 0.7845 -0.0328 0.6077 -0.119 0.7356 0.0791 -0.6182 -0.2655 -0.6354 -0.499 0.5684 -0.1558 0.9272 0.2277 0.2038 -0.2167
-0.7709 0.2307 0.5895 0.07 0.8083 -0.1934 -0.5424 0.1226 0.7512 0.2904 -0.5528 0.2142 -0.7697 -0.3395 0.54 -0.0275 -0.509 0.366 0.6205 0.4711 0.6649 0.3516 -0.5957 -0.2818 0.7845 -0.0328 0.6077 -0.119 0.7356 0.0791 -0.6182 -0.2655 -0.6354 -0.499 0.5684 -0.1558 0.9272 0.2277 0.2038 -0.2167
-0.7709 0.2307 0.5895 0.07 0.8083 -0.1934 -0.5424 0.1226 0.7512 0.2904 -0.5528 0.2142 -0.7697 -0.3395 0.54 -0.0275 -0.509 0.366 0.6205 0.4711 0.6649 0.3516 -0.5957 -0.2818 0.7845 -0.0328 0.6077 -0.119 0.729 0.0945 -0.6384 -0.2282 -0.656 -0.3769 0.6298 -0.1759 0.9272 0.2277 0.2038 -0.2167
-0.7709 0.2307 0.5895 0.07 0.8083 -0.1934 -0.5424 0.1226 0.7512 0.2904 -0.5528 0.2142 -0.7697 -0.3395 0.54 -0.0275 -0.509 0.366 0.6205 0.4711 0.6649 0.3516 -0.5957 -0.2818 0.7845 -0.0328 0.6077 -0.119 0.729 0.0945 -0.6384 -0.2282 -0.656 -0.3769 0.6298 -0.1759 0.9272 0.2277 0.2038 -0.2167
-0.7549 0.2308 0.5994 0.1324 0.8083 -0.1934 -0.5424 0.1226 0.7576 0.2717 -0.5829 0.1115 -0.7697 -0.3395 0.54 -0.0275 -0.509 0.366 0.6205 0.4711 0.6649 0.3516 -0.5957 -0.2818 0.4857 0.0496 0.8635 -0.1265 0.729 0.0945 -0.6384 -0.2282 -0.656 -0.3769 0.6298 -0.1759 0.9272 0.2277 0.2038 -0.2167
-0.7549 0.2308 0.5994 0.1324 0.8083 -0.1934 -0.5424 0.1226 0.7576 0.2717 -0.5829 0.1115 -0.7697 -0.3395 0.54 -0.0275 -0.509 0.366 0.6205 0.4711 0.6649 0.3516 -0.5957 -0.2818 0.4857 0.0496 0.8635 -0.1265 0.729 0.0945 -0.6384 -0.2282 -0.656 -0.3769 0.6298 -0.1759 0.9272 0.2277 0.2038 -0.2167
-0.7549 0.2308 0.5994 0.1324 0.8083 -0.1934 -0.5424 0.1226 0.7576 0.2717 -0.5829 0.1115 -0.7697 -0.3395 0.54 -0.0275 -0.6993 0.4288 0.4756 0.3176 0.6649 0.3516 -0.5957 -0.2818 0.4857 0.0496 0.8635 -0.1265 0.729 0.0945 -0.6384 -0.2282 -0.656 -0.3769 0.6298 -0.1759 0.8981 0.2363 0.2892 -0.2325
-0.7549 0.2308 0.5994 0.1324 0.8083 -0.1934 -0.5424 0.1226 0.7576 0.2717 -0.5829 0.1115 -0.7697 -0.3395 0.54 -0.0275 -0.6993 0.4288 0.4756 0.3176 0.5913 0.4688 -0.5112 -0.4114 0.4857 0.0496 0.8635 -0.1265 0.729 0.0945 -0.6384 -0.2282 -0.656 -0.3769 0.6298 -0.1759 0.8981 0.2363 0.2892 -0.2325
-0.7549 0.2308 0.5994 0.1324 0.8083 -0.1934 -0.5424 0.1226 0.7576 0.2717 -0.5829 0.1115 -0.7697 -0.3395 0.54 -0.0275 -0.6993 0.4288 0.4756 0.3176 0.5913 0.4688 -0.5112 -0.4114 0.4857 0.0496 0.8635 -0.1265 0.729 0.0945 -0.6384 -0.2282 -0.656 -0.3769 0.6298 -0.1759 0.8981 0.2363 0.2892 -0.2325
-0.7549 0.2308 0.5994 0.1324 0.7994 -0.1257 -0.5871 0.0193 0.7576 0.2717 -0.5829 0.1115 -0.7975 -0.3292 0.4985 -0.0847 -0.6993 0.4288 0.4756 0.3176 0.5913 0.4688 -0.5112 -0.4114 0.4857 0.0496 0.8635 -0.1265 0.7125 0.0812 -0.6849 -0.1293 -0.6426 -0.3498 0.6418 -0.2297 0.8981 0.2363 0.2892 -0.2325
-0.7549 0.2308 0.5994 0.1324 0.7994 -0.1257 -0.5871 0.0193 0.7576 0.2717 -0.5829 0.1115 -0.7975 -0.3292 0.4985 -0.0847 -0.6993 0.4288 0.4756 0.3176 0.5913 0.4688 -0.5112 -0.4114 0.4857 0.0496 0.8635 -0.1265 0.7125 0.0812 -0.6849 -0.1293 -0.6426 -0.3498 0.6418 -0.2297 0.8981 0.2363 0.2892 -0.2325
-0.7341 0.2426 0.5927 0.226 0.7994 -0.1257 -0.5871 0.0193 0.7625 0.267 -0.5894 0.006 -0.7975 -0.3292 0.4985 -0.0847 -0.6993 0.4288 0.4756 0.3176 0.5913 0.4688 -0.5112 -0.4114 0.5325 -0.0693 0.8231 -0.185 0.7125 0.0812 -0.6849 -0.1293 -0.6426 -0.3498 0.6418 -0.2297 0.8981 0.2363 0.2892 -0.2325
-0.7341 0.2426 0.5927 0.226 0.7994 -0.1257 -0.5871 0.0193 0.7625 0.267 -0.5894 0.006 -0.7975 -0.3292 0.4985 -0.0847 -0.6993 0.4288 0.4756 0.3176 0.5913 0.4688 -0.5112 -0.4114 0.5325 -0.0693 0.8231 -0.185 0.7125 0.0812 -0.6849 -0.1293 -0.6426 -0.3498 0.6418 -0.2297 0.8981 0.2363 0.2892 -0.2325
-0.7341 0.2426 0.5927 0.226 0.7994 -0.1257 -0.5871 0.0193 0.7625 0.267 -0.5894 0.006 -0.7975 -0.3292 0.4985 -0.0847 -0.882 0.3933 0.2485 0.0755 0.5913 0.4688 -0.5112 -0.4114 0.5325 -0.0693 0.8231 -0.185 0.7125 0.0812 -0.6849 -0.1293 -0.6426 -0.3498 0.6418 -0.2297 0.8912 0.2468 0.3046 -0.2283
-0.7341 0.2426 0.5927 0.226 0.7994 -0.1257 -0.5871 0.0193 0.7625 0.267 -0.5894 0.006 -0.7975 -0.3292 0.4985 -0.0847 -0.882 0.3933 0.2485 0.0755 0.664 0.4426 -0.4998 -0.3369 0.5325 -0.0693 0.8231 -0.185 0.7125 0.0812 -0.6849 -0.1293 -0.6426 -0.3498 0.6418 -0.2297 0.8912 0.2468 0.3046 -0.2283
-0.7341 0.2426 0.5927 0.226 0.7994 -0.1257 -0.5871 0.0193 0.7625 0.267 -0.5894 0.006 -0.7975 -0.3292 0.4985 -0.0847 -0.882 0.3933 0.2485 0.0755 0.664 0.4426 -0.4998 -0.3369 0.5325 -0.0693 0.8231 -0.185 0.7125 0.0812 -0.6849 -0.1293 -0.6426 -0.3498 0.6418 -0.2297 0.8912 0.2468 0.3046 -0.2283
-0.7341 0.2426 0.5927 0.226 0.7805 -0.1048 -0.6108 -0.0814 0.7625 0.267 -0.5894 0.006 -0.7563 -0.4457 0.4742 0.0659 -0.882 0.3933 0.2485 0.0755 0.664 0.4426 -0.4998 -0.3369 0.5325 -0.0693 0.8231 -0.185 0.6899 0.0607 -0.7201 -0.0424 -0.6344 -0.3495 0.6329 -0.2734 0.8912 0.2468 0.3046 -0.2283
-0.7341 0.2426 0.5927 0.226 0.7805 -0.1048 -0.6108 -0.0814 0.7625 0.267 -0.5894 0.006 -0.7563 -0.4457 0.4742 0.0659 -0.882 0.3933 0.2485 0.0755 0.664 0.4426 -0.4998 -0.3369 0.5325 -0.0693 0.8231 -0.185 0.6899 0.0607 -0.7201 -0.0424 -0.6344 -0.3495 0.6329 -0.2734 0.8912 0.2468 0.3046 -0.2283
-0.7231 0.2218 0.5966 0.2682 0.7805 -0.1048 -0.6108 -0.0814 0.7629 0.2601 -0.5901 -0.0463 -0.7563 -0.4457 0.4742 0.0659 -0.882 0.3933 0.2485 0.0755 0.664 0.4426 -0.4998 -0.3369 0.756 -0.1641 0.6052 -0.1881 0.6899 0.0607 -0.7201 -0.0424 -0.6344 -0.3495 0.6329 -0.2734 0.8912 0.2468 0.3046 -0.2283
-0.7231 0.2218 0.5966 0.2682 0.7805 -0.1048 -0.6108 -0.0814 0.7629 0.2601 -0.5901 -0.0463 -0.7563 -0.4457 0.4742 0.0659 -0.882 0.3933 0.2485 0.0755 0.664 0.4426 -0.4998 -0.3369 0.756 -0.1641 0.6052 -0.1881 0.6899 0.0607 -0.7201 -0.0424 -0.6344 -0.3495 0.6329 -0.2734 0.8912 0.2468 0.3046 -0.2283
-0.7231 0.2218 0.5966 0.2682 0.7805 -0.1048 -0.6108 -0.0814 0.7629 0.2601 -0.5901 -0.0463 -0.7563 -0.4457 0.4742 0.0659 -0.9263 0.3608 0.0953 -0.0522 0.664 0.4426 -0.4998 -0.3369 0.756 -0.1641 0.6052 -0.1881 0.6899 0.0607 -0.7201 -0.0424 -0.6344 -0.3495 0.6329 -0.2734 0.8842 0.2632 0.3234 -0.2103
-0.7231 0.2218 0.5966 0.2682 0.7805 -0.1048 -0.6108 -0.0814 0.7629 0.2601 -0.5901 -0.0463 -0.7563 -0.4457 0.4742 0.0659 -0.9263 0.3608 0.0953 -0.0522 0.7607 0.3156 -0.5637 -0.0629 0.756 -0.1641 0.6052 -0.1881 0.6899 0.0607 -0.7201 -0.0424 -0.6344 -0.3495 0.6329 -0.2734 0.8842 0.2632 0.3234 -0.2103
-0.7231 0.2218 0.5966 0.2682 0.7805 -0.1048 -0.6108 -0.0814 0.7629 0.2601 -0.5901 -0.0463 -0.7563 -0.4457 0.4742 0.0659 -0.9263 0.3608 0.0953 -0.0522 0.7607 0.3156 -0.5637 -0.0629 0.756 -0.1641 0.6052 -0.1881 0.6899 0.0607 -0.7201 -0.0424 -0.6344 -0.3495 0.6329 -0.2734 0.8842 0.2632 0.3234 -0.2103
-0.7231 0.2218 0.5966 0.2682 0.7805 -0.1048 -0.6108 -0.0814 0.7629 0.2601 -0.5901 -0.0463 -0.7563 -0.4457 0.4742 0.0659 -0.9263 0.3608 0.0953 -0.0522 0.7607 0.3156 -0.5637 -0.0629 0.756 -0.1641 0.6052 -0.1881 0.6771 0.0483 -0.7334 0.0361 -0.6329 -0.3164 0.6269 -0.3262 0.8842 0.2632 0.3234 -0.2103
-0.7231 0.2218 0.5966 0.2682 0.7805 -0.1048 -0.6108 -0.0814 0.7629 0.2601 -0.5901 -0.0463 -0.7563 -0.4457 0.4742 0.0659 -0.9263 0.3608 0.0953 -0.0522 0.7607 0.3156 -0.5637 -0.0629 0.8937 -0.1503 0.4017 -0.1321 0.6771 0.0483 -0.7334 0.0361 -0.6329 -0.3164 0.6269 -0.3262 0.8842 0.2632 0.3234 -0.2103
-0.7231 0.2218 0.5966 0.2682 0.7805 -0.1048 -0.6108 -0.0814 0.7629 0.2601 -0.5901 -0.0463 -0.7563 -0.4457 0.4742 0.0659 -0.9263 0.3608 0.0953 -0.0522 0.7607 0.3156 -0.5637 -0.0629 0.8937 -0.1503 0.4017 -0.1321 0.6771 0.0483 -0.7334 0.0361 -0.6329 -0.3164 0.6269 -0.3262 0.8842 0.2632 0.3234 -0.2103
-0.7358 0.1638 0.6196 0.2188 0.7805 -0.1048 -0.6108 -0.0814 0.7526 0.2537 -0.6075 -0.0151 -0.7563 -0.4457 0.4742 0.0659 -0.9263 0.3608 0.0953 -0.0522 0.7607 0.3156 -0.5637 -0.0629 0.8937 -0.1503 0.4017 -0.1321 0.6771 0.0483 -0.7334 0.0361 -0.6329 -0.3164 0.6269 -0.3262 0.8693 0.2678 0.3604 -0.2067
-0.7358 0.1638 0.6196 0.2188 0.7805 -0.1048 -0.6108 -0.0814 0.7526 0.2537 -0.6075 -0.0151 -0.7563 -0.4457 0.4742 0.0659 -0.9109 0.3748 0.1724 -0.0106 0.7607 0.3156 -0.5637 -0.0629 0.8937 -0.1503 0.4017 -0.1321 0.6771 0.0483 -0.7334 0.0361 -0.6329 -0.3164 0.6269 -0.3262 0.8693 0.2678 0.3604 -0.2067
-0.7358 0.1638 0.6196 0.2188 0.7805 -0.1048 -0.6108 -0.0814 0.7526 0.2537 -0.6075 -0.0151 -0.7563 -0.4457 0.4742 0.0659 -0.9109 0.3748 0.1724 -0.0106 0.7363 0.1444 -0.6428 0.1543 0.8937 -0.1503 0.4017 -0.1321 0.6771 0.0483 -0.7334 0.0361 -0.6329 -0.3164 0.6269 -0.3262 0.8693 0.2678 0.3604 -0.2067
-0.7358 0.1638 0.6196 0.2188 0.7846 -0.043 -0.6181 -0.0223 0.7526 0.2537 -0.6075 -0.0151 -0.6979 -0.4822 0.5167 0.1155 -0.9109 0.3748 0.1724 -0.0106 0.7363 0.1444 -0.6428 0.1543 0.8937 -0.1503 0.4017 -0.1321 0.6714 0.0325 -0.7358 0.0818 -0.6329 -0.3164 0.6269 -0.3262 0.8693 0.2678 0.3604 -0.2067
-0.7358 0.1638 0.6196 0.2188 0.7846 -0.043 -0.6181 -0.0223 0.7526 0.2537 -0.6075 -0.0151 -0.6979 -0.4822 0.5167 0.1155 -0.9109 0.3748 0.1724 -0.0106 0.7363 0.1444 -0.6428 0.1543 0.8937 -0.1503 0.4017 -0.1321 0.6714 0.0325 -0.7358 0.0818 -0.6329 -0.3164 0.6269 -0.3262 0.8693 0.2678 0.3604 -0.2067
-0.7358 0.1638 0.6196 0.2188 0.7846 -0.043 -0.6181 -0.0223 0.7526 0.2537 -0.6075 -0.0151 -0.6979 -0.4822 0.5167 0.1155 -0.9109 0.3748 0.1724 -0.0106 0.7363 0.1444 -0.6428 0.1543 0.8937 -0.1503 0.4017 -0.1321 0.6714 0.0325 -0.7358 0.0818 -0.6329 -0.3164 0.6269 -0.3262 0.8693 0.2678 0.3604 -0.2067
-0.7493 0.1391 0.6173 0.195 0.7846 -0.043 -0.6181 -0.0223 0.7526 0.2537 -0.6075 -0.0151 -0.6979 -0.4822 0.5167 0.1155 -0.9109 0.3748 0.1724 -0.0106 0.7363 0.1444 -0.6428 0.1543 0.9749 -0.0688 0.1699 -0.1265 0.6714 0.0325 -0.7358 0.0818 -0.6329 -0.3164 0.6269 -0.3262 0.8693 0.2678 0.3604 -0.2067
-0.7493 0.1391 0.6173 0.195 0.7846 -0.043 -0.6181 -0.0223 0.7526 0.2537 -0.6075 -0.0151 -0.6979 -0.4822 0.5167 0.1155 -0.9109 0.3748 0.1724 -0.0106 0.7363 0.1444 -0.6428 0.1543 0.9749 -0.0688 0.1699 -0.1265 0.6714 0.0325 -0.7358 0.0818 -0.6329 -0.3164 0.6269 -0.3262 0.8693 0.2678 0.3604 -0.2067
-0.7493 0.1391 0.6173 0.195 0.7846 -0.043 -0.6181 -0.0223 0.7502 0.2209 -0.6215 0.0464 -0.6979 -0.4822 0.5167 0.1155 -0.8183 0.4089 0.3898 0.1061 0.7363 0.1444 -0.6428 0.1543 0.9749 -0.0688 0.1699 -0.1265 0.6714 0.0325 -0.7358 0.0818 -0.6329 -0.3164 0.6269 -0.3262 0.855 0.2612 0.3928 -0.2154
-0.7493 0.1391 0.6173 0.195 0.7846 -0.043 -0.6181 -0.0223 0.7502 0.2209 -0.6215 0.0464 -0.6794 -0.452 0.5689 0.1022 -0.8183 0.4089 0.3898 0.1061 0.7363 0.1444 -0.6428 0.1543 0.9749 -0.0688 0.1699 -0.1265 0.6714 0.0325 -0.7358 0.0818 -0.6329 -0.3164 0.6269 -0.3262 0.855 0.2612 0.3928 -0.2154
-0.7493 0.1391 0.6173 0.195 0.7846 -0.043 -0.6181 -0.0223 0.7502 0.2209 -0.6215 0.0464 -0.6794 -0.452 0.5689 0.1022 -0.8183 0.4089 0.3898 0.1061 0.7363 0.1444 -0.6428 0.1543 0.9749 -0.0688 0.1699 -0.1265 0.6714 0.0325 -0.7358 0.0818 -0.6329 -0.3164 0.6269 -0.3262 0.855 0.2612 0.3928 -0.2154
-0.7493 0.1391 0.6173 0.195 0.7846 -0.043 -0.6181 -0.0223 0.7502 0.2209 -0.6215 0.0464 -0.6794 -0.452 0.5689 0.1022 -0.8183 0.4089 0.3898 0.1061 0.7363 0.1444 -0.6428 0.1543 0.9749 -0.0688 0.1699 -0.1265 0.6571 -0.0084 -0.7393 0.147 -0.6135 -0.2221 0.6138 -0.4443 0.855 0.2612 0.3928 -0.2154
-0.7493 0.1391 0.6173 0.195 0.7846 -0.043 -0.6181 -0.0223 0.7502 0.2209 -0.6215 0.0464 -0.6794 -0.452 0.5689 0.1022 -0.8183 0.4089 0.3898 0.1061 0.7363 0.1444 -0.6428 0.1543 0.9749 -0.0688 0.1699 -0.1265 0.6571 -0.0084 -0.7393 0.147 -0.6135 -0.2221 0.6138 -0.4443 0.855 0.2612 0.3928 -0.2154
-0.755 0.1159 0.6089 0.2139 0.7846 -0.043 -0.6181 -0.0223 0.7502 0.2209 -0.6215 0.0464 -0.6794 -0.452 0.5689 0.1022 -0.8183 0.4089 0.3898 0.1061 0.7363 0.1444 -0.6428 0.1543 0.983 -0.0464 0.1304 -0.1204 0.6571 -0.0084 -0.7393 0.147 -0.6135 -0.2221 0.6138 -0.4443 0.855 0.2612 0.3928 -0.2154
-0.755 0.1159 0.6089 0.2139 0.7846 -0.043 -0.6181 -0.0223 0.7502 0.2209 -0.6215 0.0464 -0.6794 -0.452 0.5689 0.1022 -0.8183 0.4089 0.3898 0.1061 0.7363 0.1444 -0.6428 0.1543 0.983 -0.0464 0.1304 -0.1204 0.6571 -0.0084 -0.7393 0.147 -0.6135 -0.2221 0.6138 -0.4443 0.855 0.2612 0.3928 -0.2154
-0.755 0.1159 0.6089 0.2139 0.7846 -0.043 -0.6181 -0.0223 0.7502 0.2209 -0.6215 0.0464 -0.6794 -0.452 0.5689 0.1022 -0.761 0.3836 0.5015 0.1491 0.7363 0.1444 -0.6428 0.1543 0.983 -0.0464 0.1304 -0.1204 0.6571 -0.0084 -0.7393 0.147 -0.6135 -0.2221 0.6138 -0.4443 0.8131 0.248 0.4708 -0.2361
-0.755 0.1159 0.6089 0.2139 0.7846 -0.043 -0.6181 -0.0223 0.7502 0.2209 -0.6215 0.0464 -0.6794 -0.452 0.5689 0.1022 -0.761 0.3836 0.5015 0.1491 0.7095 0.0383 -0.6781 0.1881 0.983 -0.0464 0.1304 -0.1204 0.6571 -0.0084 -0.7393 0.147 -0.6135 -0.2221 0.6138 -0.4443 0.8131 0.248 0.4708 -0.2361
-0.755 0.1159 0.6089 0.2139 0.7846 -0.043 -0.6181 -0.0223 0.7502 0.2209 -0.6215 0.0464 -0.6794 -0.452 0.5689 0.1022 -0.761 0.3836 0.5015 0.1491 0.7095 0.0383 -0.6781 0.1881 0.983 -0.0464 0.1304 -0.1204 0.6571 -0.0084 -0.7393 0.147 -0.6135 -0.2221 0.6138 -0.4443 0.8131 0.248 0.4708 -0.2361
-0.755 0.1159 0.6089 0.2139 0.7846 -0.043 -0.6181 -0.0223 0.7502 0.2209 -0.6215 0.0464 -0.6794 -0.452 0.5689 0.1022 -0.761 0.3836 0.5015 0.1491 0.7095 0.0383 -0.6781 0.1881 0.983 -0.0464 0.1304 -0.1204 0.644 -0.0435 -0.7258 0.2379 -0.609 -0.2012 0.5701 -0.5134 0.8131 0.248 0.4708 -0.2361
-0.755 0.1159 0.6089 0.2139 0.7846 -0.043 -0.6181 -0.0223 0.7502 0.2209 -0.6215 0.0464 -0.6794 -0.452 0.5689 0.1022 -0.761 0.3836 0.5015 0.1491 0.7095 0.0383 -0.6781 0.1881 0.983 -0.0464 0.1304 -0.1204 0.644 -0.0435 -0.7258 0.2379 -0.609 -0.2012 0.5701 -0.5134 0.8131 0.248 0.4708 -0.2361
-0.7317 0.1325 0.623 0.2429 0.7846 -0.043 -0.6181 -0.0223 0.7366 0.0801 -0.6568 -0.1399 -0.6794 -0.452 0.5689 0.1022 -0.761 0.3836 0.5015 0.1491 0.7095 0.0383 -0.6781 0.1881 0.9533 -0.0585 0.2765 -0.1064 0.644 -0.0435 -0.7258 0.2379 -0.609 -0.2012 0.5701 -0.5134 0.8131 0.248 0.4708 -0.2361
-0.7317 0.1325 0.623 0.2429 0.7846 -0.043 -0.6181 -0.0223 0.7366 0.0801 -0.6568 -0.1399 -0.6794 -0.452 0.5689 0.1022 -0.761 0.3836 0.5015 0.1491 0.7095 0.0383 -0.6781 0.1881 0.9533 -0.0585 0.2765 -0.1064 0.644 -0.0435 -0.7258 0.2379 -0.609 -0.2012 0.5701 -0.5134 0.8131 0.248 0.4708 -0.2361
-0.7317 0.1325 0.623 0.2429 0.7846 -0.043 -0.6181 -0.0223 0.7366 0.0801 -0.6568 -0.1399 -0.6794 -0.452 0.5689 0.1022 -0.7304 0.3394 0.5689 0.1666 0.7095 0.0383 -0.6781 0.1881 0.9533 -0.0585 0.2765 -0.1064 0.644 -0.0435 -0.7258 0.2379 -0.609 -0.2012 0.5701 -0.5134 0.6561 0.0953 0.7251 -0.1864
-0.7317 0.1325 0.623 0.2429 0.7846 -0.043 -0.6181 -0.0223 0.7366 0.0801 -0.6568 -0.1399 -0.6794 -0.452 0.5689 0.1022 -0.7304 0.3394 0.5689 0.1666 0.6957 0.1227 -0.6846 0.1796 0.9533 -0.0585 0.2765 -0.1064 0.644 -0.0435 -0.7258 0.2379 -0.609 -0.2012 0.5701 -0.5134 0.6561 0.0953 0.7251 -0.1864
-0.7317 0.1325 0.623 0.2429 0.7846 -0.043 -0.6181 -0.0223 0.7366 0.0801 -0.6568 -0.1399 -0.6794 -0.452 0.5689 0.1022 -0.7304 0.3394 0.5689 0.1666 0.6957 0.1227 -0.6846 0.1796 0.9533 -0.0585 0.2765 -0.1064 0.644 -0.0435 -0.7258 0.2379 -0.609 -0.2012 0.5701 -0.5134 0.6561 0.0953 0.7251 -0.1864
-0.7317 0.1325 0.623 0.2429 0.7637 -0.1021 -0.636 0.041 0.7366 0.0801 -0.6568 -0.1399 -0.7225 -0.2335 0.599 0.2542 -0.7304 0.3394 0.5689 0.1666 0.6957 0.1227 -0.6846 0.1796 0.9533 -0.0585 0.2765 -0.1064 0.7 0.0206 -0.6805 0.2156 -0.541 -0.0043 0.502 -0.6748 0.6561 0.0953 0.7251 -0.1864
-0.7317 0.1325 0.623 0.2429 0.7637 -0.1021 -0.636 0.041 0.7366 0.0801 -0.6568 -0.1399 -0.7225 -0.2335 0.599 0.2542 -0.7304 0.3394 0.5689 0.1666 0.6957 0.1227 -0.6846 0.1796 0.9533 -0.0585 0.2765 -0.1064 0.7 0.0206 -0.6805 0.2156 -0.541 -0.0043 0.502 -0.6748 0.6561 0.0953 0.7251 -0.1864
-0.7317 0.1325 0.623 0.2429 0.7637 -0.1021 -0.636 0.041 0.7366 0.0801 -0.6568 -0.1399 -0.7225 -0.2335 0.599 0.2542 -0.7304 0.3394 0.5689 0.1666 0.6957 0.1227 -0.6846 0.1796 0.9316 -0.0777 0.3444 -0.086 0.7 0.0206 -0.6805 0.2156 -0.541 -0.0043 0.502 -0.6748 0.6561 0.0953 0.7251 -0.1864
-0.7317 0.1325 0.623 0.2429 0.7637 -0.1021 -0.636 0.041 0.7366 0.0801 -0.6568 -0.1399 -0.7225 -0.2335 0.599 0.2542 -0.7304 0.3394 0.5689 0.1666 0.6957 0.1227 -0.6846 0.1796 0.9316 -0.0777 0.3444 -0.086 0.7 0.0206 -0.6805 0.2156 -0.541 -0.0043 0.502 -0.6748 0.6561 0.0953 0.7251 -0.1864
-0.7317 0.1325 0.623 0.2429 0.7637 -0.1021 -0.636 0.041 0.7366 0.0801 -0.6568 -0.1399 -0.7225 -0.2335 0.599 0.2542 -0.6765 0.3301 0.6292 0.1938 0.6957 0.1227 -0.6846 0.1796 0.9316 -0.0777 0.3444 -0.086 0.7 0.0206 -0.6805 0.2156 -0.541 -0.0043 0.502 -0.6748 0.2242 0.165 0.9537 -0.114
-0.7317 0.1325 0.623 0.2429 0.7637 -0.1021 -0.636 0.041 0.7366 0.0801 -0.6568 -0.1399 -0.7225 -0.2335 0.599 0.2542 -0.6765 0.3301 0.6292 0.1938 0.6931 0.1588 -0.6897 0.1369 0.9316 -0.0777 0.3444 -0.086 0.7 0.0206 -0.6805 0.2156 -0.541 -0.0043 0.502 -0.6748 0.2242 0.165 0.9537 -0.114
-0.7317 0.1325 0.623 0.2429 0.7637 -0.1021 -0.636 0.041 0.7366 0.0801 -0.6568 -0.1399 -0.7554 -0.3535 0.5422 0.1021 -0.6765 0.3301 0.6292 0.1938 0.6931 0.1588 -0.6897 0.1369 0.9316 -0.0777 0.3444 -0.086 0.7 0.0206 -0.6805 0.2156 -0.541 -0.0043 0.502 -0.6748 0.2242 0.165 0.9537 -0.114
-0.7317 0.1325 0.623 0.2429 0.7637 -0.1021 -0.636 0.041 0.7366 0.0801 -0.6568 -0.1399 -0.7554 -0.3535 0.5422 0.1021 -0.6765 0.3301 0.6292 0.1938 0.6931 0.1588 -0.6897 0.1369 0.9316 -0.0777 0.3444 -0.086 0.7626 0.0402 -0.6456 0.0082 -0.3751 0.3681 0.3339 -0.7825 0.2242 0.165 0.9537 -0.114
-0.7317 0.1325 0.623 0.2429 0.7637 -0.1021 -0.636 0.041 0.7366 0.0801 -0.6568 -0.1399 -0.7554 -0.3535 0.5422 0.1021 -0.6765 0.3301 0.6292 0.1938 0.6931 0.1588 -0.6897 0.1369 0.9316 -0.0777 0.3444 -0.086 0.7626 0.0402 -0.6456 0.0082 -0.3751 0.3681 0.3339 -0.7825 0.2242 0.165 0.9537 -0.114
-0.7317 0.1325 0.623 0.2429 0.7637 -0.1021 -0.636 0.041 0.7366 0.0801 -0.6568 -0.1399 -0.7554 -0.3535 0.5422 0.1021 -0.6765 0.3301 0.6292 0.1938 0.6931 0.1588 -0.6897 0.1369 0.9157 -0.0778 0.3835 -0.0917 0.7626 0.0402 -0.6456 0.0082 -0.3751 0.3681 0.3339 -0.7825 0.2242 0.165 0.9537 -0.114
-0.7317 0.1325 0.623 0.2429 0.7637 -0.1021 -0.636 0.041 0.7366 0.0801 -0.6568 -0.1399 -0.7554 -0.3535 0.5422 0.1021 -0.6765 0.3301 0.6292 0.1938 0.6931 0.1588 -0.6897 0.1369 0.9157 -0.0778 0.3835 -0.0917 0.7626 0.0402 -0.6456 0.0082 -0.3751 0.3681 0.3339 -0.7825 0.2242 0.165 0.9537 -0.114
-0.7317 0.1325 0.623 0.2429 0.7637 -0.1021 -0.636 0.041 0.7366 0.0801 -0.6568 -0.1399 -0.7554 -0.3535 0.5422 0.1021 -0.6191 0.3427 0.6619 0.2474 0.6931 0.1588 -0.6897 0.1369 0.9157 -0.0778 0.3835 -0.0917 0.7626 0.0402 -0.6456 0.0082 -0.3751 0.3681 0.3339 -0.7825 0.09 0.2325 0.9557 -0.1567
-0.7317 0.1325 0.623 0.2429 0.7637 -0.1021 -0.636 0.041 0.7366 0.0801 -0.6568 -0.1399 -0.7554 -0.3535 0.5422 0.1021 -0.6191 0.3427 0.6619 0.2474 0.695 0.1978 -0.6873 0.0741 0.9157 -0.0778 0.3835 -0.0917 0.7626 0.0402 -0.6456 0.0082 -0.3751 0.3681 0.3339 -0.7825 0.09 0.2325 0.9557 -0.1567
-0.7317 0.1325 0.623 0.2429 0.7637 -0.1021 -0.636 0.041 0.7366 0.0801 -0.6568 -0.1399 -0.7554 -0.3535 0.5422 0.1021 -0.6191 0.3427 0.6619 0.2474 0.695 0.1978 -0.6873 0.0741 0.9157 -0.0778 0.3835 -0.0917 0.7626 0.0402 -0.6456 0.0082 -0.3751 0.3681 0.3339 -0.7825 0.09 0.2325 0.9557 -0.1567
-0.7317 0.1325 0.623 0.2429 0.7637 -0.1021 -0.636 0.041 0.7366 0.0801 -0.6568 -0.1399 -0.7554 -0.3535 0.5422 0.1021 -0.6191 0.3427 0.6619 0.2474 0.695 0.1978 -0.6873 0.0741 0.9157 -0.0778 0.3835 -0.0917 0.8211 0.1018 -0.5381 -0.161 -0.3246 0.3619 0.3912 -0.7814 0.09 0.2325 0.9557 -0.1567
-0.7317 0.1325 0.623 0.2429 0.7637 -0.1021 -0.636 0.041 0.7366 0.0801 -0.6568 -0.1399 -0.7554 -0.3535 0.5422 0.1021 -0.6191 0.3427 0.6619 0.2474 0.695 0.1978 -0.6873 0.0741 0.9157 -0.0778 0.3835 -0.0917 0.8211 0.1018 -0.5381 -0.161 -0.3246 0.3619 0.3912 -0.7814 0.09 0.2325 0.9557 -0.1567
-0.7317 0.1325 0.623 0.2429 0.7637 -0.1021 -0.636 0.041 0.7942 0.2597 -0.509 0.2065 -0.7554 -0.3535 0.5422 0.1021 -0.6191 0.3427 0.6619 0.2474 0.695 0.1978 -0.6873 0.0741 0.8994 -0.0809 0.4188 -0.0954 0.8211 0.1018 -0.5381 -0.161 -0.3246 0.3619 0.3912 -0.7814 0.09 0.2325 0.9557 -0.1567
-0.7317 0.1325 0.623 0.2429 0.7637 -0.1021 -0.636 0.041 0.7942 0.2597 -0.509 0.2065 -0.7554 -0.3535 0.5422 0.1021 -0.6191 0.3427 0.6619 0.2474 0.695 0.1978 -0.6873 0.0741 0.8994 -0.0809 0.4188 -0.0954 0.8211 0.1018 -0.5381 -0.161 -0.3246 0.3619 0.3912 -0.7814 0.09 0.2325 0.9557 -0.1567
-0.7317 0.1325 0.623 0.2429 0.7637 -0.1021 -0.636 0.041 0.7942 0.2597 -0.509 0.2065 -0.7554 -0.3535 0.5422 0.1021 -0.5626 0.3385 0.6921 0.3 0.695 0.1978 -0.6873 0.0741 0.8994 -0.0809 0.4188 -0.0954 0.8211 0.1018 -0.5381 -0.161 -0.3246 0.3619 0.3912 -0.7814 0.5367 0.2769 0.7769 -0.1782
-0.7317 0.1325 0.623 0.2429 0.7637 -0.1021 -0.636 0.041 0.7942 0.2597 -0.509 0.2065 -0.7554 -0.3535 0.5422 0.1021 -0.5626 0.3385 0.6921 0.3 0.6979 0.2338 -0.6768 0.0138 0.8994 -0.0809 0.4188 -0.0954 0.8211 0.1018 -0.5381 -0.161 -0.3246 0.3619 0.3912 -0.7814 0.5367 0.2769 0.7769 -0.1782
-0.7317 0.1325 0.623 0.2429 0.7637 -0.1021 -0.636 0.041 0.7942 0.2597 -0.509 0.2065 -0.7554 -0.3535 0.5422 0.1021 -0.5626 0.3385 0.6921 0.3 0.6979 0.2338 -0.6768 0.0138 0.8994 -0.0809 0.4188 -0.0954 0.8211 0.1018 -0.5381 -0.161 -0.3246 0.3619 0.3912 -0.7814 0.5367 0.2769 0.7769 -0.1782
-0.7317 0.1325 0.623 0.2429 0.7637 -0.1021 -0.636 0.041 0.7942 0.2597 -0.509 0.2065 -0.7554 -0.3535 0.5422 0.1021 -0.5626 0.3385 0.6921 0.3 0.6979 0.2338 -0.6768 0.0138 0.8994 -0.0809 0.4188 -0.0954 0.7898 0.226 -0.4993 -0.2753 -0.5652 -0.0129 0.564 -0.6019 0.5367 0.2769 0.7769 -0.1782
-0.7317 0.1325 0.623 0.2429 0.7637 -0.1021 -0.636 0.041 0.7942 0.2597 -0.509 0.2065 -0.7554 -0.3535 0.5422 0.1021 -0.5626 0.3385 0.6921 0.3 0.6979 0.2338 -0.6768 0.0138 0.8994 -0.0809 0.4188 -0.0954 0.7898 0.226 -0.4993 -0.2753 -0.5652 -0.0129 0.564 -0.6019 0.5367 0.2769 0.7769 -0.1782
-0.7317 0.1325 0.623 0.2429 0.7637 -0.1021 -0.636 0.041 0.7974 0.2435 -0.4711 0.2879 -0.7554 -0.3535 0.5422 0.1021 -0.5626 0.3385 0.6921 0.3 0.6979 0.2338 -0.6768 0.0138 0.8705 -0.0761 0.4775 -0.0917 0.7898 0.226 -0.4993 -0.2753 -0.5652 -0.0129 0.564 -0.6019 0.5367 0.2769 0.7769 -0.1782
-0.7317 0.1325 0.623 0.2429 0.7637 -0.1021 -0.636 0.041 0.7974 0.2435 -0.4711 0.2879 -0.7554 -0.3535 0.5422 0.1021 -0.5626 0.3385 0.6921 0.3 0.6979 0.2338 -0.6768 0.0138 0.8705 -0.0761 0.4775 -0.0917 0.7898 0.226 -0.4993 -0.2753 -0.5652 -0.0129 0.564 -0.6019 0.5367 0.2769 0.7769 -0.1782
-0.7317 0.1325 0.623 0.2429 0.7637 -0.1021 -0.636 0.041 0.7974 0.2435 -0.4711 0.2879 -0.7554 -0.3535 0.5422 0.1021 -0.5222 0.3157 0.7141 0.3431 0.6957 0.2819 -0.6594 -0.0422 0.8705 -0.0761 0.4775 -0.0917 0.7898 0.226 -0.4993 -0.2753 -0.5652 -0.0129 0.564 -0.6019 0.9055 0.2021 0.3544 -0.1168
-0.7317 0.1325 0.623 0.2429 0.7637 -0.1021 -0.636 0.041 0.7974 0.2435 -0.4711 0.2879 -0.7554 -0.3535 0.5422 0.1021 -0.5222 0.3157 0.7141 0.3431 0.6957 0.2819 -0.6594 -0.0422 0.8705 -0.0761 0.4775 -0.0917 0.7898 0.226 -0.4993 -0.2753 -0.5652 -0.0129 0.564 -0.6019 0.9055 0.2021 0.3544 -0.1168
-0.7317 0.1325 0.623 0.2429 0.7802 -0.0886 -0.595 0.1719 0.7974 0.2435 -0.4711 0.2879 -0.7972 -0.3158 0.3796 -0.3473 -0.5222 0.3157 0.7141 0.3431 0.6957 0.2819 -0.6594 -0.0422 0.8705 -0.0761 0.4775 -0.0917 0.7671 0.1976 -0.5561 -0.2515 -0.5652 -0.0129 0.564 -0.6019 0.9055 0.2021 0.3544 -0.1168
-0.7317 0.1325 0.623 0.2429 0.7802 -0.0886 -0.595 0.1719 0.7974 0.2435 -0.4711 0.2879 -0.7972 -0.3158 0.3796 -0.3473 -0.5222 0.3157 0.7141 0.3431 0.6957 0.2819 -0.6594 -0.0422 0.8705 -0.0761 0.4775 -0.0917 0.7671 0.1976 -0.5561 -0.2515 -0.6522 -0.3821 0.5922 -0.2792 0.9055 0.2021 0.3544 -0.1168
-0.7317 0.1325 0.623 0.2429 0.7802 -0.0886 -0.595 0.1719 0.7974 0.2435 -0.4711 0.2879 -0.7972 -0.3158 0.3796 -0.3473 -0.5222 0.3157 0.7141 0.3431 0.6957 0.2819 -0.6594 -0.0422 0.8705 -0.0761 0.4775 -0.0917 0.7671 0.1976 -0.5561 -0.2515 -0.6522 -0.3821 0.5922 -0.2792 0.9055 0.2021 0.3544 -0.1168
-0.7317 0.1325 0.623 0.2429 0.7802 -0.0886 -0.595 0.1719 0.7974 0.2435 -0.4711 0.2879 -0.7972 -0.3158 0.3796 -0.3473 -0.5222 0.3157 0.7141 0.3431 0.6957 0.2819 -0.6594 -0.0422 0.8422 -0.0775 0.5254 -0.0928 0.7671 0.1976 -0.5561 -0.2515 -0.6522 -0.3821 0.5922 -0.2792 0.9055 0.2021 0.3544 -0.1168
-0.7317 0.1325 0.623 0.2429 0.7802 -0.0886 -0.595 0.1719 0.7974 0.2435 -0.4711 0.2879 -0.7972 -0.3158 0.3796 -0.3473 -0.5222 0.3157 0.7141 0.3431 0.6957 0.2819 -0.6594 -0.0422 0.8422 -0.0775 0.5254 -0.0928 0.7671 0.1976 -0.5561 -0.2515 -0.6522 -0.3821 0.5922 -0.2792 0.9055 0.2021 0.3544 -0.1168
-0.7317 0.1325 0.623 0.2429 0.7802 -0.0886 -0.595 0.1719 0.7974 0.2435 -0.4711 0.2879 -0.7972 -0.3158 0.3796 -0.3473 -0.4728 0.2951 0.7208 0.412 0.6957 0.2819 -0.6594 -0.0422 0.8422 -0.0775 0.5254 -0.0928 0.7671 0.1976 -0.5561 -0.2515 -0.6522 -0.3821 0.5922 -0.2792 0.9755 0.1549 0.0262 -0.154
-0.7317 0.1325 0.623 0.2429 0.7802 -0.0886 -0.595 0.1719 0.7974 0.2435 -0.4711 0.2879 -0.7972 -0.3158 0.3796 -0.3473 -0.4728 0.2951 0.7208 0.412 0.6937 0.3224 -0.6307 -0.1304 0.8422 -0.0775 0.5254 -0.0928 0.7671 0.1976 -0.5561 -0.2515 -0.6522 -0.3821 0.5922 -0.2792 0.9755 0.1549 0.0262 -0.154
-0.7317 0.1325 0.623 0.2429 0.7802 -0.0886 -0.595 0.1719 0.7974 0.2435 -0.4711 0.2879 -0.7972 -0.3158 0.3796 -0.3473 -0.4728 0.2951 0.7208 0.412 0.6937 0.3224 -0.6307 -0.1304 0.8422 -0.0775 0.5254 -0.0928 0.7671 0.1976 -0.5561 -0.2515 -0.6522 -0.3821 0.5922 -0.2792 0.9755 0.1549 0.0262 -0.154
-0.7317 0.1325 0.623 0.2429 0.7793 -0.0941 -0.5981 0.1617 0.7974 0.2435 -0.4711 0.2879 -0.7647 -0.3126 0.3804 -0.4156 -0.4728 0.2951 0.7208 0.412 0.6937 0.3224 -0.6307 -0.1304 0.8422 -0.0775 0.5254 -0.0928 0.7426 0.1316 -0.6178 -0.2225 -0.6283 -0.4652 0.5754 -0.2403 0.9755 0.1549 0.0262 -0.154
-0.7317 0.1325 0.623 0.2429 0.7793 -0.0941 -0.5981 0.1617 0.7974 0.2435 -0.4711 0.2879 -0.7647 -0.3126 0.3804 -0.4156 -0.4728 0.2951 0.7208 0.412 0.6937 0.3224 -0.6307 -0.1304 0.8422 -0.0775 0.5254 -0.0928 0.7426 0.1316 -0.6178 -0.2225 -0.6283 -0.4652 0.5754 -0.2403 0.9755 0.1549 0.0262 -0.154
-0.7317 0.1325 0.623 0.2429 0.7793 -0.0941 -0.5981 0.1617 0.7974 0.2435 -0.4711 0.2879 -0.7647 -0.3126 0.3804 -0.4156 -0.4728 0.2951 0.7208 0.412 0.6937 0.3224 -0.6307 -0.1304 0.7006 -0.0646 0.7084 -0.056 0.7426 0.1316 -0.6178 -0.2225 -0.6283 -0.4652 0.5754 -0.2403 0.9755 0.1549 0.0262 -0.154
-0.7317 0.1325 0.623 0.2429 0.7793 -0.0941 -0.5981 0.1617 0.7974 0.2435 -0.4711 0.2879 -0.7647 -0.3126 0.3804 -0.4156 -0.4728 0.2951 0.7208 0.412 0.6937 0.3224 -0.6307 -0.1304 0.7006 -0.0646 0.7084 -0.056 0.7426 0.1316 -0.6178 -0.2225 -0.6283 -0.4652 0.5754 -0.2403 0.9755 0.1549 0.0262 -0.154
-0.7317 0.1325 0.623 0.2429 0.7793 -0.0941 -0.5981 0.1617 0.7974 0.2435 -0.4711 0.2879 -0.7647 -0.3126 0.3804 -0.4156 -0.4855 0.3105 0.6785 0.4556 0.6937 0.3224 -0.6307 -0.1304 0.7006 -0.0646 0.7084 -0.056 0.7426 0.1316 -0.6178 -0.2225 -0.6283 -0.4652 0.5754 -0.2403 0.9462 0.2059 0.1912 -0.1609
-0.7317 0.1325 0.623 0.2429 0.7793 -0.0941 -0.5981 0.1617 0.7974 0.2435 -0.4711 0.2879 -0.7647 -0.3126 0.3804 -0.4156 -0.4855 0.3105 0.6785 0.4556 0.6664 0.41 -0.5526 -0.2871 0.7006 -0.0646 0.7084 -0.056 0.7426 0.1316 -0.6178 -0.2225 -0.6283 -0.4652 0.5754 -0.2403 0.9462 0.2059 0.1912 -0.1609
-0.7317 0.1325 0.623 0.2429 0.7793 -0.0941 -0.5981 0.1617 0.7974 0.2435 -0.4711 0.2879 -0.7647 -0.3126 0.3804 -0.4156 -0.4855 0.3105 0.6785 0.4556 0.6664 0.41 -0.5526 -0.2871 0.7006 -0.0646 0.7084 -0.056 0.7426 0.1316 -0.6178 -0.2225 -0.6283 -0.4652 0.5754 -0.2403 0.9462 0.2059 0.1912 -0.1609
-0.7317 0.1325 0.623 0.2429 0.7861 -0.0924 -0.6044 0.091 0.7974 0.2435 -0.4711 0.2879 -0.7647 -0.3126 0.3804 -0.4156 -0.4855 0.3105 0.6785 0.4556 0.6664 0.41 -0.5526 -0.2871 0.7006 -0.0646 0.7084 -0.056 0.7329 0.1248 -0.6431 -0.1835 -0.6372 -0.3698 0.6185 -0.2734 0.9462 0.2059 0.1912 -0.1609
-0.7317 0.1325 0.623 0.2429 0.7861 -0.0924 -0.6044 0.091 0.7974 0.2435 -0.4711 0.2879 -0.7647 -0.3126 0.3804 -0.4156 -0.4855 0.3105 0.6785 0.4556 0.6664 0.41 -0.5526 -0.2871 0.7006 -0.0646 0.7084 -0.056 0.7329 0.1248 -0.6431 -0.1835 -0.6372 -0.3698 0.6185 -0.2734 0.9462 0.2059 0.1912 -0.1609
-0.7601 0.1546 0.6058 0.1771 0.7861 -0.0924 -0.6044 0.091 0.7548 0.217 -0.5994 0.155 -0.7647 -0.3126 0.3804 -0.4156 -0.4855 0.3105 0.6785 0.4556 0.6664 0.41 -0.5526 -0.2871 0.4671 -0.0391 0.8833 0.0048 0.7329 0.1248 -0.6431 -0.1835 -0.6372 -0.3698 0.6185 -0.2734 0.9462 0.2059 0.1912 -0.1609
-0.7601 0.1546 0.6058 0.1771 0.7861 -0.0924 -0.6044 0.091 0.7548 0.217 -0.5994 0.155 -0.7647 -0.3126 0.3804 -0.4156 -0.4855 0.3105 0.6785 0.4556 0.6664 0.41 -0.5526 -0.2871 0.4671 -0.0391 0.8833 0.0048 0.7329 0.1248 -0.6431 -0.1835 -0.6372 -0.3698 0.6185 -0.2734 0.9462 0.2059 0.1912 -0.1609
-0.7601 0.1546 0.6058 0.1771 0.7861 -0.0924 -0.6044 0.091 0.7548 0.217 -0.5994 0.155 -0.7647 -0.3126 0.3804 -0.4156 -0.6135 0.3995 0.5752 0.365 0.6664 0.41 -0.5526 -0.2871 0.4671 -0.0391 0.8833 0.0048 0.7329 0.1248 -0.6431 -0.1835 -0.6372 -0.3698 0.6185 -0.2734 0.9058 0.215 0.3033 -0.2033
-0.7601 0.1546 0.6058 0.1771 0.7861 -0.0924 -0.6044 0.091 0.7548 0.217 -0.5994 0.155 -0.7647 -0.3126 0.3804 -0.4156 -0.6135 0.3995 0.5752 0.365 0.6117 0.5087 -0.5146 -0.3196 0.4671 -0.0391 0.8833 0.0048 0.7329 0.1248 -0.6431 -0.1835 -0.6372 -0.3698 0.6185 -0.2734 0.9058 0.215 0.3033 -0.2033
-0.7601 0.1546 0.6058 0.1771 0.7875 -0.0792 -0.6105 0.0294 0.7548 0.217 -0.5994 0.155 -0.7801 -0.2911 0.5258 -0.1741 -0.6135 0.3995 0.5752 0.365 0.6117 0.5087 -0.5146 -0.3196 0.4671 -0.0391 0.8833 0.0048 0.7141 0.0843 -0.6909 -0.0757 -0.6372 -0.3698 0.6185 -0.2734 0.9058 0.215 0.3033 -0.2033
-0.7601 0.1546 0.6058 0.1771 0.7875 -0.0792 -0.6105 0.0294 0.7548 0.217 -0.5994 0.155 -0.7801 -0.2911 0.5258 -0.1741 -0.6135 0.3995 0.5752 0.365 0.6117 0.5087 -0.5146 -0.3196 0.4671 -0.0391 0.8833 0.0048 0.7141 0.0843 -0.6909 -0.0757 -0.623 -0.3278 0.6255 -0.3364 0.9058 0.215 0.3033 -0.2033
-0.7601 0.1546 0.6058 0.1771 0.7875 -0.0792 -0.6105 0.0294 0.7548 0.217 -0.5994 0.155 -0.7801 -0.2911 0.5258 -0.1741 -0.6135 0.3995 0.5752 0.365 0.6117 0.5087 -0.5146 -0.3196 0.4671 -0.0391 0.8833 0.0048 0.7141 0.0843 -0.6909 -0.0757 -0.623 -0.3278 0.6255 -0.3364 0.9058 0.215 0.3033 -0.2033
-0.7601 0.1546 0.6058 0.1771 0.7875 -0.0792 -0.6105 0.0294 0.7478 0.1941 -0.6326 -0.0546 -0.7801 -0.2911 0.5258 -0.1741 -0.6135 0.3995 0.5752 0.365 0.6117 0.5087 -0.5146 -0.3196 0.6616 -0.075 0.7427 -0.0718 0.7141 0.0843 -0.6909 -0.0757 -0.623 -0.3278 0.6255 -0.3364 0.9058 0.215 0.3033 -0.2033
-0.7601 0.1546 0.6058 0.1771 0.7875 -0.0792 -0.6105 0.0294 0.7478 0.1941 -0.6326 -0.0546 -0.7801 -0.2911 0.5258 -0.1741 -0.6135 0.3995 0.5752 0.365 0.6117 0.5087 -0.5146 -0.3196 0.6616 -0.075 0.7427 -0.0718 0.7141 0.0843 -0.6909 -0.0757 -0.623 -0.3278 0.6255 -0.3364 0.9058 0.215 0.3033 -0.2033
-0.7601 0.1546 0.6058 0.1771 0.7875 -0.0792 -0.6105 0.0294 0.7478 0.1941 -0.6326 -0.0546 -0.7801 -0.2911 0.5258 -0.1741 -0.7248 0.4537 0.464 0.2313 0.6117 0.5087 -0.5146 -0.3196 0.6616 -0.075 0.7427 -0.0718 0.7141 0.0843 -0.6909 -0.0757 -0.623 -0.3278 0.6255 -0.3364 0.8977 0.2227 0.319 -0.2068
-0.7601 0.1546 0.6058 0.1771 0.7875 -0.0792 -0.6105 0.0294 0.7478 0.1941 -0.6326 -0.0546 -0.7801 -0.2911 0.5258 -0.1741 -0.7248 0.4537 0.464 0.2313 0.6826 0.3896 -0.5948 -0.1691 0.6616 -0.075 0.7427 -0.0718 0.7141 0.0843 -0.6909 -0.0757 -0.623 -0.3278 0.6255 -0.3364 0.8977 0.2227 0.319 -0.2068
-0.7601 0.1546 0.6058 0.1771 0.7875 -0.0792 -0.6105 0.0294 0.7478 0.1941 -0.6326 -0.0546 -0.7801 -0.2911 0.5258 -0.1741 -0.7248 0.4537 0.464 0.2313 0.6826 0.3896 -0.5948 -0.1691 0.6616 -0.075 0.7427 -0.0718 0.7141 0.0843 -0.6909 -0.0757 -0.623 -0.3278 0.6255 -0.3364 0.8977 0.2227 0.319 -0.2068
-0.7601 0.1546 0.6058 0.1771 0.7875 -0.0792 -0.6105 0.0294 0.7478 0.1941 -0.6326 -0.0546 -0.7801 -0.2911 0.5258 -0.1741 -0.7248 0.4537 0.464 0.2313 0.6826 0.3896 -0.5948 -0.1691 0.6616 -0.075 0.7427 -0.0718 0.6804 0.0496 -0.7302 0.0377 -0.6215 -0.3079 0.6186 -0.3693 0.8977 0.2227 0.319 -0.2068
-0.7601 0.1546 0.6058 0.1771 0.7875 -0.0792 -0.6105 0.0294 0.7478 0.1941 -0.6326 -0.0546 -0.7801 -0.2911 0.5258 -0.1741 -0.7248 0.4537 0.464 0.2313 0.6826 0.3896 -0.5948 -0.1691 0.8972 -0.0751 0.4221 -0.106 0.6804 0.0496 -0.7302 0.0377 -0.6215 -0.3079 0.6186 -0.3693 0.8977 0.2227 0.319 -0.2068
-0.7462 0.1619 0.5914 0.2592 0.7875 -0.0792 -0.6105 0.0294 0.7478 0.1941 -0.6326 -0.0546 -0.7801 -0.2911 0.5258 -0.1741 -0.7248 0.4537 0.464 0.2313 0.6826 0.3896 -0.5948 -0.1691 0.8972 -0.0751 0.4221 -0.106 0.6804 0.0496 -0.7302 0.0377 -0.6215 -0.3079 0.6186 -0.3693 0.8977 0.2227 0.319 -0.2068
-0.7462 0.1619 0.5914 0.2592 0.7875 -0.0792 -0.6105 0.0294 0.7478 0.1941 -0.6326 -0.0546 -0.7801 -0.2911 0.5258 -0.1741 -0.7248 0.4537 0.464 0.2313 0.6826 0.3896 -0.5948 -0.1691 0.8972 -0.0751 0.4221 -0.106 0.6804 0.0496 -0.7302 0.0377 -0.6215 -0.3079 0.6186 -0.3693 0.8977 0.2227 0.319 -0.2068
-0.7462 0.1619 0.5914 0.2592 0.7875 -0.0792 -0.6105 0.0294 0.7478 0.1941 -0.6326 -0.0546 -0.7801 -0.2911 0.5258 -0.1741 -0.791 0.3961 0.4427 0.1465 0.6826 0.3896 -0.5948 -0.1691 0.8972 -0.0751 0.4221 -0.106 0.6804 0.0496 -0.7302 0.0377 -0.6215 -0.3079 0.6186 -0.3693 0.891 0.2372 0.3393 -0.1864
-0.7462 0.1619 0.5914 0.2592 0.7875 -0.0792 -0.6105 0.0294 0.7478 0.1941 -0.6326 -0.0546 -0.7801 -0.2911 0.5258 -0.1741 -0.791 0.3961 0.4427 0.1465 0.7094 0.1548 -0.6738 0.1367 0.8972 -0.0751 0.4221 -0.106 0.6804 0.0496 -0.7302 0.0377 -0.6215 -0.3079 0.6186 -0.3693 0.891 0.2372 0.3393 -0.1864
-0.7462 0.1619 0.5914 0.2592 0.7808 -0.044 -0.6183 -0.0787 0.7478 0.1941 -0.6326 -0.0546 -0.6892 -0.4764 0.4608 0.2927 -0.791 0.3961 0.4427 0.1465 0.7094 0.1548 -0.6738 0.1367 0.8972 -0.0751 0.4221 -0.106 0.6427 -0.001 -0.7553 0.1281 -0.6215 -0.3079 0.6186 -0.3693 0.891 0.2372 0.3393 -0.1864
-0.7462 0.1619 0.5914 0.2592 0.7808 -0.044 -0.6183 -0.0787 0.7478 0.1941 -0.6326 -0.0546 -0.6892 -0.4764 0.4608 0.2927 -0.791 0.3961 0.4427 0.1465 0.7094 0.1548 -0.6738 0.1367 0.8972 -0.0751 0.4221 -0.106 0.6427 -0.001 -0.7553 0.1281 -0.6124 -0.2739 0.6082 -0.4244 0.891 0.2372 0.3393 -0.1864
-0.7462 0.1619 0.5914 0.2592 0.7808 -0.044 -0.6183 -0.0787 0.7478 0.1941 -0.6326 -0.0546 -0.6892 -0.4764 0.4608 0.2927 -0.791 0.3961 0.4427 0.1465 0.7094 0.1548 -0.6738 0.1367 0.9691 -0.0522 0.1469 -0.1911 0.6427 -0.001 -0.7553 0.1281 -0.6124 -0.2739 0.6082 -0.4244 0.891 0.2372 0.3393 -0.1864
-0.7376 0.1679 0.6054 0.2473 0.7808 -0.044 -0.6183 -0.0787 0.7338 0.2435 -0.5742 -0.2692 -0.6892 -0.4764 0.4608 0.2927 -0.791 0.3961 0.4427 0.1465 0.7094 0.1548 -0.6738 0.1367 0.9691 -0.0522 0.1469 -0.1911 0.6427 -0.001 -0.7553 0.1281 -0.6124 -0.2739 0.6082 -0.4244 0.891 0.2372 0.3393 -0.1864
-0.7376 0.1679 0.6054 0.2473 0.7808 -0.044 -0.6183 -0.0787 0.7338 0.2435 -0.5742 -0.2692 -0.6892 -0.4764 0.4608 0.2927 -0.791 0.3961 0.4427 0.1465 0.7094 0.1548 -0.6738 0.1367 0.9691 -0.0522 0.1469 -0.1911 0.6427 -0.001 -0.7553 0.1281 -0.6124 -0.2739 0.6082 -0.4244 0.891 0.2372 0.3393 -0.1864
-0.7376 0.1679 0.6054 0.2473 0.7808 -0.044 -0.6183 -0.0787 0.7338 0.2435 -0.5742 -0.2692 -0.6892 -0.4764 0.4608 0.2927 -0.7488 0.3926 0.5106 0.1562 0.6983 0.0729 -0.704 0.1068 0.9691 -0.0522 0.1469 -0.1911 0.6427 -0.001 -0.7553 0.1281 -0.6124 -0.2739 0.6082 -0.4244 0.8511 0.2393 0.4258 -0.1923
-0.7376 0.1679 0.6054 0.2473 0.7808 -0.044 -0.6183 -0.0787 0.7338 0.2435 -0.5742 -0.2692 -0.6892 -0.4764 0.4608 0.2927 -0.7488 0.3926 0.5106 0.1562 0.6983 0.0729 -0.704 0.1068 0.9691 -0.0522 0.1469 -0.1911 0.6427 -0.001 -0.7553 0.1281 -0.6124 -0.2739 0.6082 -0.4244 0.8511 0.2393 0.4258 -0.1923
-0.7376 0.1679 0.6054 0.2473 0.7709 -0.0377 -0.6314 -0.0748 0.7338 0.2435 -0.5742 -0.2692 -0.6892 -0.4764 0.4608 0.2927 -0.7488 0.3926 0.5106 0.1562 0.6983 0.0729 -0.704 0.1068 0.9691 -0.0522 0.1469 -0.1911 0.6492 -0.0118 -0.7394 0.1781 -0.6124 -0.2739 0.6082 -0.4244 0.8511 0.2393 0.4258 -0.1923
-0.7376 0.1679 0.6054 0.2473 0.7709 -0.0377 -0.6314 -0.0748 0.7338 0.2435 -0.5742 -0.2692 -0.6892 -0.4764 0.4608 0.2927 -0.7488 0.3926 0.5106 0.1562 0.6983 0.0729 -0.704 0.1068 0.9691 -0.0522 0.1469 -0.1911 0.6492 -0.0118 -0.7394 0.1781 -0.597 -0.1506 0.5798 -0.5337 0.8511 0.2393 0.4258 -0.1923
-0.7376 0.1679 0.6054 0.2473 0.7709 -0.0377 -0.6314 -0.0748 0.7338 0.2435 -0.5742 -0.2692 -0.6892 -0.4764 0.4608 0.2927 -0.7488 0.3926 0.5106 0.1562 0.6983 0.0729 -0.704 0.1068 0.9691 -0.0522 0.1469 -0.1911 0.6492 -0.0118 -0.7394 0.1781 -0.597 -0.1506 0.5798 -0.5337 0.8511 0.2393 0.4258 -0.1923
-0.7315 0.1725 0.6246 0.2123 0.7709 -0.0377 -0.6314 -0.0748 0.7338 0.2435 -0.5742 -0.2692 -0.6892 -0.4764 0.4608 0.2927 -0.7488 0.3926 0.5106 0.1562 0.6983 0.0729 -0.704 0.1068 0.9691 -0.0522 0.1469 -0.1911 0.6492 -0.0118 -0.7394 0.1781 -0.597 -0.1506 0.5798 -0.5337 0.8511 0.2393 0.4258 -0.1923
-0.7315 0.1725 0.6246 0.2123 0.7709 -0.0377 -0.6314 -0.0748 0.7338 0.2435 -0.5742 -0.2692 -0.6892 -0.4764 0.4608 0.2927 -0.7283 0.3795 0.5446 0.1701 0.6983 0.0729 -0.704 0.1068 0.9691 -0.0522 0.1469 -0.1911 0.6492 -0.0118 -0.7394 0.1781 -0.597 -0.1506 0.5798 -0.5337 0.6042 0.2087 0.7365 -0.2214
-0.7315 0.1725 0.6246 0.2123 0.7709 -0.0377 -0.6314 -0.0748 0.7338 0.2435 -0.5742 -0.2692 -0.6892 -0.4764 0.4608 0.2927 -0.7283 0.3795 0.5446 0.1701 0.6927 0.2173 -0.6832 0.0787 0.9691 -0.0522 0.1469 -0.1911 0.6492 -0.0118 -0.7394 0.1781 -0.597 -0.1506 0.5798 -0.5337 0.6042 0.2087 0.7365 -0.2214
-0.7315 0.1725 0.6246 0.2123 0.7709 -0.0377 -0.6314 -0.0748 0.7338 0.2435 -0.5742 -0.2692 -0.6892 -0.4764 0.4608 0.2927 -0.7283 0.3795 0.5446 0.1701 0.6927 0.2173 -0.6832 0.0787 0.9691 -0.0522 0.1469 -0.1911 0.7132 0.0701 -0.6953 0.0552 -0.597 -0.1506 0.5798 -0.5337 0.6042 0.2087 0.7365 -0.2214
-0.7315 0.1725 0.6246 0.2123 0.7709 -0.0377 -0.6314 -0.0748 0.7338 0.2435 -0.5742 -0.2692 -0.6892 -0.4764 0.4608 0.2927 -0.7283 0.3795 0.5446 0.1701 0.6927 0.2173 -0.6832 0.0787 0.9691 -0.0522 0.1469 -0.1911 0.7132 0.0701 -0.6953 0.0552 -0.5643 0.0022 0.5496 -0.6161 0.6042 0.2087 0.7365 -0.2214
-0.7315 0.1725 0.6246 0.2123 0.7709 -0.0377 -0.6314 -0.0748 0.7338 0.2435 -0.5742 -0.2692 -0.6892 -0.4764 0.4608 0.2927 -0.7283 0.3795 0.5446 0.1701 0.6927 0.2173 -0.6832 0.0787 0.9691 -0.0522 0.1469 -0.1911 0.7132 0.0701 -0.6953 0.0552 -0.5643 0.0022 0.5496 -0.6161 0.6042 0.2087 0.7365 -0.2214
-0.7315 0.1725 0.6246 0.2123 0.7709 -0.0377 -0.6314 -0.0748 0.7338 0.2435 -0.5742 -0.2692 -0.6892 -0.4764 0.4608 0.2927 -0.7283 0.3795 0.5446 0.1701 0.6927 0.2173 -0.6832 0.0787 0.9691 -0.0522 0.1469 -0.1911 0.7132 0.0701 -0.6953 0.0552 -0.5643 0.0022 0.5496 -0.6161 0.6042 0.2087 0.7365 -0.2214
-0.7529 0.1409 0.6358 0.0957 0.7709 -0.0377 -0.6314 -0.0748 0.722 0.2697 -0.6365 -0.0284 -0.6892 -0.4764 0.4608 0.2927 -0.7283 0.3795 0.5446 0.1701 0.6927 0.2173 -0.6832 0.0787 0.9128 -0.0599 0.3793 -0.1393 0.7132 0.0701 -0.6953 0.0552 -0.5643 0.0022 0.5496 -0.6161 0.6042 0.2087 0.7365 -0.2214
-0.7529 0.1409 0.6358 0.0957 0.7709 -0.0377 -0.6314 -0.0748 0.722 0.2697 -0.6365 -0.0284 -0.6892 -0.4764 0.4608 0.2927 -0.6545 0.3782 0.6067 0.246 0.6927 0.2173 -0.6832 0.0787 0.9128 -0.0599 0.3793 -0.1393 0.7132 0.0701 -0.6953 0.0552 -0.5643 0.0022 0.5496 -0.6161 0.6638 0.2737 0.6736 -0.1753
-0.7529 0.1409 0.6358 0.0957 0.7709 -0.0377 -0.6314 -0.0748 0.722 0.2697 -0.6365 -0.0284 -0.6892 -0.4764 0.4608 0.2927 -0.6545 0.3782 0.6067 0.246 0.6932 0.2395 -0.6794 0.0206 0.9128 -0.0599 0.3793 -0.1393 0.7132 0.0701 -0.6953 0.0552 -0.5643 0.0022 0.5496 -0.6161 0.6638 0.2737 0.6736 -0.1753
-0.7529 0.1409 0.6358 0.0957 0.7709 -0.0377 -0.6314 -0.0748 0.722 0.2697 -0.6365 -0.0284 -0.6892 -0.4764 0.4608 0.2927 -0.6545 0.3782 0.6067 0.246 0.6932 0.2395 -0.6794 0.0206 0.9128 -0.0599 0.3793 -0.1393 0.7132 0.0701 -0.6953 0.0552 -0.5643 0.0022 0.5496 -0.6161 0.6638 0.2737 0.6736 -0.1753
-0.7529 0.1409 0.6358 0.0957 0.7937 -0.0685 -0.5897 0.1325 0.722 0.2697 -0.6365 -0.0284 -0.7717 -0.2623 0.5333 -0.2266 -0.6545 0.3782 0.6067 0.246 0.6932 0.2395 -0.6794 0.0206 0.9128 -0.0599 0.3793 -0.1393 0.7378 0.1981 -0.6406 -0.0781 -0.5643 0.0022 0.5496 -0.6161 0.6638 0.2737 0.6736 -0.1753
-0.7529 0.1409 0.6358 0.0957 0.7937 -0.0685 -0.5897 0.1325 0.722 0.2697 -0.6365 -0.0284 -0.7717 -0.2623 0.5333 -0.2266 -0.6545 0.3782 0.6067 0.246 0.6932 0.2395 -0.6794 0.0206 0.9128 -0.0599 0.3793 -0.1393 0.7378 0.1981 -0.6406 -0.0781 -0.605 -0.1819 0.5533 -0.5428 0.6638 0.2737 0.6736 -0.1753
-0.7529 0.1409 0.6358 0.0957 0.7937 -0.0685 -0.5897 0.1325 0.722 0.2697 -0.6365 -0.0284 -0.7717 -0.2623 0.5333 -0.2266 -0.6545 0.3782 0.6067 0.246 0.6932 0.2395 -0.6794 0.0206 0.9128 -0.0599 0.3793 -0.1393 0.7378 0.1981 -0.6406 -0.0781 -0.605 -0.1819 0.5533 -0.5428 0.6638 0.2737 0.6736 -0.1753
-0.7724 0.1353 0.6206 -0.0054 0.7937 -0.0685 -0.5897 0.1325 0.722 0.2697 -0.6365 -0.0284 -0.7717 -0.2623 0.5333 -0.2266 -0.6545 0.3782 0.6067 0.246 0.6932 0.2395 -0.6794 0.0206 0.9128 -0.0599 0.3793 -0.1393 0.7378 0.1981 -0.6406 -0.0781 -0.605 -0.1819 0.5533 -0.5428 0.6638 0.2737 0.6736 -0.1753
-0.7724 0.1353 0.6206 -0.0054 0.7937 -0.0685 -0.5897 0.1325 0.722 0.2697 -0.6365 -0.0284 -0.7717 -0.2623 0.5333 -0.2266 -0.5755 0.3569 0.6625 0.32 0.6932 0.2395 -0.6794 0.0206 0.9128 -0.0599 0.3793 -0.1393 0.7378 0.1981 -0.6406 -0.0781 -0.605 -0.1819 0.5533 -0.5428 0.9121 0.2167 0.3385 -0.0804
-0.7724 0.1353 0.6206 -0.0054 0.7937 -0.0685 -0.5897 0.1325 0.722 0.2697 -0.6365 -0.0284 -0.7717 -0.2623 0.5333 -0.2266 -0.5755 0.3569 0.6625 0.32 0.6988 0.2461 -0.6707 -0.0355 0.9128 -0.0599 0.3793 -0.1393 0.7378 0.1981 -0.6406 -0.0781 -0.605 -0.1819 0.5533 -0.5428 0.9121 0.2167 0.3385 -0.0804
-0.7724 0.1353 0.6206 -0.0054 0.7937 -0.0685 -0.5897 0.1325 0.722 0.2697 -0.6365 -0.0284 -0.7717 -0.2623 0.5333 -0.2266 -0.5755 0.3569 0.6625 0.32 0.6988 0.2461 -0.6707 -0.0355 0.9128 -0.0599 0.3793 -0.1393 0.7378 0.1981 -0.6406 -0.0781 -0.605 -0.1819 0.5533 -0.5428 0.9121 0.2167 0.3385 -0.0804
-0.7724 0.1353 0.6206 -0.0054 0.7941 -0.1201 -0.5391 0.2537 0.722 0.2697 -0.6365 -0.0284 -0.7613 -0.2249 0.4976 -0.3497 -0.5755 0.3569 0.6625 0.32 0.6988 0.2461 -0.6707 -0.0355 0.9128 -0.0599 0.3793 -0.1393 0.7485 0.1562 -0.6165 -0.1876 -0.605 -0.1819 0.5533 -0.5428 0.9121 0.2167 0.3385 -0.0804
-0.7724 0.1353 0.6206 -0.0054 0.7941 -0.1201 -0.5391 0.2537 0.722 0.2697 -0.6365 -0.0284 -0.7613 -0.2249 0.4976 -0.3497 -0.5755 0.3569 0.6625 0.32 0.6988 0.2461 -0.6707 -0.0355 0.9128 -0.0599 0.3793 -0.1393 0.7485 0.1562 -0.6165 -0.1876 -0.6263 -0.4742 0.5646 -0.2529 0.9121 0.2167 0.3385 -0.0804
-0.7724 0.1353 0.6206 -0.0054 0.7941 -0.1201 -0.5391 0.2537 0.7516 0.2421 -0.5449 0.2818 -0.7613 -0.2249 0.4976 -0.3497 -0.5755 0.3569 0.6625 0.32 0.6988 0.2461 -0.6707 -0.0355 0.9128 -0.0599 0.3793 -0.1393 0.7485 0.1562 -0.6165 -0.1876 -0.6263 -0.4742 0.5646 -0.2529 0.9121 0.2167 0.3385 -0.0804
-0.7912 0.1475 0.5911 -0.0524 0.7941 -0.1201 -0.5391 0.2537 0.7516 0.2421 -0.5449 0.2818 -0.7613 -0.2249 0.4976 -0.3497 -0.5755 0.3569 0.6625 0.32 0.6988 0.2461 -0.6707 -0.0355 0.8887 -0.0655 0.4263 -0.1556 0.7485 0.1562 -0.6165 -0.1876 -0.6263 -0.4742 0.5646 -0.2529 0.9792 0.1643 0.0198 -0.1172
-0.7912 0.1475 0.5911 -0.0524 0.7941 -0.1201 -0.5391 0.2537 0.7516 0.2421 -0.5449 0.2818 -0.7613 -0.2249 0.4976 -0.3497 -0.5065 0.3436 0.6917 0.3834 0.6988 0.2461 -0.6707 -0.0355 0.8887 -0.0655 0.4263 -0.1556 0.7485 0.1562 -0.6165 -0.1876 -0.6263 -0.4742 0.5646 -0.2529 0.9792 0.1643 0.0198 -0.1172
-0.7912 0.1475 0.5911 -0.0524 0.7941 -0.1201 -0.5391 0.2537 0.7516 0.2421 -0.5449 0.2818 -0.7613 -0.2249 0.4976 -0.3497 -0.5065 0.3436 0.6917 0.3834 0.6907 0.3101 -0.6393 -0.1345 0.8887 -0.0655 0.4263 -0.1556 0.7485 0.1562 -0.6165 -0.1876 -0.6263 -0.4742 0.5646 -0.2529 0.9792 0.1643 0.0198 -0.1172
-0.7912 0.1475 0.5911 -0.0524 0.7896 -0.1481 -0.5098 0.3077 0.7516 0.2421 -0.5449 0.2818 -0.7613 -0.2249 0.4976 -0.3497 -0.5065 0.3436 0.6917 0.3834 0.6907 0.3101 -0.6393 -0.1345 0.8887 -0.0655 0.4263 -0.1556 0.7485 0.1562 -0.6165 -0.1876 -0.6263 -0.4742 0.5646 -0.2529 0.9792 0.1643 0.0198 -0.1172
-0.7912 0.1475 0.5911 -0.0524 0.7896 -0.1481 -0.5098 0.3077 0.7516 0.2421 -0.5449 0.2818 -0.7613 -0.2249 0.4976 -0.3497 -0.5065 0.3436 0.6917 0.3834 0.6907 0.3101 -0.6393 -0.1345 0.8887 -0.0655 0.4263 -0.1556 0.7485 0.1562 -0.6165 -0.1876 -0.6263 -0.4742 0.5646 -0.2529 0.9792 0.1643 0.0198 -0.1172
-0.7912 0.1475 0.5911 -0.0524 0.7896 -0.1481 -0.5098 0.3077 0.7516 0.2421 -0.5449 0.2818 -0.7173 -0.2577 0.4023 -0.5073 -0.5065 0.3436 0.6917 0.3834 0.6907 0.3101 -0.6393 -0.1345 0.8887 -0.0655 0.4263 -0.1556 0.7355 0.1138 -0.6333 -0.2122 -0.6292 -0.481 0.5764 -0.2015 0.9792 0.1643 0.0198 -0.1172
-0.7912 0.1475 0.5911 -0.0524 0.7896 -0.1481 -0.5098 0.3077 0.7516 0.2421 -0.5449 0.2818 -0.7173 -0.2577 0.4023 -0.5073 -0.5065 0.3436 0.6917 0.3834 0.6907 0.3101 -0.6393 -0.1345 0.8887 -0.0655 0.4263 -0.1556 0.7355 0.1138 -0.6333 -0.2122 -0.6292 -0.481 0.5764 -0.2015 0.9792 0.1643 0.0198 -0.1172
-0.7876 0.1685 0.5914 -0.0396 0.7896 -0.1481 -0.5098 0.3077 0.7516 0.2421 -0.5449 0.2818 -0.7173 -0.2577 0.4023 -0.5073 -0.5065 0.3436 0.6917 0.3834 0.6907 0.3101 -0.6393 -0.1345 0.8887 -0.0655 0.4263 -0.1556 0.7355 0.1138 -0.6333 -0.2122 -0.6292 -0.481 0.5764 -0.2015 0.9792 0.1643 0.0198 -0.1172
-0.7876 0.1685 0.5914 -0.0396 0.7896 -0.1481 -0.5098 0.3077 0.7516 0.2421 -0.5449 0.2818 -0.7173 -0.2577 0.4023 -0.5073 -0.5038 0.3503 0.6569 0.438 0.6907 0.3101 -0.6393 -0.1345 0.8887 -0.0655 0.4263 -0.1556 0.7355 0.1138 -0.6333 -0.2122 -0.6292 -0.481 0.5764 -0.2015 0.9411 0.2208 0.1874 -0.1744
-0.7876 0.1685 0.5914 -0.0396 0.7896 -0.1481 -0.5098 0.3077 0.7516 0.2421 -0.5449 0.2818 -0.7173 -0.2577 0.4023 -0.5073 -0.5038 0.3503 0.6569 0.438 0.6577 0.3965 -0.5661 -0.2997 0.8887 -0.0655 0.4263 -0.1556 0.7355 0.1138 -0.6333 -0.2122 -0.6292 -0.481 0.5764 -0.2015 0.9411 0.2208 0.1874 -0.1744
-0.7876 0.1685 0.5914 -0.0396 0.7896 -0.1481 -0.5098 0.3077 0.7516 0.2421 -0.5449 0.2818 -0.7173 -0.2577 0.4023 -0.5073 -0.5038 0.3503 0.6569 0.438 0.6577 0.3965 -0.5661 -0.2997 0.8887 -0.0655 0.4263 -0.1556 0.7355 0.1138 -0.6333 -0.2122 -0.6292 -0.481 0.5764 -0.2015 0.9411 0.2208 0.1874 -0.1744
-0.7876 0.1685 0.5914 -0.0396 0.7902 -0.1554 -0.5513 0.2181 0.7516 0.2421 -0.5449 0.2818 -0.7196 -0.2612 0.4394 -0.47 -0.5038 0.3503 0.6569 0.438 0.6577 0.3965 -0.5661 -0.2997 0.8887 -0.0655 0.4263 -0.1556 0.7263 0.1006 -0.6482 -0.2055 -0.6292 -0.481 0.5764 -0.2015 0.9411 0.2208 0.1874 -0.1744
-0.7876 0.1685 0.5914 -0.0396 0.7902 -0.1554 -0.5513 0.2181 0.7516 0.2421 -0.5449 0.2818 -0.7196 -0.2612 0.4394 -0.47 -0.5038 0.3503 0.6569 0.438 0.6577 0.3965 -0.5661 -0.2997 0.8887 -0.0655 0.4263 -0.1556 0.7263 0.1006 -0.6482 -0.2055 -0.6619 -0.342 0.634 -0.2073 0.9411 0.2208 0.1874 -0.1744
-0.7876 0.1685 0.5914 -0.0396 0.7902 -0.1554 -0.5513 0.2181 0.7516 0.2421 -0.5449 0.2818 -0.7196 -0.2612 0.4394 -0.47 -0.5038 0.3503 0.6569 0.438 0.6577 0.3965 -0.5661 -0.2997 0.8887 -0.0655 0.4263 -0.1556 0.7263 0.1006 -0.6482 -0.2055 -0.6619 -0.342 0.634 -0.2073 0.9411 0.2208 0.1874 -0.1744
-0.754 0.1992 0.6234 0.0568 0.7902 -0.1554 -0.5513 0.2181 0.7516 0.2421 -0.5449 0.2818 -0.7196 -0.2612 0.4394 -0.47 -0.5038 0.3503 0.6569 0.438 0.6577 0.3965 -0.5661 -0.2997 0.8887 -0.0655 0.4263 -0.1556 0.7263 0.1006 -0.6482 -0.2055 -0.6619 -0.342 0.634 -0.2073 0.9411 0.2208 0.1874 -0.1744
-0.754 0.1992 0.6234 0.0568 0.7902 -0.1554 -0.5513 0.2181 0.7516 0.2421 -0.5449 0.2818 -0.7196 -0.2612 0.4394 -0.47 -0.612 0.4326 0.5333 0.3925 0.6577 0.3965 -0.5661 -0.2997 0.8887 -0.0655 0.4263 -0.1556 0.7263 0.1006 -0.6482 -0.2055 -0.6619 -0.342 0.634 -0.2073 0.9084 0.2267 0.2881 -0.2009
-0.754 0.1992 0.6234 0.0568 0.7902 -0.1554 -0.5513 0.2181 0.7516 0.2421 -0.5449 0.2818 -0.7196 -0.2612 0.4394 -0.47 -0.612 0.4326 0.5333 0.3925 0.6415 0.4272 -0.512 -0.3792 0.8887 -0.0655 0.4263 -0.1556 0.7263 0.1006 -0.6482 -0.2055 -0.6619 -0.342 0.634 -0.2073 0.9084 0.2267 0.2881 -0.2009
-0.754 0.1992 0.6234 0.0568 0.7832 -0.1129 -0.6066 0.0775 0.7516 0.2421 -0.5449 0.2818 -0.7196 -0.2612 0.4394 -0.47 -0.612 0.4326 0.5333 0.3925 0.6415 0.4272 -0.512 -0.3792 0.8887 -0.0655 0.4263 -0.1556 0.7263 0.1006 -0.6482 -0.2055 -0.6619 -0.342 0.634 -0.2073 0.9084 0.2267 0.2881 -0.2009
-0.754 0.1992 0.6234 0.0568 0.7832 -0.1129 -0.6066 0.0775 0.7516 0.2421 -0.5449 0.2818 -0.7196 -0.2612 0.4394 -0.47 -0.612 0.4326 0.5333 0.3925 0.6415 0.4272 -0.512 -0.3792 0.8887 -0.0655 0.4263 -0.1556 0.7078 0.0706 -0.6965 -0.095 -0.6619 -0.342 0.634 -0.2073 0.9084 0.2267 0.2881 -0.2009
-0.754 0.1992 0.6234 0.0568 0.7832 -0.1129 -0.6066 0.0775 0.7516 0.2421 -0.5449 0.2818 -0.7196 -0.2612 0.4394 -0.47 -0.612 0.4326 0.5333 0.3925 0.6415 0.4272 -0.512 -0.3792 0.8887 -0.0655 0.4263 -0.1556 0.7078 0.0706 -0.6965 -0.095 -0.6427 -0.3116 0.6388 -0.2859 0.9084 0.2267 0.2881 -0.2009
-0.754 0.1992 0.6234 0.0568 0.7832 -0.1129 -0.6066 0.0775 0.7587 0.1993 -0.6188 -0.0411 -0.7196 -0.2612 0.4394 -0.47 -0.612 0.4326 0.5333 0.3925 0.6415 0.4272 -0.512 -0.3792 0.8887 -0.0655 0.4263 -0.1556 0.7078 0.0706 -0.6965 -0.095 -0.6427 -0.3116 0.6388 -0.2859 0.9084 0.2267 0.2881 -0.2009
-0.754 0.1992 0.6234 0.0568 0.7832 -0.1129 -0.6066 0.0775 0.7587 0.1993 -0.6188 -0.0411 -0.7196 -0.2612 0.4394 -0.47 -0.612 0.4326 0.5333 0.3925 0.6415 0.4272 -0.512 -0.3792 0.8887 -0.0655 0.4263 -0.1556 0.7078 0.0706 -0.6965 -0.095 -0.6427 -0.3116 0.6388 -0.2859 0.9084 0.2267 0.2881 -0.2009
-0.754 0.1992 0.6234 0.0568 0.7832 -0.1129 -0.6066 0.0775 0.7587 0.1993 -0.6188 -0.0411 -0.7196 -0.2612 0.4394 -0.47 -0.612 0.4326 0.5333 0.3925 0.6415 0.4272 -0.512 -0.3792 0.682 -0.0231 0.725 -0.0929 0.7078 0.0706 -0.6965 -0.095 -0.6427 -0.3116 0.6388 -0.2859 0.9084 0.2267 0.2881 -0.2009
-0.7279 0.232 0.6256 0.1578 0.7832 -0.1129 -0.6066 0.0775 0.7587 0.1993 -0.6188 -0.0411 -0.7196 -0.2612 0.4394 -0.47 -0.7106 0.4697 0.4592 0.2523 0.6927 0.3234 -0.6196 -0.178 0.682 -0.0231 0.725 -0.0929 0.7078 0.0706 -0.6965 -0.095 -0.6427 -0.3116 0.6388 -0.2859 0.8975 0.2328 0.3135 -0.2047
-0.7279 0.232 0.6256 0.1578 0.7832 -0.1129 -0.6066 0.0775 0.7587 0.1993 -0.6188 -0.0411 -0.7196 -0.2612 0.4394 -0.47 -0.7106 0.4697 0.4592 0.2523 0.6927 0.3234 -0.6196 -0.178 0.682 -0.0231 0.725 -0.0929 0.7078 0.0706 -0.6965 -0.095 -0.6427 -0.3116 0.6388 -0.2859 0.8975 0.2328 0.3135 -0.2047
-0.7279 0.232 0.6256 0.1578 0.7832 -0.1129 -0.6066 0.0775 0.7587 0.1993 -0.6188 -0.0411 -0.7196 -0.2612 0.4394 -0.47 -0.7106 0.4697 0.4592 0.2523 0.6927 0.3234 -0.6196 -0.178 0.682 -0.0231 0.725 -0.0929 0.6772 0.0282 -0.7346 0.0306 -0.6342 -0.3025 0.6229 -0.344 0.8975 0.2328 0.3135 -0.2047
-0.7279 0.232 0.6256 0.1578 0.7832 -0.1129 -0.6066 0.0775 0.7587 0.1993 -0.6188 -0.0411 -0.7196 -0.2612 0.4394 -0.47 -0.7106 0.4697 0.4592 0.2523 0.6927 0.3234 -0.6196 -0.178 0.682 -0.0231 0.725 -0.0929 0.6772 0.0282 -0.7346 0.0306 -0.6342 -0.3025 0.6229 -0.344 0.8975 0.2328 0.3135 -0.2047
-0.7279 0.232 0.6256 0.1578 0.7832 -0.1129 -0.6066 0.0775 0.7587 0.1993 -0.6188 -0.0411 -0.7196 -0.2612 0.4394 -0.47 -0.7106 0.4697 0.4592 0.2523 0.6927 0.3234 -0.6196 -0.178 0.682 -0.0231 0.725 -0.0929 0.6772 0.0282 -0.7346 0.0306 -0.6342 -0.3025 0.6229 -0.344 0.8975 0.2328 0.3135 -0.2047
-0.7241 0.2211 0.5999 0.2589 0.7832 -0.1129 -0.6066 0.0775 0.7472 0.252 -0.5909 -0.1705 -0.7196 -0.2612 0.4394 -0.47 -0.7106 0.4697 0.4592 0.2523 0.6927 0.3234 -0.6196 -0.178 0.9081 -0.0281 0.3759 -0.1823 0.6772 0.0282 -0.7346 0.0306 -0.6342 -0.3025 0.6229 -0.344 0.8975 0.2328 0.3135 -0.2047
-0.7241 0.2211 0.5999 0.2589 0.7832 -0.1129 -0.6066 0.0775 0.7472 0.252 -0.5909 -0.1705 -0.7196 -0.2612 0.4394 -0.47 -0.7616 0.4075 0.4738 0.1716 0.6927 0.3234 -0.6196 -0.178 0.9081 -0.0281 0.3759 -0.1823 0.6772 0.0282 -0.7346 0.0306 -0.6342 -0.3025 0.6229 -0.344 0.888 0.2455 0.3391 -0.1902
-0.7241 0.2211 0.5999 0.2589 0.7832 -0.1129 -0.6066 0.0775 0.7472 0.252 -0.5909 -0.1705 -0.7196 -0.2612 0.4394 -0.47 -0.7616 0.4075 0.4738 0.1716 0.7131 0.0743 -0.6854 0.1271 0.9081 -0.0281 0.3759 -0.1823 0.6772 0.0282 -0.7346 0.0306 -0.6342 -0.3025 0.6229 -0.344 0.888 0.2455 0.3391 -0.1902
-0.7241 0.2211 0.5999 0.2589 0.7832 -0.1129 -0.6066 0.0775 0.7472 0.252 -0.5909 -0.1705 -0.7316 -0.4545 0.4514 0.2335 -0.7616 0.4075 0.4738 0.1716 0.7131 0.0743 -0.6854 0.1271 0.9081 -0.0281 0.3759 -0.1823 0.6772 0.0282 -0.7346 0.0306 -0.6342 -0.3025 0.6229 -0.344 0.888 0.2455 0.3391 -0.1902
-0.7241 0.2211 0.5999 0.2589 0.7832 -0.1129 -0.6066 0.0775 0.7472 0.252 -0.5909 -0.1705 -0.7316 -0.4545 0.4514 0.2335 -0.7616 0.4075 0.4738 0.1716 0.7131 0.0743 -0.6854 0.1271 0.9081 -0.0281 0.3759 -0.1823 0.6431 -0.0113 -0.7576 0.111 -0.6342 -0.3025 0.6229 -0.344 0.888 0.2455 0.3391 -0.1902
-0.7241 0.2211 0.5999 0.2589 0.7832 -0.1129 -0.6066 0.0775 0.7472 0.252 -0.5909 -0.1705 -0.7316 -0.4545 0.4514 0.2335 -0.7616 0.4075 0.4738 0.1716 0.7131 0.0743 -0.6854 0.1271 0.9081 -0.0281 0.3759 -0.1823 0.6431 -0.0113 -0.7576 0.111 -0.6216 -0.2462 0.6091 -0.4265 0.888 0.2455 0.3391 -0.1902
-0.7241 0.2211 0.5999 0.2589 0.7832 -0.1129 -0.6066 0.0775 0.7472 0.252 -0.5909 -0.1705 -0.7316 -0.4545 0.4514 0.2335 -0.7616 0.4075 0.4738 0.1716 0.7131 0.0743 -0.6854 0.1271 0.9081 -0.0281 0.3759 -0.1823 0.6431 -0.0113 -0.7576 0.111 -0.6216 -0.2462 0.6091 -0.4265 0.888 0.2455 0.3391 -0.1902
-0.7181 0.2264 0.5915 0.2885 0.7832 -0.1129 -0.6066 0.0775 0.7346 0.2954 -0.5527 -0.2602 -0.7316 -0.4545 0.4514 0.2335 -0.7616 0.4075 0.4738 0.1716 0.7131 0.0743 -0.6854 0.1271 0.9709 -0.0386 0.1573 -0.1761 0.6431 -0.0113 -0.7576 0.111 -0.6216 -0.2462 0.6091 -0.4265 0.888 0.2455 0.3391 -0.1902
-0.7181 0.2264 0.5915 0.2885 0.7832 -0.1129 -0.6066 0.0775 0.7346 0.2954 -0.5527 -0.2602 -0.7316 -0.4545 0.4514 0.2335 -0.7552 0.3686 0.5261 0.1304 0.7131 0.0743 -0.6854 0.1271 0.9709 -0.0386 0.1573 -0.1761 0.6431 -0.0113 -0.7576 0.111 -0.6216 -0.2462 0.6091 -0.4265 0.8389 0.2352 0.4432 -0.211
-0.7181 0.2264 0.5915 0.2885 0.7832 -0.1129 -0.6066 0.0775 0.7346 0.2954 -0.5527 -0.2602 -0.7316 -0.4545 0.4514 0.2335 -0.7552 0.3686 0.5261 0.1304 0.7065 0.0753 -0.6943 0.1144 0.9709 -0.0386 0.1573 -0.1761 0.6431 -0.0113 -0.7576 0.111 -0.6216 -0.2462 0.6091 -0.4265 0.8389 0.2352 0.4432 -0.211
-0.7181 0.2264 0.5915 0.2885 0.7832 -0.1129 -0.6066 0.0775 0.7346 0.2954 -0.5527 -0.2602 -0.7316 -0.4545 0.4514 0.2335 -0.7552 0.3686 0.5261 0.1304 0.7065 0.0753 -0.6943 0.1144 0.9709 -0.0386 0.1573 -0.1761 0.6591 -0.0128 -0.7377 0.146 -0.6216 -0.2462 0.6091 -0.4265 0.8389 0.2352 0.4432 -0.211
-0.7181 0.2264 0.5915 0.2885 0.7832 -0.1129 -0.6066 0.0775 0.7346 0.2954 -0.5527 -0.2602 -0.7316 -0.4545 0.4514 0.2335 -0.7552 0.3686 0.5261 0.1304 0.7065 0.0753 -0.6943 0.1144 0.9709 -0.0386 0.1573 -0.1761 0.6591 -0.0128 -0.7377 0.146 -0.6216 -0.2462 0.6091 -0.4265 0.8389 0.2352 0.4432 -0.211
-0.7181 0.2264 0.5915 0.2885 0.7832 -0.1129 -0.6066 0.0775 0.7346 0.2954 -0.5527 -0.2602 -0.7316 -0.4545 0.4514 0.2335 -0.7552 0.3686 0.5261 0.1304 0.7065 0.0753 -0.6943 0.1144 0.9709 -0.0386 0.1573 -0.1761 0.6591 -0.0128 -0.7377 0.146 -0.5973 -0.1061 0.5659 -0.5584 0.8389 0.2352 0.4432 -0.211
-0.7181 0.2264 0.5915 0.2885 0.7832 -0.1129 -0.6066 0.0775 0.7346 0.2954 -0.5527 -0.2602 -0.7316 -0.4545 0.4514 0.2335 -0.7552 0.3686 0.5261 0.1304 0.7065 0.0753 -0.6943 0.1144 0.9709 -0.0386 0.1573 -0.1761 0.6591 -0.0128 -0.7377 0.146 -0.5973 -0.1061 0.5659 -0.5584 0.8389 0.2352 0.4432 -0.211
-0.7181 0.2264 0.5915 0.2885 0.7832 -0.1129 -0.6066 0.0775 0.7346 0.2954 -0.5527 -0.2602 -0.7316 -0.4545 0.4514 0.2335 -0.7552 0.3686 0.5261 0.1304 0.7065 0.0753 -0.6943 0.1144 0.9709 -0.0386 0.1573 -0.1761 0.6591 -0.0128 -0.7377 0.146 -0.5973 -0.1061 0.5659 -0.5584 0.8389 0.2352 0.4432 -0.211
-0.7188 0.2289 0.614 0.2322 0.7832 -0.1129 -0.6066 0.0775 0.7346 0.2954 -0.5527 -0.2602 -0.7316 -0.4545 0.4514 0.2335 -0.7164 0.3916 0.5494 0.1777 0.7065 0.0753 -0.6943 0.1144 0.9177 -0.0591 0.3719 -0.1263 0.6591 -0.0128 -0.7377 0.146 -0.5973 -0.1061 0.5659 -0.5584 0.5485 0.1779 0.7974 -0.1779
-0.7188 0.2289 0.614 0.2322 0.7832 -0.1129 -0.6066 0.0775 0.7346 0.2954 -0.5527 -0.2602 -0.7316 -0.4545 0.4514 0.2335 -0.7164 0.3916 0.5494 0.1777 0.6938 0.2114 -0.6862 0.0551 0.9177 -0.0591 0.3719 -0.1263 0.6591 -0.0128 -0.7377 0.146 -0.5973 -0.1061 0.5659 -0.5584 0.5485 0.1779 0.7974 -0.1779
-0.7188 0.2289 0.614 0.2322 0.7832 -0.1129 -0.6066 0.0775 0.7346 0.2954 -0.5527 -0.2602 -0.7316 -0.4545 0.4514 0.2335 -0.7164 0.3916 0.5494 0.1777 0.6938 0.2114 -0.6862 0.0551 0.9177 -0.0591 0.3719 -0.1263 0.6591 -0.0128 -0.7377 0.146 -0.5973 -0.1061 0.5659 -0.5584 0.5485 0.1779 0.7974 -0.1779
-0.7188 0.2289 0.614 0.2322 0.7751 -0.0826 -0.6259 -0.028 0.7346 0.2954 -0.5527 -0.2602 -0.7316 -0.4545 0.4514 0.2335 -0.7164 0.3916 0.5494 0.1777 0.6938 0.2114 -0.6862 0.0551 0.9177 -0.0591 0.3719 -0.1263 0.7289 0.1393 -0.6663 0.0729 -0.5973 -0.1061 0.5659 -0.5584 0.5485 0.1779 0.7974 -0.1779
-0.7188 0.2289 0.614 0.2322 0.7751 -0.0826 -0.6259 -0.028 0.7346 0.2954 -0.5527 -0.2602 -0.7316 -0.4545 0.4514 0.2335 -0.7164 0.3916 0.5494 0.1777 0.6938 0.2114 -0.6862 0.0551 0.9177 -0.0591 0.3719 -0.1263 0.7289 0.1393 -0.6663 0.0729 -0.5588 -0.0477 0.5029 -0.6577 0.5485 0.1779 0.7974 -0.1779
-0.7188 0.2289 0.614 0.2322 0.7751 -0.0826 -0.6259 -0.028 0.7346 0.2954 -0.5527 -0.2602 -0.7316 -0.4545 0.4514 0.2335 -0.7164 0.3916 0.5494 0.1777 0.6938 0.2114 -0.6862 0.0551 0.9177 -0.0591 0.3719 -0.1263 0.7289 0.1393 -0.6663 0.0729 -0.5588 -0.0477 0.5029 -0.6577 0.5485 0.1779 0.7974 -0.1779
-0.7559 0.1338 0.6388 0.0508 0.7751 -0.0826 -0.6259 -0.028 0.6947 0.3384 -0.6346 2.0E-4 -0.7316 -0.4545 0.4514 0.2335 -0.7164 0.3916 0.5494 0.1777 0.6938 0.2114 -0.6862 0.0551 0.9118 -0.0563 0.389 -0.1187 0.7289 0.1393 -0.6663 0.0729 -0.5588 -0.0477 0.5029 -0.6577 0.5485 0.1779 0.7974 -0.1779
-0.7559 0.1338 0.6388 0.0508 0.7751 -0.0826 -0.6259 -0.028 0.6947 0.3384 -0.6346 2.0E-4 -0.7316 -0.4545 0.4514 0.2335 -0.6531 0.3643 0.6197 0.2383 0.6938 0.2114 -0.6862 0.0551 0.9118 -0.0563 0.389 -0.1187 0.7289 0.1393 -0.6663 0.0729 -0.5588 -0.0477 0.5029 -0.6577 0.6695 0.2195 0.6868 -0.1785
-0.7559 0.1338 0.6388 0.0508 0.7751 -0.0826 -0.6259 -0.028 0.6947 0.3384 -0.6346 2.0E-4 -0.7316 -0.4545 0.4514 0.2335 -0.6531 0.3643 0.6197 0.2383 0.6962 0.2133 -0.6854 0.0029 0.9118 -0.0563 0.389 -0.1187 0.7289 0.1393 -0.6663 0.0729 -0.5588 -0.0477 0.5029 -0.6577 0.6695 0.2195 0.6868 -0.1785
-0.7559 0.1338 0.6388 0.0508 0.7751 -0.0826 -0.6259 -0.028 0.6947 0.3384 -0.6346 2.0E-4 -0.7316 -0.4545 0.4514 0.2335 -0.6531 0.3643 0.6197 0.2383 0.6962 0.2133 -0.6854 0.0029 0.9118 -0.0563 0.389 -0.1187 0.7289 0.1393 -0.6663 0.0729 -0.5588 -0.0477 0.5029 -0.6577 0.6695 0.2195 0.6868 -0.1785
-0.7559 0.1338 0.6388 0.0508 0.7873 -0.0584 -0.577 0.2095 0.6947 0.3384 -0.6346 2.0E-4 -0.7329 -0.3946 0.5372 -0.1362 -0.6531 0.3643 0.6197 0.2383 0.6962 0.2133 -0.6854 0.0029 0.9118 -0.0563 0.389 -0.1187 0.7389 0.2317 -0.629 -0.0682 -0.5588 -0.0477 0.5029 -0.6577 0.6695 0.2195 0.6868 -0.1785
-0.7559 0.1338 0.6388 0.0508 0.7873 -0.0584 -0.577 0.2095 0.6947 0.3384 -0.6346 2.0E-4 -0.7329 -0.3946 0.5372 -0.1362 -0.6531 0.3643 0.6197 0.2383 0.6962 0.2133 -0.6854 0.0029 0.9118 -0.0563 0.389 -0.1187 0.7389 0.2317 -0.629 -0.0682 -0.5978 -0.2145 0.579 -0.5114 0.6695 0.2195 0.6868 -0.1785
