rt-uaw rt-uax rt-uay rt-uaz rt-faw rt-fax rt-fay rt-faz rt-thw rt-thx rt-thy rt-thz rt-llw rt-llx rt-lly rt-llz rt-ftw rt-ftx rt-fty rt-ftz lt-uaw lt-uax lt-uay lt-uaz lt-faw lt-fax lt-fay lt-faz lt-thw lt-thx lt-thy lt-thz lt-llw lt-llx lt-lly lt-llz lt-ftw lt-ftx lt-fty lt-ftz 
-0.7638 0.1675 0.6026 0.1595 -0.4411 0.5441 0.598 0.3897 -0.6729 0.3611 0.6024 0.2324 -0.6796 -0.2501 0.617 -0.3081 -0.661 0.2185 0.7025 0.1475 -0.6873 -0.2519 0.6675 -0.136 -0.8974 -0.0049 -0.4275 0.1092 -0.6422 0.1083 0.7567 0.058 -0.6786 0.178 0.7085 -0.0761 -0.9294 0.0854 -0.3488 0.0855
-0.7638 0.1675 0.6026 0.1595 -0.4411 0.5441 0.598 0.3897 -0.6729 0.3611 0.6024 0.2324 -0.6796 -0.2501 0.617 -0.3081 -0.661 0.2185 0.7025 0.1475 -0.6873 -0.2519 0.6675 -0.136 -0.8974 -0.0049 -0.4275 0.1092 -0.6422 0.1083 0.7567 0.058 -0.6786 0.178 0.7085 -0.0761 -0.9294 0.0854 -0.3488 0.0855
-0.7638 0.1675 0.6026 0.1595 -0.4411 0.5441 0.598 0.3897 -0.6729 0.3611 0.6024 0.2324 -0.6856 -0.2692 0.6045 -0.3034 -0.661 0.2185 0.7025 0.1475 -0.6873 -0.2519 0.6675 -0.136 -0.8974 -0.0049 -0.4275 0.1092 -0.6336 0.14 0.7599 0.0371 -0.6786 0.178 0.7085 -0.0761 -0.9294 0.0854 -0.3488 0.0855
-0.7724 0.1839 0.5646 0.2255 -0.4411 0.5441 0.598 0.3897 -0.6729 0.3611 0.6024 0.2324 -0.6856 -0.2692 0.6045 -0.3034 -0.5739 0.3354 0.7441 -0.0671 -0.6873 -0.2519 0.6675 -0.136 -0.976 -0.0196 -0.2074 0.0634 -0.6336 0.14 0.7599 0.0371 -0.6786 0.178 0.7085 -0.0761 -0.9294 0.0854 -0.3488 0.0855
-0.7724 0.1839 0.5646 0.2255 -0.4619 0.5312 0.5711 0.4223 -0.6729 0.3611 0.6024 0.2324 -0.6856 -0.2692 0.6045 -0.3034 -0.5739 0.3354 0.7441 -0.0671 -0.6873 -0.2519 0.6675 -0.136 -0.976 -0.0196 -0.2074 0.0634 -0.6336 0.14 0.7599 0.0371 -0.6786 0.178 0.7085 -0.0761 -0.9294 0.0854 -0.3488 0.0855
-0.7724 0.1839 0.5646 0.2255 -0.4619 0.5312 0.5711 0.4223 -0.6729 0.3611 0.6024 0.2324 -0.6856 -0.2692 0.6045 -0.3034 -0.5739 0.3354 0.7441 -0.0671 -0.6503 -0.125 0.6904 -0.2913 -0.976 -0.0196 -0.2074 0.0634 -0.6336 0.14 0.7599 0.0371 -0.6786 0.178 0.7085 -0.0761 -0.9294 0.0854 -0.3488 0.0855
-0.7724 0.1839 0.5646 0.2255 -0.4619 0.5312 0.5711 0.4223 -0.6641 0.3861 0.5842 0.2621 -0.6856 -0.2692 0.6045 -0.3034 -0.5739 0.3354 0.7441 -0.0671 -0.6503 -0.125 0.6904 -0.2913 -0.976 -0.0196 -0.2074 0.0634 -0.6336 0.14 0.7599 0.0371 -0.6786 0.178 0.7085 -0.0761 -0.9261 0.0729 -0.3632 0.0718
-0.7724 0.1839 0.5646 0.2255 -0.4619 0.5312 0.5711 0.4223 -0.6641 0.3861 0.5842 0.2621 -0.6856 -0.2692 0.6045 -0.3034 -0.5739 0.3354 0.7441 -0.0671 -0.6503 -0.125 0.6904 -0.2913 -0.976 -0.0196 -0.2074 0.0634 -0.6336 0.14 0.7599 0.0371 -0.687 0.2081 0.6879 -0.1068 -0.9261 0.0729 -0.3632 0.0718
-0.7724 0.1839 0.5646 0.2255 -0.4619 0.5312 0.5711 0.4223 -0.6641 0.3861 0.5842 0.2621 -0.7118 -0.2844 0.5889 -0.2563 -0.5739 0.3354 0.7441 -0.0671 -0.6503 -0.125 0.6904 -0.2913 -0.976 -0.0196 -0.2074 0.0634 -0.6298 0.1605 0.7601 -0.0036 -0.687 0.2081 0.6879 -0.1068 -0.9261 0.0729 -0.3632 0.0718
-0.7724 0.1839 0.5646 0.2255 -0.4619 0.5312 0.5711 0.4223 -0.6641 0.3861 0.5842 0.2621 -0.7118 -0.2844 0.5889 -0.2563 -0.5739 0.3354 0.7441 -0.0671 -0.6503 -0.125 0.6904 -0.2913 -0.976 -0.0196 -0.2074 0.0634 -0.6298 0.1605 0.7601 -0.0036 -0.687 0.2081 0.6879 -0.1068 -0.9261 0.0729 -0.3632 0.0718
-0.7724 0.1839 0.5646 0.2255 -0.4619 0.5312 0.5711 0.4223 -0.6641 0.3861 0.5842 0.2621 -0.7118 -0.2844 0.5889 -0.2563 -0.5739 0.3354 0.7441 -0.0671 -0.6503 -0.125 0.6904 -0.2913 -0.976 -0.0196 -0.2074 0.0634 -0.6298 0.1605 0.7601 -0.0036 -0.687 0.2081 0.6879 -0.1068 -0.9261 0.0729 -0.3632 0.0718
-0.7724 0.1839 0.5646 0.2255 -0.454 0.5319 0.5414 0.4668 -0.6641 0.3861 0.5842 0.2621 -0.7118 -0.2844 0.5889 -0.2563 -0.5739 0.3354 0.7441 -0.0671 -0.6503 -0.125 0.6904 -0.2913 -0.9835 -0.0012 -0.165 0.0745 -0.6298 0.1605 0.7601 -0.0036 -0.687 0.2081 0.6879 -0.1068 -0.9261 0.0729 -0.3632 0.0718
-0.7724 0.1839 0.5646 0.2255 -0.454 0.5319 0.5414 0.4668 -0.6724 0.4171 0.5561 0.2543 -0.7118 -0.2844 0.5889 -0.2563 -0.5739 0.3354 0.7441 -0.0671 -0.6525 -0.1238 0.6906 -0.2862 -0.9835 -0.0012 -0.165 0.0745 -0.6298 0.1605 0.7601 -0.0036 -0.687 0.2081 0.6879 -0.1068 -0.9261 0.0729 -0.3632 0.0718
-0.7724 0.1839 0.5646 0.2255 -0.454 0.5319 0.5414 0.4668 -0.6724 0.4171 0.5561 0.2543 -0.7118 -0.2844 0.5889 -0.2563 -0.5739 0.3354 0.7441 -0.0671 -0.6525 -0.1238 0.6906 -0.2862 -0.9835 -0.0012 -0.165 0.0745 -0.6298 0.1605 0.7601 -0.0036 -0.687 0.2081 0.6879 -0.1068 -0.8861 0.0601 -0.4561 0.057
-0.7724 0.1839 0.5646 0.2255 -0.454 0.5319 0.5414 0.4668 -0.6724 0.4171 0.5561 0.2543 -0.7118 -0.2844 0.5889 -0.2563 -0.5739 0.3354 0.7441 -0.0671 -0.6525 -0.1238 0.6906 -0.2862 -0.9835 -0.0012 -0.165 0.0745 -0.6298 0.1605 0.7601 -0.0036 -0.7097 0.2624 0.6306 -0.1729 -0.8861 0.0601 -0.4561 0.057
-0.7724 0.1839 0.5646 0.2255 -0.454 0.5319 0.5414 0.4668 -0.6724 0.4171 0.5561 0.2543 -0.7118 -0.2844 0.5889 -0.2563 -0.5739 0.3354 0.7441 -0.0671 -0.6525 -0.1238 0.6906 -0.2862 -0.9835 -0.0012 -0.165 0.0745 -0.6298 0.1605 0.7601 -0.0036 -0.7097 0.2624 0.6306 -0.1729 -0.8861 0.0601 -0.4561 0.057
-0.7462 0.2238 0.5486 0.3034 -0.454 0.5319 0.5414 0.4668 -0.6724 0.4171 0.5561 0.2543 -0.738 -0.2726 0.5828 -0.2031 -0.5739 0.3354 0.7441 -0.0671 -0.6525 -0.1238 0.6906 -0.2862 -0.9835 -0.0012 -0.165 0.0745 -0.6367 0.1572 0.7549 -0.0041 -0.7097 0.2624 0.6306 -0.1729 -0.8861 0.0601 -0.4561 0.057
-0.7462 0.2238 0.5486 0.3034 -0.454 0.5319 0.5414 0.4668 -0.6724 0.4171 0.5561 0.2543 -0.738 -0.2726 0.5828 -0.2031 -0.5739 0.3354 0.7441 -0.0671 -0.6525 -0.1238 0.6906 -0.2862 -0.9835 -0.0012 -0.165 0.0745 -0.6367 0.1572 0.7549 -0.0041 -0.7097 0.2624 0.6306 -0.1729 -0.8861 0.0601 -0.4561 0.057
-0.7462 0.2238 0.5486 0.3034 -0.454 0.5319 0.5414 0.4668 -0.6724 0.4171 0.5561 0.2543 -0.738 -0.2726 0.5828 -0.2031 -0.5739 0.3354 0.7441 -0.0671 -0.6525 -0.1238 0.6906 -0.2862 -0.9578 -0.0267 -0.2745 0.0804 -0.6367 0.1572 0.7549 -0.0041 -0.7097 0.2624 0.6306 -0.1729 -0.8861 0.0601 -0.4561 0.057
-0.7462 0.2238 0.5486 0.3034 -0.4301 0.5356 0.5336 0.4933 -0.6724 0.4171 0.5561 0.2543 -0.738 -0.2726 0.5828 -0.2031 -0.5739 0.3354 0.7441 -0.0671 -0.6576 -0.2062 0.6842 -0.2385 -0.9578 -0.0267 -0.2745 0.0804 -0.6367 0.1572 0.7549 -0.0041 -0.7097 0.2624 0.6306 -0.1729 -0.8861 0.0601 -0.4561 0.057
-0.7462 0.2238 0.5486 0.3034 -0.4301 0.5356 0.5336 0.4933 -0.6966 0.4114 0.5477 0.2135 -0.738 -0.2726 0.5828 -0.2031 -0.5739 0.3354 0.7441 -0.0671 -0.6576 -0.2062 0.6842 -0.2385 -0.9578 -0.0267 -0.2745 0.0804 -0.6367 0.1572 0.7549 -0.0041 -0.7097 0.2624 0.6306 -0.1729 -0.8861 0.0601 -0.4561 0.057
-0.7462 0.2238 0.5486 0.3034 -0.4301 0.5356 0.5336 0.4933 -0.6966 0.4114 0.5477 0.2135 -0.738 -0.2726 0.5828 -0.2031 -0.5739 0.3354 0.7441 -0.0671 -0.6576 -0.2062 0.6842 -0.2385 -0.9578 -0.0267 -0.2745 0.0804 -0.6367 0.1572 0.7549 -0.0041 -0.7344 0.3408 0.5013 -0.3054 -0.6256 -0.0321 -0.7789 0.0308
-0.7462 0.2238 0.5486 0.3034 -0.4301 0.5356 0.5336 0.4933 -0.6966 0.4114 0.5477 0.2135 -0.7314 -0.2429 0.5903 -0.2398 -0.5739 0.3354 0.7441 -0.0671 -0.6576 -0.2062 0.6842 -0.2385 -0.9578 -0.0267 -0.2745 0.0804 -0.675 0.0446 0.7307 0.0919 -0.7344 0.3408 0.5013 -0.3054 -0.6256 -0.0321 -0.7789 0.0308
-0.7462 0.2238 0.5486 0.3034 -0.4301 0.5356 0.5336 0.4933 -0.6966 0.4114 0.5477 0.2135 -0.7314 -0.2429 0.5903 -0.2398 -0.603 0.2955 0.7401 0.0375 -0.6576 -0.2062 0.6842 -0.2385 -0.9578 -0.0267 -0.2745 0.0804 -0.675 0.0446 0.7307 0.0919 -0.7344 0.3408 0.5013 -0.3054 -0.6256 -0.0321 -0.7789 0.0308
-0.7462 0.2238 0.5486 0.3034 -0.4301 0.5356 0.5336 0.4933 -0.6966 0.4114 0.5477 0.2135 -0.7314 -0.2429 0.5903 -0.2398 -0.603 0.2955 0.7401 0.0375 -0.6576 -0.2062 0.6842 -0.2385 -0.9578 -0.0267 -0.2745 0.0804 -0.675 0.0446 0.7307 0.0919 -0.7344 0.3408 0.5013 -0.3054 -0.6256 -0.0321 -0.7789 0.0308
-0.7462 0.2238 0.5486 0.3034 -0.4392 0.5188 0.5828 0.4454 -0.6966 0.4114 0.5477 0.2135 -0.7314 -0.2429 0.5903 -0.2398 -0.603 0.2955 0.7401 0.0375 -0.6576 -0.2062 0.6842 -0.2385 -0.9485 -0.0466 -0.3009 0.0869 -0.675 0.0446 0.7307 0.0919 -0.7344 0.3408 0.5013 -0.3054 -0.6256 -0.0321 -0.7789 0.0308
-0.7462 0.2238 0.5486 0.3034 -0.4392 0.5188 0.5828 0.4454 -0.6966 0.4114 0.5477 0.2135 -0.7314 -0.2429 0.5903 -0.2398 -0.603 0.2955 0.7401 0.0375 -0.6576 -0.2062 0.6842 -0.2385 -0.9485 -0.0466 -0.3009 0.0869 -0.675 0.0446 0.7307 0.0919 -0.7344 0.3408 0.5013 -0.3054 -0.6256 -0.0321 -0.7789 0.0308
-0.7462 0.2238 0.5486 0.3034 -0.4392 0.5188 0.5828 0.4454 -0.7024 0.4021 0.5547 0.1931 -0.7314 -0.2429 0.5903 -0.2398 -0.603 0.2955 0.7401 0.0375 -0.6656 -0.2273 0.6868 -0.1831 -0.9485 -0.0466 -0.3009 0.0869 -0.675 0.0446 0.7307 0.0919 -0.7344 0.3408 0.5013 -0.3054 -0.6589 -0.015 -0.7499 0.0569
-0.7462 0.2238 0.5486 0.3034 -0.4392 0.5188 0.5828 0.4454 -0.7024 0.4021 0.5547 0.1931 -0.7314 -0.2429 0.5903 -0.2398 -0.603 0.2955 0.7401 0.0375 -0.6656 -0.2273 0.6868 -0.1831 -0.9485 -0.0466 -0.3009 0.0869 -0.675 0.0446 0.7307 0.0919 -0.7405 0.2908 0.5427 -0.2694 -0.6589 -0.015 -0.7499 0.0569
-0.7462 0.2238 0.5486 0.3034 -0.4392 0.5188 0.5828 0.4454 -0.7024 0.4021 0.5547 0.1931 -0.7223 -0.2329 0.6005 -0.2518 -0.603 0.2955 0.7401 0.0375 -0.6656 -0.2273 0.6868 -0.1831 -0.9485 -0.0466 -0.3009 0.0869 -0.675 0.0446 0.7307 0.0919 -0.7405 0.2908 0.5427 -0.2694 -0.6589 -0.015 -0.7499 0.0569
-0.7462 0.2238 0.5486 0.3034 -0.4392 0.5188 0.5828 0.4454 -0.7024 0.4021 0.5547 0.1931 -0.7223 -0.2329 0.6005 -0.2518 -0.603 0.2955 0.7401 0.0375 -0.6656 -0.2273 0.6868 -0.1831 -0.9485 -0.0466 -0.3009 0.0869 -0.675 0.0446 0.7307 0.0919 -0.7405 0.2908 0.5427 -0.2694 -0.6589 -0.015 -0.7499 0.0569
-0.7462 0.2238 0.5486 0.3034 -0.4392 0.5188 0.5828 0.4454 -0.7024 0.4021 0.5547 0.1931 -0.7223 -0.2329 0.6005 -0.2518 -0.603 0.2955 0.7401 0.0375 -0.6656 -0.2273 0.6868 -0.1831 -0.9426 -0.0433 -0.3179 0.0928 -0.675 0.0446 0.7307 0.0919 -0.7405 0.2908 0.5427 -0.2694 -0.6589 -0.015 -0.7499 0.0569
-0.7462 0.2238 0.5486 0.3034 -0.4392 0.5188 0.5828 0.4454 -0.7024 0.4021 0.5547 0.1931 -0.7223 -0.2329 0.6005 -0.2518 -0.603 0.2955 0.7401 0.0375 -0.6656 -0.2273 0.6868 -0.1831 -0.9426 -0.0433 -0.3179 0.0928 -0.675 0.0446 0.7307 0.0919 -0.7405 0.2908 0.5427 -0.2694 -0.6589 -0.015 -0.7499 0.0569
-0.7462 0.2238 0.5486 0.3034 -0.4392 0.5188 0.5828 0.4454 -0.7024 0.4021 0.5547 0.1931 -0.7223 -0.2329 0.6005 -0.2518 -0.603 0.2955 0.7401 0.0375 -0.6656 -0.2273 0.6868 -0.1831 -0.9426 -0.0433 -0.3179 0.0928 -0.675 0.0446 0.7307 0.0919 -0.7405 0.2908 0.5427 -0.2694 -0.6589 -0.015 -0.7499 0.0569
-0.7462 0.2238 0.5486 0.3034 -0.4216 0.5407 0.6193 0.3825 -0.7099 0.3819 0.5704 0.1578 -0.7223 -0.2329 0.6005 -0.2518 -0.603 0.2955 0.7401 0.0375 -0.6722 -0.2516 0.6812 -0.1443 -0.9426 -0.0433 -0.3179 0.0928 -0.675 0.0446 0.7307 0.0919 -0.7405 0.2908 0.5427 -0.2694 -0.895 0.0765 -0.4395 0.0063
-0.7462 0.2238 0.5486 0.3034 -0.4216 0.5407 0.6193 0.3825 -0.7099 0.3819 0.5704 0.1578 -0.7223 -0.2329 0.6005 -0.2518 -0.603 0.2955 0.7401 0.0375 -0.6722 -0.2516 0.6812 -0.1443 -0.9426 -0.0433 -0.3179 0.0928 -0.675 0.0446 0.7307 0.0919 -0.6726 0.0721 0.7323 -0.0783 -0.895 0.0765 -0.4395 0.0063
-0.7462 0.2238 0.5486 0.3034 -0.4216 0.5407 0.6193 0.3825 -0.7099 0.3819 0.5704 0.1578 -0.7223 -0.2329 0.6005 -0.2518 -0.603 0.2955 0.7401 0.0375 -0.6722 -0.2516 0.6812 -0.1443 -0.9426 -0.0433 -0.3179 0.0928 -0.675 0.0446 0.7307 0.0919 -0.6726 0.0721 0.7323 -0.0783 -0.895 0.0765 -0.4395 0.0063
-0.7462 0.2238 0.5486 0.3034 -0.4216 0.5407 0.6193 0.3825 -0.7099 0.3819 0.5704 0.1578 -0.7112 -0.2487 0.5992 -0.2706 -0.603 0.2955 0.7401 0.0375 -0.6722 -0.2516 0.6812 -0.1443 -0.9426 -0.0433 -0.3179 0.0928 -0.6879 -0.0683 0.6824 0.2379 -0.6726 0.0721 0.7323 -0.0783 -0.895 0.0765 -0.4395 0.0063
-0.7462 0.2238 0.5486 0.3034 -0.4216 0.5407 0.6193 0.3825 -0.7099 0.3819 0.5704 0.1578 -0.7112 -0.2487 0.5992 -0.2706 -0.603 0.2955 0.7401 0.0375 -0.6722 -0.2516 0.6812 -0.1443 -0.9426 -0.0433 -0.3179 0.0928 -0.6879 -0.0683 0.6824 0.2379 -0.6726 0.0721 0.7323 -0.0783 -0.895 0.0765 -0.4395 0.0063
-0.7462 0.2238 0.5486 0.3034 -0.4305 0.536 0.6602 0.3024 -0.7099 0.3819 0.5704 0.1578 -0.7112 -0.2487 0.5992 -0.2706 -0.603 0.2955 0.7401 0.0375 -0.6722 -0.2516 0.6812 -0.1443 -0.9269 -0.0341 -0.3639 0.0854 -0.6879 -0.0683 0.6824 0.2379 -0.6726 0.0721 0.7323 -0.0783 -0.895 0.0765 -0.4395 0.0063
-0.7462 0.2238 0.5486 0.3034 -0.4305 0.536 0.6602 0.3024 -0.7099 0.3819 0.5704 0.1578 -0.7112 -0.2487 0.5992 -0.2706 -0.603 0.2955 0.7401 0.0375 -0.6722 -0.2516 0.6812 -0.1443 -0.9269 -0.0341 -0.3639 0.0854 -0.6879 -0.0683 0.6824 0.2379 -0.6726 0.0721 0.7323 -0.0783 -0.895 0.0765 -0.4395 0.0063
-0.7462 0.2238 0.5486 0.3034 -0.4305 0.536 0.6602 0.3024 -0.7099 0.3819 0.5704 0.1578 -0.7112 -0.2487 0.5992 -0.2706 -0.603 0.2955 0.7401 0.0375 -0.6722 -0.2516 0.6812 -0.1443 -0.9269 -0.0341 -0.3639 0.0854 -0.6879 -0.0683 0.6824 0.2379 -0.6726 0.0721 0.7323 -0.0783 -0.98 0.1306 -0.143 0.046
-0.7462 0.2238 0.5486 0.3034 -0.4305 0.536 0.6602 0.3024 -0.7099 0.3819 0.5704 0.1578 -0.7112 -0.2487 0.5992 -0.2706 -0.603 0.2955 0.7401 0.0375 -0.6722 -0.2516 0.6812 -0.1443 -0.9269 -0.0341 -0.3639 0.0854 -0.6879 -0.0683 0.6824 0.2379 -0.5783 -0.0519 0.8073 0.1058 -0.98 0.1306 -0.143 0.046
-0.7462 0.2238 0.5486 0.3034 -0.4305 0.536 0.6602 0.3024 -0.7099 0.3819 0.5704 0.1578 -0.7112 -0.2487 0.5992 -0.2706 -0.603 0.2955 0.7401 0.0375 -0.6722 -0.2516 0.6812 -0.1443 -0.9269 -0.0341 -0.3639 0.0854 -0.6879 -0.0683 0.6824 0.2379 -0.5783 -0.0519 0.8073 0.1058 -0.98 0.1306 -0.143 0.046
-0.7462 0.2238 0.5486 0.3034 -0.4305 0.536 0.6602 0.3024 -0.7099 0.3819 0.5704 0.1578 -0.703 -0.2491 0.6029 -0.2831 -0.6679 0.1424 0.6925 0.2324 -0.6722 -0.2516 0.6812 -0.1443 -0.9269 -0.0341 -0.3639 0.0854 -0.6731 -0.0689 0.6921 0.2513 -0.5783 -0.0519 0.8073 0.1058 -0.98 0.1306 -0.143 0.046
-0.7462 0.2238 0.5486 0.3034 -0.4305 0.536 0.6602 0.3024 -0.7099 0.3819 0.5704 0.1578 -0.703 -0.2491 0.6029 -0.2831 -0.6679 0.1424 0.6925 0.2324 -0.6722 -0.2516 0.6812 -0.1443 -0.8362 -0.0175 -0.5472 0.033 -0.6731 -0.0689 0.6921 0.2513 -0.5783 -0.0519 0.8073 0.1058 -0.98 0.1306 -0.143 0.046
-0.7462 0.2238 0.5486 0.3034 -0.4318 0.5509 0.6503 0.2952 -0.7099 0.3819 0.5704 0.1578 -0.703 -0.2491 0.6029 -0.2831 -0.6679 0.1424 0.6925 0.2324 -0.6722 -0.2516 0.6812 -0.1443 -0.8362 -0.0175 -0.5472 0.033 -0.6731 -0.0689 0.6921 0.2513 -0.5783 -0.0519 0.8073 0.1058 -0.98 0.1306 -0.143 0.046
-0.7462 0.2238 0.5486 0.3034 -0.4318 0.5509 0.6503 0.2952 -0.7099 0.3819 0.5704 0.1578 -0.703 -0.2491 0.6029 -0.2831 -0.6679 0.1424 0.6925 0.2324 -0.6945 -0.3857 0.6061 0.041 -0.8362 -0.0175 -0.5472 0.033 -0.6731 -0.0689 0.6921 0.2513 -0.5783 -0.0519 0.8073 0.1058 -0.98 0.1306 -0.143 0.046
-0.7462 0.2238 0.5486 0.3034 -0.4318 0.5509 0.6503 0.2952 -0.712 0.3405 0.5933 0.1589 -0.703 -0.2491 0.6029 -0.2831 -0.6679 0.1424 0.6925 0.2324 -0.6945 -0.3857 0.6061 0.041 -0.8362 -0.0175 -0.5472 0.033 -0.6731 -0.0689 0.6921 0.2513 -0.5783 -0.0519 0.8073 0.1058 -0.9457 0.1131 -0.299 0.0588
-0.7462 0.2238 0.5486 0.3034 -0.4318 0.5509 0.6503 0.2952 -0.712 0.3405 0.5933 0.1589 -0.703 -0.2491 0.6029 -0.2831 -0.6679 0.1424 0.6925 0.2324 -0.6945 -0.3857 0.6061 0.041 -0.8362 -0.0175 -0.5472 0.033 -0.6731 -0.0689 0.6921 0.2513 -0.5783 -0.0519 0.8073 0.1058 -0.9457 0.1131 -0.299 0.0588
-0.7462 0.2238 0.5486 0.3034 -0.4318 0.5509 0.6503 0.2952 -0.712 0.3405 0.5933 0.1589 -0.703 -0.2491 0.6029 -0.2831 -0.6679 0.1424 0.6925 0.2324 -0.6945 -0.3857 0.6061 0.041 -0.8362 -0.0175 -0.5472 0.033 -0.6708 -0.046 0.7147 0.1928 -0.5783 -0.0519 0.8073 0.1058 -0.9457 0.1131 -0.299 0.0588
-0.7733 0.2115 0.573 0.17 -0.4318 0.5509 0.6503 0.2952 -0.712 0.3405 0.5933 0.1589 -0.6998 -0.2529 0.5936 -0.3063 -0.6679 0.1424 0.6925 0.2324 -0.6945 -0.3857 0.6061 0.041 -0.8362 -0.0175 -0.5472 0.033 -0.6708 -0.046 0.7147 0.1928 -0.5783 -0.0519 0.8073 0.1058 -0.9457 0.1131 -0.299 0.0588
-0.7733 0.2115 0.573 0.17 -0.4318 0.5509 0.6503 0.2952 -0.712 0.3405 0.5933 0.1589 -0.6998 -0.2529 0.5936 -0.3063 -0.6679 0.1424 0.6925 0.2324 -0.6945 -0.3857 0.6061 0.041 -0.8362 -0.0175 -0.5472 0.033 -0.6708 -0.046 0.7147 0.1928 -0.5783 -0.0519 0.8073 0.1058 -0.9457 0.1131 -0.299 0.0588
-0.7733 0.2115 0.573 0.17 -0.4423 0.5488 0.6235 0.3384 -0.712 0.3405 0.5933 0.1589 -0.6998 -0.2529 0.5936 -0.3063 -0.6679 0.1424 0.6925 0.2324 -0.6945 -0.3857 0.6061 0.041 -0.6174 0.026 -0.7853 0.0374 -0.6708 -0.046 0.7147 0.1928 -0.5783 -0.0519 0.8073 0.1058 -0.9457 0.1131 -0.299 0.0588
-0.7733 0.2115 0.573 0.17 -0.4423 0.5488 0.6235 0.3384 -0.712 0.3405 0.5933 0.1589 -0.6998 -0.2529 0.5936 -0.3063 -0.6679 0.1424 0.6925 0.2324 -0.6945 -0.3857 0.6061 0.041 -0.6174 0.026 -0.7853 0.0374 -0.6708 -0.046 0.7147 0.1928 -0.5783 -0.0519 0.8073 0.1058 -0.9457 0.1131 -0.299 0.0588
-0.7733 0.2115 0.573 0.17 -0.4423 0.5488 0.6235 0.3384 -0.7072 0.3461 0.5775 0.2159 -0.6998 -0.2529 0.5936 -0.3063 -0.6679 0.1424 0.6925 0.2324 -0.6752 -0.4771 0.5432 0.1464 -0.6174 0.026 -0.7853 0.0374 -0.6708 -0.046 0.7147 0.1928 -0.5783 -0.0519 0.8073 0.1058 -0.9326 0.1192 -0.3329 0.0723
-0.7733 0.2115 0.573 0.17 -0.4423 0.5488 0.6235 0.3384 -0.7072 0.3461 0.5775 0.2159 -0.6998 -0.2529 0.5936 -0.3063 -0.6679 0.1424 0.6925 0.2324 -0.6752 -0.4771 0.5432 0.1464 -0.6174 0.026 -0.7853 0.0374 -0.6708 -0.046 0.7147 0.1928 -0.5783 -0.0519 0.8073 0.1058 -0.9326 0.1192 -0.3329 0.0723
-0.7733 0.2115 0.573 0.17 -0.4423 0.5488 0.6235 0.3384 -0.7072 0.3461 0.5775 0.2159 -0.7299 -0.2628 0.5759 -0.2581 -0.5733 0.3699 0.7281 0.0665 -0.6752 -0.4771 0.5432 0.1464 -0.6174 0.026 -0.7853 0.0374 -0.6622 -0.0134 0.746 0.0686 -0.5783 -0.0519 0.8073 0.1058 -0.9326 0.1192 -0.3329 0.0723
-0.7769 0.219 0.5583 0.1918 -0.4423 0.5488 0.6235 0.3384 -0.7072 0.3461 0.5775 0.2159 -0.7299 -0.2628 0.5759 -0.2581 -0.5733 0.3699 0.7281 0.0665 -0.6752 -0.4771 0.5432 0.1464 -0.6174 0.026 -0.7853 0.0374 -0.6622 -0.0134 0.746 0.0686 -0.5783 -0.0519 0.8073 0.1058 -0.9326 0.1192 -0.3329 0.0723
-0.7769 0.219 0.5583 0.1918 -0.4423 0.5488 0.6235 0.3384 -0.7072 0.3461 0.5775 0.2159 -0.7299 -0.2628 0.5759 -0.2581 -0.5733 0.3699 0.7281 0.0665 -0.6752 -0.4771 0.5432 0.1464 -0.6174 0.026 -0.7853 0.0374 -0.6622 -0.0134 0.746 0.0686 -0.5783 -0.0519 0.8073 0.1058 -0.9326 0.1192 -0.3329 0.0723
-0.7769 0.219 0.5583 0.1918 -0.4507 0.5581 0.6011 0.3521 -0.7072 0.3461 0.5775 0.2159 -0.7299 -0.2628 0.5759 -0.2581 -0.5733 0.3699 0.7281 0.0665 -0.6752 -0.4771 0.5432 0.1464 -0.789 0.0209 -0.614 0.0099 -0.6622 -0.0134 0.746 0.0686 -0.5783 -0.0519 0.8073 0.1058 -0.9326 0.1192 -0.3329 0.0723
-0.7769 0.219 0.5583 0.1918 -0.4507 0.5581 0.6011 0.3521 -0.7072 0.3461 0.5775 0.2159 -0.7299 -0.2628 0.5759 -0.2581 -0.5733 0.3699 0.7281 0.0665 -0.6752 -0.4771 0.5432 0.1464 -0.789 0.0209 -0.614 0.0099 -0.6622 -0.0134 0.746 0.0686 -0.5783 -0.0519 0.8073 0.1058 -0.9326 0.1192 -0.3329 0.0723
-0.7769 0.219 0.5583 0.1918 -0.4507 0.5581 0.6011 0.3521 -0.702 0.3625 0.5479 0.275 -0.7299 -0.2628 0.5759 -0.2581 -0.5733 0.3699 0.7281 0.0665 -0.6815 -0.3945 0.6161 -0.0187 -0.789 0.0209 -0.614 0.0099 -0.6622 -0.0134 0.746 0.0686 -0.5783 -0.0519 0.8073 0.1058 -0.9263 0.1164 -0.3544 0.0524
-0.7769 0.219 0.5583 0.1918 -0.4507 0.5581 0.6011 0.3521 -0.702 0.3625 0.5479 0.275 -0.7299 -0.2628 0.5759 -0.2581 -0.5733 0.3699 0.7281 0.0665 -0.6815 -0.3945 0.6161 -0.0187 -0.789 0.0209 -0.614 0.0099 -0.6503 0.0416 0.7584 -0.0162 -0.5783 -0.0519 0.8073 0.1058 -0.9263 0.1164 -0.3544 0.0524
-0.7769 0.219 0.5583 0.1918 -0.4507 0.5581 0.6011 0.3521 -0.702 0.3625 0.5479 0.275 -0.7299 -0.2628 0.5759 -0.2581 -0.5733 0.3699 0.7281 0.0665 -0.6815 -0.3945 0.6161 -0.0187 -0.789 0.0209 -0.614 0.0099 -0.6503 0.0416 0.7584 -0.0162 -0.5783 -0.0519 0.8073 0.1058 -0.9263 0.1164 -0.3544 0.0524
-0.7756 0.2333 0.535 0.2405 -0.4507 0.5581 0.6011 0.3521 -0.702 0.3625 0.5479 0.275 -0.7664 -0.2843 0.549 -0.1749 -0.5381 0.3495 0.7615 -0.0916 -0.6815 -0.3945 0.6161 -0.0187 -0.789 0.0209 -0.614 0.0099 -0.6503 0.0416 0.7584 -0.0162 -0.5783 -0.0519 0.8073 0.1058 -0.9263 0.1164 -0.3544 0.0524
-0.7756 0.2333 0.535 0.2405 -0.4507 0.5581 0.6011 0.3521 -0.702 0.3625 0.5479 0.275 -0.7664 -0.2843 0.549 -0.1749 -0.5381 0.3495 0.7615 -0.0916 -0.6815 -0.3945 0.6161 -0.0187 -0.9562 0.0268 -0.286 0.0565 -0.6503 0.0416 0.7584 -0.0162 -0.5783 -0.0519 0.8073 0.1058 -0.9263 0.1164 -0.3544 0.0524
-0.7756 0.2333 0.535 0.2405 -0.4485 0.5765 0.5779 0.364 -0.702 0.3625 0.5479 0.275 -0.7664 -0.2843 0.549 -0.1749 -0.5381 0.3495 0.7615 -0.0916 -0.6815 -0.3945 0.6161 -0.0187 -0.9562 0.0268 -0.286 0.0565 -0.6503 0.0416 0.7584 -0.0162 -0.5783 -0.0519 0.8073 0.1058 -0.9263 0.1164 -0.3544 0.0524
-0.7756 0.2333 0.535 0.2405 -0.4485 0.5765 0.5779 0.364 -0.702 0.3625 0.5479 0.275 -0.7664 -0.2843 0.549 -0.1749 -0.5381 0.3495 0.7615 -0.0916 -0.6815 -0.3945 0.6161 -0.0187 -0.9562 0.0268 -0.286 0.0565 -0.6503 0.0416 0.7584 -0.0162 -0.5783 -0.0519 0.8073 0.1058 -0.9263 0.1164 -0.3544 0.0524
-0.7756 0.2333 0.535 0.2405 -0.4485 0.5765 0.5779 0.364 -0.7158 0.3376 0.5262 0.3109 -0.7664 -0.2843 0.549 -0.1749 -0.5381 0.3495 0.7615 -0.0916 -0.654 -0.1739 0.6885 -0.2609 -0.9562 0.0268 -0.286 0.0565 -0.6503 0.0416 0.7584 -0.0162 -0.6808 0.1537 0.6952 -0.1721 -0.9124 0.0952 -0.3974 0.0231
-0.7756 0.2333 0.535 0.2405 -0.4485 0.5765 0.5779 0.364 -0.7158 0.3376 0.5262 0.3109 -0.7664 -0.2843 0.549 -0.1749 -0.5381 0.3495 0.7615 -0.0916 -0.654 -0.1739 0.6885 -0.2609 -0.9562 0.0268 -0.286 0.0565 -0.6396 0.1071 0.7577 -0.0729 -0.6808 0.1537 0.6952 -0.1721 -0.9124 0.0952 -0.3974 0.0231
-0.7756 0.2333 0.535 0.2405 -0.4485 0.5765 0.5779 0.364 -0.7158 0.3376 0.5262 0.3109 -0.7805 -0.3231 0.5166 -0.1399 -0.5464 0.3743 0.7466 -0.0632 -0.654 -0.1739 0.6885 -0.2609 -0.9562 0.0268 -0.286 0.0565 -0.6396 0.1071 0.7577 -0.0729 -0.6808 0.1537 0.6952 -0.1721 -0.9124 0.0952 -0.3974 0.0231
-0.7756 0.2333 0.535 0.2405 -0.4485 0.5765 0.5779 0.364 -0.7158 0.3376 0.5262 0.3109 -0.7805 -0.3231 0.5166 -0.1399 -0.5464 0.3743 0.7466 -0.0632 -0.654 -0.1739 0.6885 -0.2609 -0.9562 0.0268 -0.286 0.0565 -0.6396 0.1071 0.7577 -0.0729 -0.6808 0.1537 0.6952 -0.1721 -0.9124 0.0952 -0.3974 0.0231
-0.7756 0.2333 0.535 0.2405 -0.4485 0.5765 0.5779 0.364 -0.7158 0.3376 0.5262 0.3109 -0.7805 -0.3231 0.5166 -0.1399 -0.5464 0.3743 0.7466 -0.0632 -0.654 -0.1739 0.6885 -0.2609 -0.9562 0.0268 -0.286 0.0565 -0.6396 0.1071 0.7577 -0.0729 -0.6808 0.1537 0.6952 -0.1721 -0.9124 0.0952 -0.3974 0.0231
-0.7756 0.2333 0.535 0.2405 -0.4285 0.5984 0.56 0.3805 -0.7158 0.3376 0.5262 0.3109 -0.7805 -0.3231 0.5166 -0.1399 -0.5464 0.3743 0.7466 -0.0632 -0.654 -0.1739 0.6885 -0.2609 -0.9951 -0.0246 -0.0304 0.091 -0.6396 0.1071 0.7577 -0.0729 -0.6808 0.1537 0.6952 -0.1721 -0.9124 0.0952 -0.3974 0.0231
-0.7756 0.2333 0.535 0.2405 -0.4285 0.5984 0.56 0.3805 -0.7267 0.3196 0.529 0.2999 -0.7805 -0.3231 0.5166 -0.1399 -0.5464 0.3743 0.7466 -0.0632 -0.6102 -0.0215 0.7192 -0.3315 -0.9951 -0.0246 -0.0304 0.091 -0.6396 0.1071 0.7577 -0.0729 -0.6808 0.1537 0.6952 -0.1721 -0.8371 0.0963 -0.5383 0.0141
-0.7756 0.2333 0.535 0.2405 -0.4285 0.5984 0.56 0.3805 -0.7267 0.3196 0.529 0.2999 -0.7805 -0.3231 0.5166 -0.1399 -0.5464 0.3743 0.7466 -0.0632 -0.6102 -0.0215 0.7192 -0.3315 -0.9951 -0.0246 -0.0304 0.091 -0.6396 0.1071 0.7577 -0.0729 -0.7121 0.2065 0.616 -0.2661 -0.8371 0.0963 -0.5383 0.0141
-0.7756 0.2333 0.535 0.2405 -0.4285 0.5984 0.56 0.3805 -0.7267 0.3196 0.529 0.2999 -0.7805 -0.3231 0.5166 -0.1399 -0.5464 0.3743 0.7466 -0.0632 -0.6102 -0.0215 0.7192 -0.3315 -0.9951 -0.0246 -0.0304 0.091 -0.6396 0.1071 0.7577 -0.0729 -0.7121 0.2065 0.616 -0.2661 -0.8371 0.0963 -0.5383 0.0141
-0.7756 0.2333 0.535 0.2405 -0.4285 0.5984 0.56 0.3805 -0.7267 0.3196 0.529 0.2999 -0.7805 -0.3231 0.5166 -0.1399 -0.5464 0.3743 0.7466 -0.0632 -0.6102 -0.0215 0.7192 -0.3315 -0.9951 -0.0246 -0.0304 0.091 -0.6396 0.1071 0.7577 -0.0729 -0.7121 0.2065 0.616 -0.2661 -0.8371 0.0963 -0.5383 0.0141
-0.7419 0.2836 0.526 0.304 -0.4285 0.5984 0.56 0.3805 -0.7267 0.3196 0.529 0.2999 -0.785 -0.322 0.5103 -0.1404 -0.5547 0.3474 0.7523 -0.0759 -0.6102 -0.0215 0.7192 -0.3315 -0.9951 -0.0246 -0.0304 0.091 -0.6457 0.1381 0.7423 -0.114 -0.7121 0.2065 0.616 -0.2661 -0.8371 0.0963 -0.5383 0.0141
-0.7419 0.2836 0.526 0.304 -0.4285 0.5984 0.56 0.3805 -0.7267 0.3196 0.529 0.2999 -0.785 -0.322 0.5103 -0.1404 -0.5547 0.3474 0.7523 -0.0759 -0.6102 -0.0215 0.7192 -0.3315 -0.963 -0.0225 -0.254 0.088 -0.6457 0.1381 0.7423 -0.114 -0.7121 0.2065 0.616 -0.2661 -0.8371 0.0963 -0.5383 0.0141
-0.7419 0.2836 0.526 0.304 -0.3988 0.6151 0.5619 0.3834 -0.7267 0.3196 0.529 0.2999 -0.785 -0.322 0.5103 -0.1404 -0.5547 0.3474 0.7523 -0.0759 -0.6102 -0.0215 0.7192 -0.3315 -0.963 -0.0225 -0.254 0.088 -0.6457 0.1381 0.7423 -0.114 -0.7121 0.2065 0.616 -0.2661 -0.8371 0.0963 -0.5383 0.0141
-0.7419 0.2836 0.526 0.304 -0.3988 0.6151 0.5619 0.3834 -0.7267 0.3196 0.529 0.2999 -0.785 -0.322 0.5103 -0.1404 -0.5547 0.3474 0.7523 -0.0759 -0.6102 -0.0215 0.7192 -0.3315 -0.963 -0.0225 -0.254 0.088 -0.6457 0.1381 0.7423 -0.114 -0.7121 0.2065 0.616 -0.2661 -0.8371 0.0963 -0.5383 0.0141
-0.7419 0.2836 0.526 0.304 -0.3988 0.6151 0.5619 0.3834 -0.7316 0.3554 0.5247 0.2512 -0.785 -0.322 0.5103 -0.1404 -0.5547 0.3474 0.7523 -0.0759 -0.6373 -0.196 0.6987 -0.2594 -0.963 -0.0225 -0.254 0.088 -0.6457 0.1381 0.7423 -0.114 -0.7121 0.2065 0.616 -0.2661 -0.4966 -0.0062 -0.8673 0.0334
-0.7419 0.2836 0.526 0.304 -0.3988 0.6151 0.5619 0.3834 -0.7316 0.3554 0.5247 0.2512 -0.785 -0.322 0.5103 -0.1404 -0.5547 0.3474 0.7523 -0.0759 -0.6373 -0.196 0.6987 -0.2594 -0.963 -0.0225 -0.254 0.088 -0.6457 0.1381 0.7423 -0.114 -0.7224 0.3619 0.4708 -0.3542 -0.4966 -0.0062 -0.8673 0.0334
-0.7426 0.2699 0.5623 0.2442 -0.3988 0.6151 0.5619 0.3834 -0.7316 0.3554 0.5247 0.2512 -0.7685 -0.2458 0.5607 -0.1859 -0.5547 0.3474 0.7523 -0.0759 -0.6373 -0.196 0.6987 -0.2594 -0.963 -0.0225 -0.254 0.088 -0.6725 0.0828 0.7346 0.0349 -0.7224 0.3619 0.4708 -0.3542 -0.4966 -0.0062 -0.8673 0.0334
-0.7426 0.2699 0.5623 0.2442 -0.3988 0.6151 0.5619 0.3834 -0.7316 0.3554 0.5247 0.2512 -0.7685 -0.2458 0.5607 -0.1859 -0.5547 0.3474 0.7523 -0.0759 -0.6373 -0.196 0.6987 -0.2594 -0.963 -0.0225 -0.254 0.088 -0.6725 0.0828 0.7346 0.0349 -0.7224 0.3619 0.4708 -0.3542 -0.4966 -0.0062 -0.8673 0.0334
-0.7426 0.2699 0.5623 0.2442 -0.3988 0.6151 0.5619 0.3834 -0.7316 0.3554 0.5247 0.2512 -0.7685 -0.2458 0.5607 -0.1859 -0.5547 0.3474 0.7523 -0.0759 -0.6373 -0.196 0.6987 -0.2594 -0.963 -0.0225 -0.254 0.088 -0.6725 0.0828 0.7346 0.0349 -0.7224 0.3619 0.4708 -0.3542 -0.4966 -0.0062 -0.8673 0.0334
-0.7426 0.2699 0.5623 0.2442 -0.389 0.6193 0.5941 0.3348 -0.7316 0.3554 0.5247 0.2512 -0.7685 -0.2458 0.5607 -0.1859 -0.5547 0.3474 0.7523 -0.0759 -0.6373 -0.196 0.6987 -0.2594 -0.9498 -0.0479 -0.2976 0.0842 -0.6725 0.0828 0.7346 0.0349 -0.7224 0.3619 0.4708 -0.3542 -0.4966 -0.0062 -0.8673 0.0334
-0.7426 0.2699 0.5623 0.2442 -0.389 0.6193 0.5941 0.3348 -0.7316 0.3554 0.5247 0.2512 -0.7685 -0.2458 0.5607 -0.1859 -0.5547 0.3474 0.7523 -0.0759 -0.6567 -0.2219 0.7017 -0.1648 -0.9498 -0.0479 -0.2976 0.0842 -0.6725 0.0828 0.7346 0.0349 -0.7224 0.3619 0.4708 -0.3542 -0.4966 -0.0062 -0.8673 0.0334
-0.7426 0.2699 0.5623 0.2442 -0.389 0.6193 0.5941 0.3348 -0.7316 0.3554 0.5247 0.2512 -0.7685 -0.2458 0.5607 -0.1859 -0.5547 0.3474 0.7523 -0.0759 -0.6567 -0.2219 0.7017 -0.1648 -0.9498 -0.0479 -0.2976 0.0842 -0.6725 0.0828 0.7346 0.0349 -0.7224 0.3619 0.4708 -0.3542 -0.694 -0.0383 -0.7188 -0.0149
-0.7426 0.2699 0.5623 0.2442 -0.389 0.6193 0.5941 0.3348 -0.7316 0.3554 0.5247 0.2512 -0.7685 -0.2458 0.5607 -0.1859 -0.5547 0.3474 0.7523 -0.0759 -0.6567 -0.2219 0.7017 -0.1648 -0.9498 -0.0479 -0.2976 0.0842 -0.6725 0.0828 0.7346 0.0349 -0.7542 0.2422 0.55 -0.2646 -0.694 -0.0383 -0.7188 -0.0149
-0.7426 0.2699 0.5623 0.2442 -0.389 0.6193 0.5941 0.3348 -0.7316 0.3554 0.5247 0.2512 -0.7685 -0.2458 0.5607 -0.1859 -0.5547 0.3474 0.7523 -0.0759 -0.6567 -0.2219 0.7017 -0.1648 -0.9498 -0.0479 -0.2976 0.0842 -0.6725 0.0828 0.7346 0.0349 -0.7542 0.2422 0.55 -0.2646 -0.694 -0.0383 -0.7188 -0.0149
-0.7552 0.2464 0.5761 0.1924 -0.389 0.6193 0.5941 0.3348 -0.7316 0.3554 0.5247 0.2512 -0.7364 -0.2195 0.5915 -0.2443 -0.61 0.2547 0.7412 0.1167 -0.6567 -0.2219 0.7017 -0.1648 -0.9498 -0.0479 -0.2976 0.0842 -0.6873 -0.0733 0.7013 0.1747 -0.7542 0.2422 0.55 -0.2646 -0.694 -0.0383 -0.7188 -0.0149
-0.7552 0.2464 0.5761 0.1924 -0.3858 0.6258 0.6208 0.2723 -0.7316 0.3554 0.5247 0.2512 -0.7364 -0.2195 0.5915 -0.2443 -0.61 0.2547 0.7412 0.1167 -0.6567 -0.2219 0.7017 -0.1648 -0.9414 -0.0497 -0.3208 0.0917 -0.6873 -0.0733 0.7013 0.1747 -0.7542 0.2422 0.55 -0.2646 -0.694 -0.0383 -0.7188 -0.0149
-0.7552 0.2464 0.5761 0.1924 -0.3858 0.6258 0.6208 0.2723 -0.7316 0.3554 0.5247 0.2512 -0.7364 -0.2195 0.5915 -0.2443 -0.61 0.2547 0.7412 0.1167 -0.6567 -0.2219 0.7017 -0.1648 -0.9414 -0.0497 -0.3208 0.0917 -0.6873 -0.0733 0.7013 0.1747 -0.7542 0.2422 0.55 -0.2646 -0.694 -0.0383 -0.7188 -0.0149
-0.7552 0.2464 0.5761 0.1924 -0.3858 0.6258 0.6208 0.2723 -0.7316 0.3554 0.5247 0.2512 -0.7364 -0.2195 0.5915 -0.2443 -0.61 0.2547 0.7412 0.1167 -0.6567 -0.2219 0.7017 -0.1648 -0.9414 -0.0497 -0.3208 0.0917 -0.6873 -0.0733 0.7013 0.1747 -0.7542 0.2422 0.55 -0.2646 -0.926 0.0724 -0.3701 0.0193
-0.7552 0.2464 0.5761 0.1924 -0.3858 0.6258 0.6208 0.2723 -0.7316 0.3554 0.5247 0.2512 -0.7364 -0.2195 0.5915 -0.2443 -0.61 0.2547 0.7412 0.1167 -0.6567 -0.2219 0.7017 -0.1648 -0.9414 -0.0497 -0.3208 0.0917 -0.6873 -0.0733 0.7013 0.1747 -0.7542 0.2422 0.55 -0.2646 -0.926 0.0724 -0.3701 0.0193
-0.7552 0.2464 0.5761 0.1924 -0.3858 0.6258 0.6208 0.2723 -0.7316 0.3554 0.5247 0.2512 -0.7364 -0.2195 0.5915 -0.2443 -0.61 0.2547 0.7412 0.1167 -0.6567 -0.2219 0.7017 -0.1648 -0.9414 -0.0497 -0.3208 0.0917 -0.6873 -0.0733 0.7013 0.1747 -0.7542 0.2422 0.55 -0.2646 -0.926 0.0724 -0.3701 0.0193
-0.7552 0.2464 0.5761 0.1924 -0.3858 0.6258 0.6208 0.2723 -0.7316 0.3554 0.5247 0.2512 -0.7364 -0.2195 0.5915 -0.2443 -0.61 0.2547 0.7412 0.1167 -0.6567 -0.2219 0.7017 -0.1648 -0.9414 -0.0497 -0.3208 0.0917 -0.6873 -0.0733 0.7013 0.1747 -0.7542 0.2422 0.55 -0.2646 -0.926 0.0724 -0.3701 0.0193
-0.7749 0.2385 0.5674 0.1438 -0.3858 0.6258 0.6208 0.2723 -0.7316 0.3554 0.5247 0.2512 -0.7061 -0.1768 0.6144 -0.3046 -0.6448 0.1913 0.7078 0.2162 -0.6567 -0.2219 0.7017 -0.1648 -0.9414 -0.0497 -0.3208 0.0917 -0.6973 -0.0481 0.6594 0.2767 -0.6455 0.0378 0.7628 -0.0012 -0.926 0.0724 -0.3701 0.0193
-0.7749 0.2385 0.5674 0.1438 -0.3858 0.6258 0.6208 0.2723 -0.7316 0.3554 0.5247 0.2512 -0.7061 -0.1768 0.6144 -0.3046 -0.6448 0.1913 0.7078 0.2162 -0.6567 -0.2219 0.7017 -0.1648 -0.9233 -0.0415 -0.3619 0.1215 -0.6973 -0.0481 0.6594 0.2767 -0.6455 0.0378 0.7628 -0.0012 -0.926 0.0724 -0.3701 0.0193
-0.7749 0.2385 0.5674 0.1438 -0.3996 0.6315 0.6306 0.2093 -0.7316 0.3554 0.5247 0.2512 -0.7061 -0.1768 0.6144 -0.3046 -0.6448 0.1913 0.7078 0.2162 -0.6567 -0.2219 0.7017 -0.1648 -0.9233 -0.0415 -0.3619 0.1215 -0.6973 -0.0481 0.6594 0.2767 -0.6455 0.0378 0.7628 -0.0012 -0.926 0.0724 -0.3701 0.0193
-0.7749 0.2385 0.5674 0.1438 -0.3996 0.6315 0.6306 0.2093 -0.7316 0.3554 0.5247 0.2512 -0.7061 -0.1768 0.6144 -0.3046 -0.6448 0.1913 0.7078 0.2162 -0.682 -0.3101 0.6622 -0.0143 -0.9233 -0.0415 -0.3619 0.1215 -0.6973 -0.0481 0.6594 0.2767 -0.6455 0.0378 0.7628 -0.0012 -0.926 0.0724 -0.3701 0.0193
-0.7749 0.2385 0.5674 0.1438 -0.3996 0.6315 0.6306 0.2093 -0.7316 0.3554 0.5247 0.2512 -0.7061 -0.1768 0.6144 -0.3046 -0.6448 0.1913 0.7078 0.2162 -0.682 -0.3101 0.6622 -0.0143 -0.9233 -0.0415 -0.3619 0.1215 -0.6973 -0.0481 0.6594 0.2767 -0.6455 0.0378 0.7628 -0.0012 -0.9845 0.145 -0.0915 0.0372
-0.7749 0.2385 0.5674 0.1438 -0.3996 0.6315 0.6306 0.2093 -0.7316 0.3554 0.5247 0.2512 -0.7061 -0.1768 0.6144 -0.3046 -0.6448 0.1913 0.7078 0.2162 -0.682 -0.3101 0.6622 -0.0143 -0.9233 -0.0415 -0.3619 0.1215 -0.6973 -0.0481 0.6594 0.2767 -0.5641 -0.0674 0.8168 0.0998 -0.9845 0.145 -0.0915 0.0372
-0.7749 0.2385 0.5674 0.1438 -0.3996 0.6315 0.6306 0.2093 -0.7316 0.3554 0.5247 0.2512 -0.7061 -0.1768 0.6144 -0.3046 -0.6448 0.1913 0.7078 0.2162 -0.682 -0.3101 0.6622 -0.0143 -0.9233 -0.0415 -0.3619 0.1215 -0.6718 -0.0764 0.6807 0.2819 -0.5641 -0.0674 0.8168 0.0998 -0.9845 0.145 -0.0915 0.0372
-0.7749 0.2385 0.5674 0.1438 -0.3996 0.6315 0.6306 0.2093 -0.7316 0.3554 0.5247 0.2512 -0.7008 -0.2047 0.593 -0.3396 -0.6448 0.1913 0.7078 0.2162 -0.682 -0.3101 0.6622 -0.0143 -0.9233 -0.0415 -0.3619 0.1215 -0.6718 -0.0764 0.6807 0.2819 -0.5641 -0.0674 0.8168 0.0998 -0.9845 0.145 -0.0915 0.0372
-0.7749 0.2385 0.5674 0.1438 -0.3996 0.6315 0.6306 0.2093 -0.7316 0.3554 0.5247 0.2512 -0.7008 -0.2047 0.593 -0.3396 -0.6448 0.1913 0.7078 0.2162 -0.682 -0.3101 0.6622 -0.0143 -0.7208 -0.0406 -0.6918 0.0147 -0.6718 -0.0764 0.6807 0.2819 -0.5641 -0.0674 0.8168 0.0998 -0.9845 0.145 -0.0915 0.0372
-0.7749 0.2385 0.5674 0.1438 -0.4361 0.636 0.5844 0.2524 -0.7316 0.3554 0.5247 0.2512 -0.7008 -0.2047 0.593 -0.3396 -0.6448 0.1913 0.7078 0.2162 -0.682 -0.3101 0.6622 -0.0143 -0.7208 -0.0406 -0.6918 0.0147 -0.6718 -0.0764 0.6807 0.2819 -0.5641 -0.0674 0.8168 0.0998 -0.9845 0.145 -0.0915 0.0372
-0.7749 0.2385 0.5674 0.1438 -0.4361 0.636 0.5844 0.2524 -0.7316 0.3554 0.5247 0.2512 -0.7008 -0.2047 0.593 -0.3396 -0.6448 0.1913 0.7078 0.2162 -0.682 -0.3101 0.6622 -0.0143 -0.7208 -0.0406 -0.6918 0.0147 -0.6718 -0.0764 0.6807 0.2819 -0.5641 -0.0674 0.8168 0.0998 -0.9845 0.145 -0.0915 0.0372
-0.7749 0.2385 0.5674 0.1438 -0.4361 0.636 0.5844 0.2524 -0.7316 0.3554 0.5247 0.2512 -0.7008 -0.2047 0.593 -0.3396 -0.6448 0.1913 0.7078 0.2162 -0.682 -0.3101 0.6622 -0.0143 -0.7208 -0.0406 -0.6918 0.0147 -0.6718 -0.0764 0.6807 0.2819 -0.6222 0.0847 0.7773 0.0388 -0.94 0.1071 -0.3193 0.0551
-0.7749 0.2385 0.5674 0.1438 -0.4361 0.636 0.5844 0.2524 -0.7316 0.3554 0.5247 0.2512 -0.7008 -0.2047 0.593 -0.3396 -0.6448 0.1913 0.7078 0.2162 -0.682 -0.3101 0.6622 -0.0143 -0.7208 -0.0406 -0.6918 0.0147 -0.6718 -0.0764 0.6807 0.2819 -0.6222 0.0847 0.7773 0.0388 -0.94 0.1071 -0.3193 0.0551
-0.7749 0.2385 0.5674 0.1438 -0.4361 0.636 0.5844 0.2524 -0.7316 0.3554 0.5247 0.2512 -0.7008 -0.2047 0.593 -0.3396 -0.6448 0.1913 0.7078 0.2162 -0.682 -0.3101 0.6622 -0.0143 -0.7208 -0.0406 -0.6918 0.0147 -0.6718 -0.0764 0.6807 0.2819 -0.6222 0.0847 0.7773 0.0388 -0.94 0.1071 -0.3193 0.0551
-0.7869 0.2745 0.4974 0.2408 -0.4361 0.636 0.5844 0.2524 -0.7316 0.3554 0.5247 0.2512 -0.7325 -0.2756 0.5509 -0.29 -0.6022 0.3761 0.6974 0.0978 -0.682 -0.3101 0.6622 -0.0143 -0.7208 -0.0406 -0.6918 0.0147 -0.6674 -0.0474 0.7073 0.2281 -0.6222 0.0847 0.7773 0.0388 -0.94 0.1071 -0.3193 0.0551
-0.7869 0.2745 0.4974 0.2408 -0.4361 0.636 0.5844 0.2524 -0.7316 0.3554 0.5247 0.2512 -0.7325 -0.2756 0.5509 -0.29 -0.6022 0.3761 0.6974 0.0978 -0.682 -0.3101 0.6622 -0.0143 -0.6355 -0.0046 -0.7721 -0.0024 -0.6674 -0.0474 0.7073 0.2281 -0.6222 0.0847 0.7773 0.0388 -0.94 0.1071 -0.3193 0.0551
-0.7869 0.2745 0.4974 0.2408 -0.4361 0.6367 0.5417 0.333 -0.7316 0.3554 0.5247 0.2512 -0.7325 -0.2756 0.5509 -0.29 -0.6022 0.3761 0.6974 0.0978 -0.682 -0.3101 0.6622 -0.0143 -0.6355 -0.0046 -0.7721 -0.0024 -0.6674 -0.0474 0.7073 0.2281 -0.6222 0.0847 0.7773 0.0388 -0.94 0.1071 -0.3193 0.0551
-0.7869 0.2745 0.4974 0.2408 -0.4361 0.6367 0.5417 0.333 -0.7316 0.3554 0.5247 0.2512 -0.7325 -0.2756 0.5509 -0.29 -0.6022 0.3761 0.6974 0.0978 -0.682 -0.3101 0.6622 -0.0143 -0.6355 -0.0046 -0.7721 -0.0024 -0.6674 -0.0474 0.7073 0.2281 -0.6222 0.0847 0.7773 0.0388 -0.94 0.1071 -0.3193 0.0551
-0.7869 0.2745 0.4974 0.2408 -0.4361 0.6367 0.5417 0.333 -0.7316 0.3554 0.5247 0.2512 -0.7325 -0.2756 0.5509 -0.29 -0.6022 0.3761 0.6974 0.0978 -0.682 -0.3101 0.6622 -0.0143 -0.6355 -0.0046 -0.7721 -0.0024 -0.6674 -0.0474 0.7073 0.2281 -0.6222 0.0847 0.7773 0.0388 -0.9313 0.1135 -0.3412 0.0579
-0.7869 0.2745 0.4974 0.2408 -0.4361 0.6367 0.5417 0.333 -0.7316 0.3554 0.5247 0.2512 -0.7325 -0.2756 0.5509 -0.29 -0.6022 0.3761 0.6974 0.0978 -0.682 -0.3101 0.6622 -0.0143 -0.6355 -0.0046 -0.7721 -0.0024 -0.6674 -0.0474 0.7073 0.2281 -0.629 0.0425 0.7731 -0.0698 -0.9313 0.1135 -0.3412 0.0579
-0.7869 0.2745 0.4974 0.2408 -0.4361 0.6367 0.5417 0.333 -0.7316 0.3554 0.5247 0.2512 -0.7961 -0.3729 0.4651 -0.1039 -0.6022 0.3761 0.6974 0.0978 -0.682 -0.3101 0.6622 -0.0143 -0.6355 -0.0046 -0.7721 -0.0024 -0.6674 -0.0474 0.7073 0.2281 -0.629 0.0425 0.7731 -0.0698 -0.9313 0.1135 -0.3412 0.0579
-0.7916 0.2554 0.4801 0.2787 -0.4361 0.6367 0.5417 0.333 -0.7316 0.3554 0.5247 0.2512 -0.7961 -0.3729 0.4651 -0.1039 -0.459 0.5413 0.6835 -0.1709 -0.682 -0.3101 0.6622 -0.0143 -0.6355 -0.0046 -0.7721 -0.0024 -0.6674 -0.0474 0.7073 0.2281 -0.629 0.0425 0.7731 -0.0698 -0.9313 0.1135 -0.3412 0.0579
-0.7916 0.2554 0.4801 0.2787 -0.4361 0.6367 0.5417 0.333 -0.7316 0.3554 0.5247 0.2512 -0.7961 -0.3729 0.4651 -0.1039 -0.459 0.5413 0.6835 -0.1709 -0.682 -0.3101 0.6622 -0.0143 -0.6355 -0.0046 -0.7721 -0.0024 -0.6674 -0.0474 0.7073 0.2281 -0.629 0.0425 0.7731 -0.0698 -0.9313 0.1135 -0.3412 0.0579
-0.7916 0.2554 0.4801 0.2787 -0.4576 0.6063 0.5354 0.3692 -0.7316 0.3554 0.5247 0.2512 -0.7961 -0.3729 0.4651 -0.1039 -0.459 0.5413 0.6835 -0.1709 -0.682 -0.3101 0.6622 -0.0143 -0.8506 0.0097 -0.5258 -0.002 -0.6674 -0.0474 0.7073 0.2281 -0.629 0.0425 0.7731 -0.0698 -0.9313 0.1135 -0.3412 0.0579
-0.7916 0.2554 0.4801 0.2787 -0.4576 0.6063 0.5354 0.3692 -0.7428 0.3547 0.5138 0.2418 -0.7961 -0.3729 0.4651 -0.1039 -0.459 0.5413 0.6835 -0.1709 -0.682 -0.3101 0.6622 -0.0143 -0.8506 0.0097 -0.5258 -0.002 -0.6674 -0.0474 0.7073 0.2281 -0.629 0.0425 0.7731 -0.0698 -0.9313 0.1135 -0.3412 0.0579
-0.7916 0.2554 0.4801 0.2787 -0.4576 0.6063 0.5354 0.3692 -0.7428 0.3547 0.5138 0.2418 -0.7961 -0.3729 0.4651 -0.1039 -0.459 0.5413 0.6835 -0.1709 -0.682 -0.3101 0.6622 -0.0143 -0.8506 0.0097 -0.5258 -0.002 -0.6674 -0.0474 0.7073 0.2281 -0.629 0.0425 0.7731 -0.0698 -0.9249 0.1072 -0.3615 0.05
-0.7916 0.2554 0.4801 0.2787 -0.4576 0.6063 0.5354 0.3692 -0.7428 0.3547 0.5138 0.2418 -0.7961 -0.3729 0.4651 -0.1039 -0.459 0.5413 0.6835 -0.1709 -0.682 -0.3101 0.6622 -0.0143 -0.8506 0.0097 -0.5258 -0.002 -0.6674 -0.0474 0.7073 0.2281 -0.6473 0.0644 0.752 -0.1071 -0.9249 0.1072 -0.3615 0.05
-0.7916 0.2554 0.4801 0.2787 -0.4576 0.6063 0.5354 0.3692 -0.7428 0.3547 0.5138 0.2418 -0.8259 -0.4212 0.3738 0.0278 -0.459 0.5413 0.6835 -0.1709 -0.682 -0.3101 0.6622 -0.0143 -0.8506 0.0097 -0.5258 -0.002 -0.6495 0.0102 0.7597 0.0307 -0.6473 0.0644 0.752 -0.1071 -0.9249 0.1072 -0.3615 0.05
-0.7916 0.2554 0.4801 0.2787 -0.4576 0.6063 0.5354 0.3692 -0.7428 0.3547 0.5138 0.2418 -0.8259 -0.4212 0.3738 0.0278 -0.459 0.5413 0.6835 -0.1709 -0.682 -0.3101 0.6622 -0.0143 -0.8506 0.0097 -0.5258 -0.002 -0.6495 0.0102 0.7597 0.0307 -0.6473 0.0644 0.752 -0.1071 -0.9249 0.1072 -0.3615 0.05
-0.7916 0.2554 0.4801 0.2787 -0.4576 0.6063 0.5354 0.3692 -0.7428 0.3547 0.5138 0.2418 -0.8259 -0.4212 0.3738 0.0278 -0.459 0.5413 0.6835 -0.1709 -0.682 -0.3101 0.6622 -0.0143 -0.8506 0.0097 -0.5258 -0.002 -0.6495 0.0102 0.7597 0.0307 -0.6473 0.0644 0.752 -0.1071 -0.9249 0.1072 -0.3615 0.05
-0.7916 0.2554 0.4801 0.2787 -0.4982 0.5496 0.545 0.3908 -0.7428 0.3547 0.5138 0.2418 -0.8259 -0.4212 0.3738 0.0278 -0.459 0.5413 0.6835 -0.1709 -0.682 -0.3101 0.6622 -0.0143 -0.9131 0.139 -0.3589 -0.134 -0.6495 0.0102 0.7597 0.0307 -0.6473 0.0644 0.752 -0.1071 -0.9249 0.1072 -0.3615 0.05
-0.7916 0.2554 0.4801 0.2787 -0.4982 0.5496 0.545 0.3908 -0.7785 0.3187 0.4945 0.2189 -0.8259 -0.4212 0.3738 0.0278 -0.459 0.5413 0.6835 -0.1709 -0.6786 -0.2646 0.5731 -0.3755 -0.9131 0.139 -0.3589 -0.134 -0.6495 0.0102 0.7597 0.0307 -0.6473 0.0644 0.752 -0.1071 -0.9127 0.0886 -0.3986 0.0173
-0.7916 0.2554 0.4801 0.2787 -0.4982 0.5496 0.545 0.3908 -0.7785 0.3187 0.4945 0.2189 -0.8259 -0.4212 0.3738 0.0278 -0.459 0.5413 0.6835 -0.1709 -0.6786 -0.2646 0.5731 -0.3755 -0.9131 0.139 -0.3589 -0.134 -0.6495 0.0102 0.7597 0.0307 -0.6473 0.0644 0.752 -0.1071 -0.9127 0.0886 -0.3986 0.0173
-0.7916 0.2554 0.4801 0.2787 -0.4982 0.5496 0.545 0.3908 -0.7785 0.3187 0.4945 0.2189 -0.8259 -0.4212 0.3738 0.0278 -0.459 0.5413 0.6835 -0.1709 -0.6786 -0.2646 0.5731 -0.3755 -0.9131 0.139 -0.3589 -0.134 -0.6495 0.0102 0.7597 0.0307 -0.6473 0.0644 0.752 -0.1071 -0.9127 0.0886 -0.3986 0.0173
-0.7916 0.2554 0.4801 0.2787 -0.4982 0.5496 0.545 0.3908 -0.7785 0.3187 0.4945 0.2189 -0.8259 -0.4212 0.3738 0.0278 -0.459 0.5413 0.6835 -0.1709 -0.6786 -0.2646 0.5731 -0.3755 -0.9131 0.139 -0.3589 -0.134 -0.6495 0.0102 0.7597 0.0307 -0.6473 0.0644 0.752 -0.1071 -0.9127 0.0886 -0.3986 0.0173
-0.8174 0.1852 0.4831 0.2533 -0.4982 0.5496 0.545 0.3908 -0.7785 0.3187 0.4945 0.2189 -0.8391 -0.4388 0.317 0.0541 -0.4803 0.4474 0.6957 -0.292 -0.6786 -0.2646 0.5731 -0.3755 -0.9131 0.139 -0.3589 -0.134 -0.6436 0.0355 0.7645 -0.0026 -0.6721 0.1445 0.71 -0.1528 -0.9127 0.0886 -0.3986 0.0173
-0.8174 0.1852 0.4831 0.2533 -0.4982 0.5496 0.545 0.3908 -0.7785 0.3187 0.4945 0.2189 -0.8391 -0.4388 0.317 0.0541 -0.4803 0.4474 0.6957 -0.292 -0.6786 -0.2646 0.5731 -0.3755 -0.9969 0.0328 -0.0712 0.007 -0.6436 0.0355 0.7645 -0.0026 -0.6721 0.1445 0.71 -0.1528 -0.9127 0.0886 -0.3986 0.0173
-0.8174 0.1852 0.4831 0.2533 -0.5035 0.5319 0.5675 0.3763 -0.7785 0.3187 0.4945 0.2189 -0.8391 -0.4388 0.317 0.0541 -0.4803 0.4474 0.6957 -0.292 -0.6786 -0.2646 0.5731 -0.3755 -0.9969 0.0328 -0.0712 0.007 -0.6436 0.0355 0.7645 -0.0026 -0.6721 0.1445 0.71 -0.1528 -0.9127 0.0886 -0.3986 0.0173
-0.8174 0.1852 0.4831 0.2533 -0.5035 0.5319 0.5675 0.3763 -0.7785 0.3187 0.4945 0.2189 -0.8391 -0.4388 0.317 0.0541 -0.4803 0.4474 0.6957 -0.292 -0.6786 -0.2646 0.5731 -0.3755 -0.9969 0.0328 -0.0712 0.007 -0.6436 0.0355 0.7645 -0.0026 -0.6721 0.1445 0.71 -0.1528 -0.9127 0.0886 -0.3986 0.0173
-0.8174 0.1852 0.4831 0.2533 -0.5035 0.5319 0.5675 0.3763 -0.8214 0.2589 0.4702 0.1929 -0.8391 -0.4388 0.317 0.0541 -0.4803 0.4474 0.6957 -0.292 -0.6049 -0.0011 0.7008 -0.3781 -0.9969 0.0328 -0.0712 0.007 -0.6436 0.0355 0.7645 -0.0026 -0.6721 0.1445 0.71 -0.1528 -0.8912 0.091 -0.4443 -0.0095
-0.8174 0.1852 0.4831 0.2533 -0.5035 0.5319 0.5675 0.3763 -0.8214 0.2589 0.4702 0.1929 -0.8391 -0.4388 0.317 0.0541 -0.4803 0.4474 0.6957 -0.292 -0.6049 -0.0011 0.7008 -0.3781 -0.9969 0.0328 -0.0712 0.007 -0.6436 0.0355 0.7645 -0.0026 -0.6926 0.1429 0.6624 -0.2472 -0.8912 0.091 -0.4443 -0.0095
-0.8174 0.1852 0.4831 0.2533 -0.5035 0.5319 0.5675 0.3763 -0.8214 0.2589 0.4702 0.1929 -0.8696 -0.4012 0.2877 0.0081 -0.5622 0.3416 0.7274 -0.1955 -0.6049 -0.0011 0.7008 -0.3781 -0.9969 0.0328 -0.0712 0.007 -0.6504 0.0212 0.7421 -0.1606 -0.6926 0.1429 0.6624 -0.2472 -0.8912 0.091 -0.4443 -0.0095
-0.8279 0.166 0.4748 0.2484 -0.5035 0.5319 0.5675 0.3763 -0.8214 0.2589 0.4702 0.1929 -0.8696 -0.4012 0.2877 0.0081 -0.5622 0.3416 0.7274 -0.1955 -0.6049 -0.0011 0.7008 -0.3781 -0.9969 0.0328 -0.0712 0.007 -0.6504 0.0212 0.7421 -0.1606 -0.6926 0.1429 0.6624 -0.2472 -0.8912 0.091 -0.4443 -0.0095
-0.8279 0.166 0.4748 0.2484 -0.5035 0.5319 0.5675 0.3763 -0.8214 0.2589 0.4702 0.1929 -0.8696 -0.4012 0.2877 0.0081 -0.5622 0.3416 0.7274 -0.1955 -0.6049 -0.0011 0.7008 -0.3781 -0.9969 0.0328 -0.0712 0.007 -0.6504 0.0212 0.7421 -0.1606 -0.6926 0.1429 0.6624 -0.2472 -0.8912 0.091 -0.4443 -0.0095
-0.8279 0.166 0.4748 0.2484 -0.5084 0.4942 0.6023 0.3668 -0.8214 0.2589 0.4702 0.1929 -0.8696 -0.4012 0.2877 0.0081 -0.5622 0.3416 0.7274 -0.1955 -0.6049 -0.0011 0.7008 -0.3781 -0.9797 0.0403 -0.1916 0.0435 -0.6504 0.0212 0.7421 -0.1606 -0.6926 0.1429 0.6624 -0.2472 -0.8912 0.091 -0.4443 -0.0095
-0.8279 0.166 0.4748 0.2484 -0.5084 0.4942 0.6023 0.3668 -0.844 0.2728 0.4462 0.1191 -0.8696 -0.4012 0.2877 0.0081 -0.5622 0.3416 0.7274 -0.1955 -0.6309 -0.1097 0.6948 -0.3275 -0.9797 0.0403 -0.1916 0.0435 -0.6504 0.0212 0.7421 -0.1606 -0.6926 0.1429 0.6624 -0.2472 -0.7191 0.1566 -0.6765 -0.0279
-0.8279 0.166 0.4748 0.2484 -0.5084 0.4942 0.6023 0.3668 -0.844 0.2728 0.4462 0.1191 -0.8696 -0.4012 0.2877 0.0081 -0.5622 0.3416 0.7274 -0.1955 -0.6309 -0.1097 0.6948 -0.3275 -0.9797 0.0403 -0.1916 0.0435 -0.6504 0.0212 0.7421 -0.1606 -0.6926 0.1429 0.6624 -0.2472 -0.7191 0.1566 -0.6765 -0.0279
-0.8279 0.166 0.4748 0.2484 -0.5084 0.4942 0.6023 0.3668 -0.844 0.2728 0.4462 0.1191 -0.8696 -0.4012 0.2877 0.0081 -0.5622 0.3416 0.7274 -0.1955 -0.6309 -0.1097 0.6948 -0.3275 -0.9797 0.0403 -0.1916 0.0435 -0.6504 0.0212 0.7421 -0.1606 -0.6926 0.1429 0.6624 -0.2472 -0.7191 0.1566 -0.6765 -0.0279
-0.8279 0.166 0.4748 0.2484 -0.5084 0.4942 0.6023 0.3668 -0.844 0.2728 0.4462 0.1191 -0.8707 -0.29 0.3622 -0.1634 -0.5622 0.3416 0.7274 -0.1955 -0.6309 -0.1097 0.6948 -0.3275 -0.9797 0.0403 -0.1916 0.0435 -0.6832 -0.0096 0.6903 -0.2377 -0.7286 0.0887 0.5359 -0.4172 -0.7191 0.1566 -0.6765 -0.0279
-0.8207 0.0927 0.5333 0.1829 -0.5084 0.4942 0.6023 0.3668 -0.844 0.2728 0.4462 0.1191 -0.8707 -0.29 0.3622 -0.1634 -0.5622 0.3416 0.7274 -0.1955 -0.6309 -0.1097 0.6948 -0.3275 -0.9797 0.0403 -0.1916 0.0435 -0.6832 -0.0096 0.6903 -0.2377 -0.7286 0.0887 0.5359 -0.4172 -0.7191 0.1566 -0.6765 -0.0279
-0.8207 0.0927 0.5333 0.1829 -0.5084 0.4942 0.6023 0.3668 -0.844 0.2728 0.4462 0.1191 -0.8707 -0.29 0.3622 -0.1634 -0.5622 0.3416 0.7274 -0.1955 -0.6309 -0.1097 0.6948 -0.3275 -0.9579 -0.0115 -0.2856 0.0284 -0.6832 -0.0096 0.6903 -0.2377 -0.7286 0.0887 0.5359 -0.4172 -0.7191 0.1566 -0.6765 -0.0279
-0.8207 0.0927 0.5333 0.1829 -0.4769 0.5076 0.643 0.3185 -0.844 0.2728 0.4462 0.1191 -0.8707 -0.29 0.3622 -0.1634 -0.5622 0.3416 0.7274 -0.1955 -0.6309 -0.1097 0.6948 -0.3275 -0.9579 -0.0115 -0.2856 0.0284 -0.6832 -0.0096 0.6903 -0.2377 -0.7286 0.0887 0.5359 -0.4172 -0.7191 0.1566 -0.6765 -0.0279
-0.8207 0.0927 0.5333 0.1829 -0.4769 0.5076 0.643 0.3185 -0.7885 0.3994 0.4546 0.1102 -0.8707 -0.29 0.3622 -0.1634 -0.5622 0.3416 0.7274 -0.1955 -0.6367 -0.2124 0.6939 -0.2609 -0.9579 -0.0115 -0.2856 0.0284 -0.6832 -0.0096 0.6903 -0.2377 -0.7286 0.0887 0.5359 -0.4172 -0.3364 -0.0209 -0.936 -0.101
-0.8207 0.0927 0.5333 0.1829 -0.4769 0.5076 0.643 0.3185 -0.7885 0.3994 0.4546 0.1102 -0.8707 -0.29 0.3622 -0.1634 -0.5622 0.3416 0.7274 -0.1955 -0.6367 -0.2124 0.6939 -0.2609 -0.9579 -0.0115 -0.2856 0.0284 -0.6832 -0.0096 0.6903 -0.2377 -0.7286 0.0887 0.5359 -0.4172 -0.3364 -0.0209 -0.936 -0.101
-0.8207 0.0927 0.5333 0.1829 -0.4769 0.5076 0.643 0.3185 -0.7885 0.3994 0.4546 0.1102 -0.8707 -0.29 0.3622 -0.1634 -0.5622 0.3416 0.7274 -0.1955 -0.6367 -0.2124 0.6939 -0.2609 -0.9579 -0.0115 -0.2856 0.0284 -0.6832 -0.0096 0.6903 -0.2377 -0.7286 0.0887 0.5359 -0.4172 -0.3364 -0.0209 -0.936 -0.101
-0.8207 0.0927 0.5333 0.1829 -0.4769 0.5076 0.643 0.3185 -0.7885 0.3994 0.4546 0.1102 -0.8707 -0.29 0.3622 -0.1634 -0.5622 0.3416 0.7274 -0.1955 -0.6367 -0.2124 0.6939 -0.2609 -0.9579 -0.0115 -0.2856 0.0284 -0.6832 -0.0096 0.6903 -0.2377 -0.7286 0.0887 0.5359 -0.4172 -0.3364 -0.0209 -0.936 -0.101
-0.8112 0.1353 0.5316 0.2029 -0.4769 0.5076 0.643 0.3185 -0.7885 0.3994 0.4546 0.1102 -0.8054 -0.1985 0.483 -0.2803 -0.5984 0.2438 0.7631 -0.0154 -0.6367 -0.2124 0.6939 -0.2609 -0.9579 -0.0115 -0.2856 0.0284 -0.7231 0.0448 0.688 -0.0428 -0.6816 0.416 0.2346 -0.5544 -0.3364 -0.0209 -0.936 -0.101
-0.8112 0.1353 0.5316 0.2029 -0.4769 0.5076 0.643 0.3185 -0.7885 0.3994 0.4546 0.1102 -0.8054 -0.1985 0.483 -0.2803 -0.5984 0.2438 0.7631 -0.0154 -0.6367 -0.2124 0.6939 -0.2609 -0.9579 -0.0115 -0.2856 0.0284 -0.7231 0.0448 0.688 -0.0428 -0.6816 0.416 0.2346 -0.5544 -0.3364 -0.0209 -0.936 -0.101
-0.8112 0.1353 0.5316 0.2029 -0.4295 0.5576 0.66 0.2626 -0.7885 0.3994 0.4546 0.1102 -0.8054 -0.1985 0.483 -0.2803 -0.5984 0.2438 0.7631 -0.0154 -0.6367 -0.2124 0.6939 -0.2609 -0.9514 -0.0164 -0.3059 0.0308 -0.7231 0.0448 0.688 -0.0428 -0.6816 0.416 0.2346 -0.5544 -0.3364 -0.0209 -0.936 -0.101
-0.8112 0.1353 0.5316 0.2029 -0.4295 0.5576 0.66 0.2626 -0.7895 0.3805 0.4816 -0.0013 -0.8054 -0.1985 0.483 -0.2803 -0.5984 0.2438 0.7631 -0.0154 -0.642 -0.2512 0.6934 -0.2093 -0.9514 -0.0164 -0.3059 0.0308 -0.7231 0.0448 0.688 -0.0428 -0.6816 0.416 0.2346 -0.5544 -0.2659 -0.1531 -0.9498 -0.0611
-0.8112 0.1353 0.5316 0.2029 -0.4295 0.5576 0.66 0.2626 -0.7895 0.3805 0.4816 -0.0013 -0.8054 -0.1985 0.483 -0.2803 -0.5984 0.2438 0.7631 -0.0154 -0.642 -0.2512 0.6934 -0.2093 -0.9514 -0.0164 -0.3059 0.0308 -0.7231 0.0448 0.688 -0.0428 -0.6816 0.416 0.2346 -0.5544 -0.2659 -0.1531 -0.9498 -0.0611
-0.8112 0.1353 0.5316 0.2029 -0.4295 0.5576 0.66 0.2626 -0.7895 0.3805 0.4816 -0.0013 -0.8054 -0.1985 0.483 -0.2803 -0.5984 0.2438 0.7631 -0.0154 -0.642 -0.2512 0.6934 -0.2093 -0.9514 -0.0164 -0.3059 0.0308 -0.7231 0.0448 0.688 -0.0428 -0.6816 0.416 0.2346 -0.5544 -0.2659 -0.1531 -0.9498 -0.0611
-0.8112 0.1353 0.5316 0.2029 -0.4295 0.5576 0.66 0.2626 -0.7895 0.3805 0.4816 -0.0013 -0.7231 -0.1692 0.55 -0.3821 -0.5984 0.2438 0.7631 -0.0154 -0.642 -0.2512 0.6934 -0.2093 -0.9514 -0.0164 -0.3059 0.0308 -0.7603 -0.0324 0.6304 0.1531 -0.6886 0.4566 0.1507 -0.5428 -0.2659 -0.1531 -0.9498 -0.0611
-0.8112 0.1353 0.5316 0.2029 -0.4295 0.5576 0.66 0.2626 -0.7895 0.3805 0.4816 -0.0013 -0.7231 -0.1692 0.55 -0.3821 -0.5984 0.2438 0.7631 -0.0154 -0.642 -0.2512 0.6934 -0.2093 -0.9514 -0.0164 -0.3059 0.0308 -0.7603 -0.0324 0.6304 0.1531 -0.6886 0.4566 0.1507 -0.5428 -0.2659 -0.1531 -0.9498 -0.0611
-0.8112 0.1353 0.5316 0.2029 -0.4295 0.5576 0.66 0.2626 -0.7895 0.3805 0.4816 -0.0013 -0.7231 -0.1692 0.55 -0.3821 -0.5984 0.2438 0.7631 -0.0154 -0.642 -0.2512 0.6934 -0.2093 -0.9407 -0.0076 -0.3368 0.0397 -0.7603 -0.0324 0.6304 0.1531 -0.6886 0.4566 0.1507 -0.5428 -0.2659 -0.1531 -0.9498 -0.0611
-0.8112 0.1353 0.5316 0.2029 -0.4162 0.5875 0.6525 0.2366 -0.7895 0.3805 0.4816 -0.0013 -0.7231 -0.1692 0.55 -0.3821 -0.5984 0.2438 0.7631 -0.0154 -0.642 -0.2512 0.6934 -0.2093 -0.9407 -0.0076 -0.3368 0.0397 -0.7603 -0.0324 0.6304 0.1531 -0.6886 0.4566 0.1507 -0.5428 -0.2659 -0.1531 -0.9498 -0.0611
-0.8112 0.1353 0.5316 0.2029 -0.4162 0.5875 0.6525 0.2366 -0.7599 0.3834 0.5224 -0.0516 -0.7231 -0.1692 0.55 -0.3821 -0.5984 0.2438 0.7631 -0.0154 -0.6512 -0.2759 0.6918 -0.1459 -0.9407 -0.0076 -0.3368 0.0397 -0.7603 -0.0324 0.6304 0.1531 -0.6886 0.4566 0.1507 -0.5428 -0.7644 -0.0031 -0.6447 -0.0068
-0.8112 0.1353 0.5316 0.2029 -0.4162 0.5875 0.6525 0.2366 -0.7599 0.3834 0.5224 -0.0516 -0.7231 -0.1692 0.55 -0.3821 -0.5984 0.2438 0.7631 -0.0154 -0.6512 -0.2759 0.6918 -0.1459 -0.9407 -0.0076 -0.3368 0.0397 -0.7603 -0.0324 0.6304 0.1531 -0.6886 0.4566 0.1507 -0.5428 -0.7644 -0.0031 -0.6447 -0.0068
-0.8112 0.1353 0.5316 0.2029 -0.4162 0.5875 0.6525 0.2366 -0.7599 0.3834 0.5224 -0.0516 -0.7231 -0.1692 0.55 -0.3821 -0.5984 0.2438 0.7631 -0.0154 -0.6512 -0.2759 0.6918 -0.1459 -0.9407 -0.0076 -0.3368 0.0397 -0.7603 -0.0324 0.6304 0.1531 -0.6886 0.4566 0.1507 -0.5428 -0.7644 -0.0031 -0.6447 -0.0068
-0.8112 0.1353 0.5316 0.2029 -0.4162 0.5875 0.6525 0.2366 -0.7599 0.3834 0.5224 -0.0516 -0.6634 -0.1354 0.5939 -0.4346 -0.5984 0.2438 0.7631 -0.0154 -0.6512 -0.2759 0.6918 -0.1459 -0.9407 -0.0076 -0.3368 0.0397 -0.7204 -0.0764 0.6423 0.2503 -0.7244 0.2276 0.6193 -0.2001 -0.7644 -0.0031 -0.6447 -0.0068
-0.7883 0.1931 0.552 0.1913 -0.4162 0.5875 0.6525 0.2366 -0.7599 0.3834 0.5224 -0.0516 -0.6634 -0.1354 0.5939 -0.4346 -0.6516 0.1486 0.7202 0.1862 -0.6512 -0.2759 0.6918 -0.1459 -0.9407 -0.0076 -0.3368 0.0397 -0.7204 -0.0764 0.6423 0.2503 -0.7244 0.2276 0.6193 -0.2001 -0.7644 -0.0031 -0.6447 -0.0068
-0.7883 0.1931 0.552 0.1913 -0.4162 0.5875 0.6525 0.2366 -0.7599 0.3834 0.5224 -0.0516 -0.6634 -0.1354 0.5939 -0.4346 -0.6516 0.1486 0.7202 0.1862 -0.6512 -0.2759 0.6918 -0.1459 -0.9407 -0.0076 -0.3368 0.0397 -0.7204 -0.0764 0.6423 0.2503 -0.7244 0.2276 0.6193 -0.2001 -0.7644 -0.0031 -0.6447 -0.0068
-0.7883 0.1931 0.552 0.1913 -0.4052 0.5982 0.6506 0.2338 -0.7599 0.3834 0.5224 -0.0516 -0.6634 -0.1354 0.5939 -0.4346 -0.6516 0.1486 0.7202 0.1862 -0.6512 -0.2759 0.6918 -0.1459 -0.9099 -0.0067 -0.4143 0.0213 -0.7204 -0.0764 0.6423 0.2503 -0.7244 0.2276 0.6193 -0.2001 -0.7644 -0.0031 -0.6447 -0.0068
-0.7883 0.1931 0.552 0.1913 -0.4052 0.5982 0.6506 0.2338 -0.7438 0.4001 0.5338 -0.0409 -0.6634 -0.1354 0.5939 -0.4346 -0.6516 0.1486 0.7202 0.1862 -0.6688 -0.3065 0.6755 -0.0493 -0.9099 -0.0067 -0.4143 0.0213 -0.7204 -0.0764 0.6423 0.2503 -0.7244 0.2276 0.6193 -0.2001 -0.9766 0.156 -0.1436 0.0346
-0.7883 0.1931 0.552 0.1913 -0.4052 0.5982 0.6506 0.2338 -0.7438 0.4001 0.5338 -0.0409 -0.6634 -0.1354 0.5939 -0.4346 -0.6516 0.1486 0.7202 0.1862 -0.6688 -0.3065 0.6755 -0.0493 -0.9099 -0.0067 -0.4143 0.0213 -0.7204 -0.0764 0.6423 0.2503 -0.7244 0.2276 0.6193 -0.2001 -0.9766 0.156 -0.1436 0.0346
-0.7883 0.1931 0.552 0.1913 -0.4052 0.5982 0.6506 0.2338 -0.7438 0.4001 0.5338 -0.0409 -0.6634 -0.1354 0.5939 -0.4346 -0.6516 0.1486 0.7202 0.1862 -0.6688 -0.3065 0.6755 -0.0493 -0.9099 -0.0067 -0.4143 0.0213 -0.7204 -0.0764 0.6423 0.2503 -0.7244 0.2276 0.6193 -0.2001 -0.9766 0.156 -0.1436 0.0346
-0.7883 0.1931 0.552 0.1913 -0.4052 0.5982 0.6506 0.2338 -0.7438 0.4001 0.5338 -0.0409 -0.6634 -0.1354 0.5939 -0.4346 -0.6516 0.1486 0.7202 0.1862 -0.6688 -0.3065 0.6755 -0.0493 -0.9099 -0.0067 -0.4143 0.0213 -0.7204 -0.0764 0.6423 0.2503 -0.7244 0.2276 0.6193 -0.2001 -0.9766 0.156 -0.1436 0.0346
-0.7977 0.2062 0.5438 0.1596 -0.4052 0.5982 0.6506 0.2338 -0.7438 0.4001 0.5338 -0.0409 -0.6763 -0.1432 0.6049 -0.3951 -0.6619 0.1367 0.6878 0.265 -0.6688 -0.3065 0.6755 -0.0493 -0.9099 -0.0067 -0.4143 0.0213 -0.6743 -0.0777 0.6993 0.2243 -0.5517 -0.0923 0.8276 0.0462 -0.9766 0.156 -0.1436 0.0346
-0.7977 0.2062 0.5438 0.1596 -0.4052 0.5982 0.6506 0.2338 -0.7438 0.4001 0.5338 -0.0409 -0.6763 -0.1432 0.6049 -0.3951 -0.6619 0.1367 0.6878 0.265 -0.6688 -0.3065 0.6755 -0.0493 -0.9099 -0.0067 -0.4143 0.0213 -0.6743 -0.0777 0.6993 0.2243 -0.5517 -0.0923 0.8276 0.0462 -0.9766 0.156 -0.1436 0.0346
-0.7977 0.2062 0.5438 0.1596 -0.4462 0.5778 0.6381 0.2448 -0.7438 0.4001 0.5338 -0.0409 -0.6763 -0.1432 0.6049 -0.3951 -0.6619 0.1367 0.6878 0.265 -0.6688 -0.3065 0.6755 -0.0493 -0.9099 -0.0067 -0.4143 0.0213 -0.6743 -0.0777 0.6993 0.2243 -0.5517 -0.0923 0.8276 0.0462 -0.9766 0.156 -0.1436 0.0346
-0.7977 0.2062 0.5438 0.1596 -0.4462 0.5778 0.6381 0.2448 -0.7502 0.3817 0.5394 0.0252 -0.6763 -0.1432 0.6049 -0.3951 -0.6619 0.1367 0.6878 0.265 -0.6722 -0.4059 0.6121 0.0931 -0.9099 -0.0067 -0.4143 0.0213 -0.6743 -0.0777 0.6993 0.2243 -0.5517 -0.0923 0.8276 0.0462 -0.9406 0.1035 -0.3107 0.0892
-0.7977 0.2062 0.5438 0.1596 -0.4462 0.5778 0.6381 0.2448 -0.7502 0.3817 0.5394 0.0252 -0.6763 -0.1432 0.6049 -0.3951 -0.6619 0.1367 0.6878 0.265 -0.6722 -0.4059 0.6121 0.0931 -0.9099 -0.0067 -0.4143 0.0213 -0.6743 -0.0777 0.6993 0.2243 -0.5517 -0.0923 0.8276 0.0462 -0.9406 0.1035 -0.3107 0.0892
-0.7977 0.2062 0.5438 0.1596 -0.4462 0.5778 0.6381 0.2448 -0.7502 0.3817 0.5394 0.0252 -0.6763 -0.1432 0.6049 -0.3951 -0.6619 0.1367 0.6878 0.265 -0.6722 -0.4059 0.6121 0.0931 -0.9099 -0.0067 -0.4143 0.0213 -0.6743 -0.0777 0.6993 0.2243 -0.5517 -0.0923 0.8276 0.0462 -0.9406 0.1035 -0.3107 0.0892
-0.7977 0.2062 0.5438 0.1596 -0.4462 0.5778 0.6381 0.2448 -0.7502 0.3817 0.5394 0.0252 -0.7354 -0.1982 0.5563 -0.3325 -0.6619 0.1367 0.6878 0.265 -0.6722 -0.4059 0.6121 0.0931 -0.9099 -0.0067 -0.4143 0.0213 -0.6689 -0.0096 0.7012 0.2465 -0.6205 0.0674 0.7812 -0.0096 -0.9406 0.1035 -0.3107 0.0892
-0.7857 0.2187 0.5393 0.2097 -0.4462 0.5778 0.6381 0.2448 -0.7502 0.3817 0.5394 0.0252 -0.7354 -0.1982 0.5563 -0.3325 -0.6552 0.2419 0.6915 0.1845 -0.6722 -0.4059 0.6121 0.0931 -0.9099 -0.0067 -0.4143 0.0213 -0.6689 -0.0096 0.7012 0.2465 -0.6205 0.0674 0.7812 -0.0096 -0.9406 0.1035 -0.3107 0.0892
-0.7857 0.2187 0.5393 0.2097 -0.4462 0.5778 0.6381 0.2448 -0.7502 0.3817 0.5394 0.0252 -0.7354 -0.1982 0.5563 -0.3325 -0.6552 0.2419 0.6915 0.1845 -0.6722 -0.4059 0.6121 0.0931 -0.9099 -0.0067 -0.4143 0.0213 -0.6689 -0.0096 0.7012 0.2465 -0.6205 0.0674 0.7812 -0.0096 -0.9406 0.1035 -0.3107 0.0892
-0.7857 0.2187 0.5393 0.2097 -0.445 0.5578 0.5947 0.3702 -0.7502 0.3817 0.5394 0.0252 -0.7354 -0.1982 0.5563 -0.3325 -0.6552 0.2419 0.6915 0.1845 -0.6722 -0.4059 0.6121 0.0931 -0.5947 -0.0193 -0.8038 -0.0041 -0.6689 -0.0096 0.7012 0.2465 -0.6205 0.0674 0.7812 -0.0096 -0.9406 0.1035 -0.3107 0.0892
-0.7857 0.2187 0.5393 0.2097 -0.445 0.5578 0.5947 0.3702 -0.7648 0.3466 0.5272 0.1306 -0.7354 -0.1982 0.5563 -0.3325 -0.6552 0.2419 0.6915 0.1845 -0.6641 -0.4515 0.5732 0.1633 -0.5947 -0.0193 -0.8038 -0.0041 -0.6689 -0.0096 0.7012 0.2465 -0.6205 0.0674 0.7812 -0.0096 -0.9297 0.0866 -0.3502 0.0746
-0.7857 0.2187 0.5393 0.2097 -0.445 0.5578 0.5947 0.3702 -0.7648 0.3466 0.5272 0.1306 -0.7354 -0.1982 0.5563 -0.3325 -0.6552 0.2419 0.6915 0.1845 -0.6641 -0.4515 0.5732 0.1633 -0.5947 -0.0193 -0.8038 -0.0041 -0.6689 -0.0096 0.7012 0.2465 -0.6205 0.0674 0.7812 -0.0096 -0.9297 0.0866 -0.3502 0.0746
-0.7857 0.2187 0.5393 0.2097 -0.445 0.5578 0.5947 0.3702 -0.7648 0.3466 0.5272 0.1306 -0.7354 -0.1982 0.5563 -0.3325 -0.6552 0.2419 0.6915 0.1845 -0.6641 -0.4515 0.5732 0.1633 -0.5947 -0.0193 -0.8038 -0.0041 -0.6689 -0.0096 0.7012 0.2465 -0.6205 0.0674 0.7812 -0.0096 -0.9297 0.0866 -0.3502 0.0746
-0.7857 0.2187 0.5393 0.2097 -0.445 0.5578 0.5947 0.3702 -0.7648 0.3466 0.5272 0.1306 -0.8028 -0.2861 0.4822 -0.2029 -0.6552 0.2419 0.6915 0.1845 -0.6641 -0.4515 0.5732 0.1633 -0.5947 -0.0193 -0.8038 -0.0041 -0.6454 0.0638 0.7508 0.1251 -0.6469 0.11 0.7525 -0.0555 -0.9297 0.0866 -0.3502 0.0746
-0.7805 0.2126 0.5306 0.2531 -0.445 0.5578 0.5947 0.3702 -0.7648 0.3466 0.5272 0.1306 -0.8028 -0.2861 0.4822 -0.2029 -0.5699 0.4252 0.6976 0.0881 -0.6641 -0.4515 0.5732 0.1633 -0.5947 -0.0193 -0.8038 -0.0041 -0.6454 0.0638 0.7508 0.1251 -0.6469 0.11 0.7525 -0.0555 -0.9297 0.0866 -0.3502 0.0746
-0.7805 0.2126 0.5306 0.2531 -0.445 0.5578 0.5947 0.3702 -0.7648 0.3466 0.5272 0.1306 -0.8028 -0.2861 0.4822 -0.2029 -0.5699 0.4252 0.6976 0.0881 -0.6641 -0.4515 0.5732 0.1633 -0.8256 0.0318 -0.5544 0.0999 -0.6454 0.0638 0.7508 0.1251 -0.6469 0.11 0.7525 -0.0555 -0.9297 0.0866 -0.3502 0.0746
-0.7805 0.2126 0.5306 0.2531 -0.4736 0.5146 0.5761 0.423 -0.7648 0.3466 0.5272 0.1306 -0.8028 -0.2861 0.4822 -0.2029 -0.5699 0.4252 0.6976 0.0881 -0.6641 -0.4515 0.5732 0.1633 -0.8256 0.0318 -0.5544 0.0999 -0.6454 0.0638 0.7508 0.1251 -0.6469 0.11 0.7525 -0.0555 -0.9297 0.0866 -0.3502 0.0746
-0.7805 0.2126 0.5306 0.2531 -0.4736 0.5146 0.5761 0.423 -0.7787 0.3416 0.4658 0.2448 -0.8028 -0.2861 0.4822 -0.2029 -0.5699 0.4252 0.6976 0.0881 -0.7042 -0.2858 0.6495 -0.0245 -0.8256 0.0318 -0.5544 0.0999 -0.6454 0.0638 0.7508 0.1251 -0.6469 0.11 0.7525 -0.0555 -0.9194 0.0842 -0.3784 0.0663
-0.7805 0.2126 0.5306 0.2531 -0.4736 0.5146 0.5761 0.423 -0.7787 0.3416 0.4658 0.2448 -0.8028 -0.2861 0.4822 -0.2029 -0.5699 0.4252 0.6976 0.0881 -0.7042 -0.2858 0.6495 -0.0245 -0.8256 0.0318 -0.5544 0.0999 -0.6454 0.0638 0.7508 0.1251 -0.6469 0.11 0.7525 -0.0555 -0.9194 0.0842 -0.3784 0.0663
-0.7805 0.2126 0.5306 0.2531 -0.4736 0.5146 0.5761 0.423 -0.7787 0.3416 0.4658 0.2448 -0.8028 -0.2861 0.4822 -0.2029 -0.5699 0.4252 0.6976 0.0881 -0.7042 -0.2858 0.6495 -0.0245 -0.8256 0.0318 -0.5544 0.0999 -0.6454 0.0638 0.7508 0.1251 -0.6469 0.11 0.7525 -0.0555 -0.9194 0.0842 -0.3784 0.0663
-0.7805 0.2126 0.5306 0.2531 -0.4736 0.5146 0.5761 0.423 -0.7787 0.3416 0.4658 0.2448 -0.8566 -0.3165 0.4063 -0.0312 -0.5699 0.4252 0.6976 0.0881 -0.7042 -0.2858 0.6495 -0.0245 -0.8256 0.0318 -0.5544 0.0999 -0.64 0.1305 0.7572 0.002 -0.6626 0.1248 0.7305 -0.1085 -0.9194 0.0842 -0.3784 0.0663
-0.7756 0.2296 0.4957 0.3163 -0.4736 0.5146 0.5761 0.423 -0.7787 0.3416 0.4658 0.2448 -0.8566 -0.3165 0.4063 -0.0312 -0.566 0.3831 0.7241 -0.0925 -0.7042 -0.2858 0.6495 -0.0245 -0.8256 0.0318 -0.5544 0.0999 -0.64 0.1305 0.7572 0.002 -0.6626 0.1248 0.7305 -0.1085 -0.9194 0.0842 -0.3784 0.0663
-0.7756 0.2296 0.4957 0.3163 -0.4736 0.5146 0.5761 0.423 -0.7787 0.3416 0.4658 0.2448 -0.8566 -0.3165 0.4063 -0.0312 -0.566 0.3831 0.7241 -0.0925 -0.7042 -0.2858 0.6495 -0.0245 -0.9873 -0.0083 -0.1236 0.0995 -0.64 0.1305 0.7572 0.002 -0.6626 0.1248 0.7305 -0.1085 -0.9194 0.0842 -0.3784 0.0663
-0.7756 0.2296 0.4957 0.3163 -0.4726 0.5184 0.545 0.4592 -0.7787 0.3416 0.4658 0.2448 -0.8566 -0.3165 0.4063 -0.0312 -0.566 0.3831 0.7241 -0.0925 -0.7042 -0.2858 0.6495 -0.0245 -0.9873 -0.0083 -0.1236 0.0995 -0.64 0.1305 0.7572 0.002 -0.6626 0.1248 0.7305 -0.1085 -0.9194 0.0842 -0.3784 0.0663
-0.7756 0.2296 0.4957 0.3163 -0.4726 0.5184 0.545 0.4592 -0.7953 0.3048 0.4148 0.3202 -0.8566 -0.3165 0.4063 -0.0312 -0.566 0.3831 0.7241 -0.0925 -0.6299 0.0065 0.7147 -0.304 -0.9873 -0.0083 -0.1236 0.0995 -0.64 0.1305 0.7572 0.002 -0.6626 0.1248 0.7305 -0.1085 -0.9194 0.0842 -0.3784 0.0663
-0.7756 0.2296 0.4957 0.3163 -0.4726 0.5184 0.545 0.4592 -0.7953 0.3048 0.4148 0.3202 -0.8566 -0.3165 0.4063 -0.0312 -0.566 0.3831 0.7241 -0.0925 -0.6299 0.0065 0.7147 -0.304 -0.9873 -0.0083 -0.1236 0.0995 -0.64 0.1305 0.7572 0.002 -0.6626 0.1248 0.7305 -0.1085 -0.8898 0.0874 -0.4455 0.0473
-0.7756 0.2296 0.4957 0.3163 -0.4726 0.5184 0.545 0.4592 -0.7953 0.3048 0.4148 0.3202 -0.8566 -0.3165 0.4063 -0.0312 -0.566 0.3831 0.7241 -0.0925 -0.6299 0.0065 0.7147 -0.304 -0.9873 -0.0083 -0.1236 0.0995 -0.64 0.1305 0.7572 0.002 -0.6986 0.1764 0.6639 -0.2003 -0.8898 0.0874 -0.4455 0.0473
-0.7756 0.2296 0.4957 0.3163 -0.4726 0.5184 0.545 0.4592 -0.7953 0.3048 0.4148 0.3202 -0.8566 -0.3165 0.4063 -0.0312 -0.566 0.3831 0.7241 -0.0925 -0.6299 0.0065 0.7147 -0.304 -0.9873 -0.0083 -0.1236 0.0995 -0.64 0.1305 0.7572 0.002 -0.6986 0.1764 0.6639 -0.2003 -0.8898 0.0874 -0.4455 0.0473
-0.7704 0.2506 0.4913 0.3197 -0.4726 0.5184 0.545 0.4592 -0.7953 0.3048 0.4148 0.3202 -0.8802 -0.3242 0.3458 0.0217 -0.5595 0.3759 0.7355 -0.0681 -0.6299 0.0065 0.7147 -0.304 -0.9873 -0.0083 -0.1236 0.0995 -0.6363 0.1455 0.7527 -0.0856 -0.6986 0.1764 0.6639 -0.2003 -0.8898 0.0874 -0.4455 0.0473
-0.7704 0.2506 0.4913 0.3197 -0.4726 0.5184 0.545 0.4592 -0.7953 0.3048 0.4148 0.3202 -0.8802 -0.3242 0.3458 0.0217 -0.5595 0.3759 0.7355 -0.0681 -0.6299 0.0065 0.7147 -0.304 -0.9873 -0.0083 -0.1236 0.0995 -0.6363 0.1455 0.7527 -0.0856 -0.6986 0.1764 0.6639 -0.2003 -0.8898 0.0874 -0.4455 0.0473
-0.7704 0.2506 0.4913 0.3197 -0.471 0.5201 0.5251 0.4815 -0.7953 0.3048 0.4148 0.3202 -0.8802 -0.3242 0.3458 0.0217 -0.5595 0.3759 0.7355 -0.0681 -0.6299 0.0065 0.7147 -0.304 -0.9811 0.0154 -0.1854 0.0543 -0.6363 0.1455 0.7527 -0.0856 -0.6986 0.1764 0.6639 -0.2003 -0.8898 0.0874 -0.4455 0.0473
-0.7704 0.2506 0.4913 0.3197 -0.471 0.5201 0.5251 0.4815 -0.8012 0.2992 0.4319 0.2864 -0.8802 -0.3242 0.3458 0.0217 -0.5595 0.3759 0.7355 -0.0681 -0.6459 -0.1038 0.7032 -0.2785 -0.9811 0.0154 -0.1854 0.0543 -0.6363 0.1455 0.7527 -0.0856 -0.6986 0.1764 0.6639 -0.2003 -0.8898 0.0874 -0.4455 0.0473
-0.7704 0.2506 0.4913 0.3197 -0.471 0.5201 0.5251 0.4815 -0.8012 0.2992 0.4319 0.2864 -0.8802 -0.3242 0.3458 0.0217 -0.5595 0.3759 0.7355 -0.0681 -0.6459 -0.1038 0.7032 -0.2785 -0.9811 0.0154 -0.1854 0.0543 -0.6363 0.1455 0.7527 -0.0856 -0.6986 0.1764 0.6639 -0.2003 -0.6254 0.0264 -0.7795 0.025
-0.7704 0.2506 0.4913 0.3197 -0.471 0.5201 0.5251 0.4815 -0.8012 0.2992 0.4319 0.2864 -0.8802 -0.3242 0.3458 0.0217 -0.5595 0.3759 0.7355 -0.0681 -0.6459 -0.1038 0.7032 -0.2785 -0.9811 0.0154 -0.1854 0.0543 -0.6363 0.1455 0.7527 -0.0856 -0.6986 0.1764 0.6639 -0.2003 -0.6254 0.0264 -0.7795 0.025
-0.7704 0.2506 0.4913 0.3197 -0.471 0.5201 0.5251 0.4815 -0.8012 0.2992 0.4319 0.2864 -0.8802 -0.3242 0.3458 0.0217 -0.5595 0.3759 0.7355 -0.0681 -0.6459 -0.1038 0.7032 -0.2785 -0.9811 0.0154 -0.1854 0.0543 -0.6363 0.1455 0.7527 -0.0856 -0.6986 0.1764 0.6639 -0.2003 -0.6254 0.0264 -0.7795 0.025
-0.7624 0.2458 0.5492 0.2382 -0.471 0.5201 0.5251 0.4815 -0.8012 0.2992 0.4319 0.2864 -0.8528 -0.3245 0.4003 -0.0853 -0.5708 0.3335 0.7478 -0.0611 -0.6459 -0.1038 0.7032 -0.2785 -0.9811 0.0154 -0.1854 0.0543 -0.656 0.0969 0.7484 -0.0161 -0.7358 0.2874 0.5085 -0.3426 -0.6254 0.0264 -0.7795 0.025
-0.7624 0.2458 0.5492 0.2382 -0.471 0.5201 0.5251 0.4815 -0.8012 0.2992 0.4319 0.2864 -0.8528 -0.3245 0.4003 -0.0853 -0.5708 0.3335 0.7478 -0.0611 -0.6459 -0.1038 0.7032 -0.2785 -0.9557 -0.024 -0.2898 0.0444 -0.656 0.0969 0.7484 -0.0161 -0.7358 0.2874 0.5085 -0.3426 -0.6254 0.0264 -0.7795 0.025
-0.7624 0.2458 0.5492 0.2382 -0.471 0.5201 0.5251 0.4815 -0.8012 0.2992 0.4319 0.2864 -0.8528 -0.3245 0.4003 -0.0853 -0.5708 0.3335 0.7478 -0.0611 -0.6459 -0.1038 0.7032 -0.2785 -0.9557 -0.024 -0.2898 0.0444 -0.656 0.0969 0.7484 -0.0161 -0.7358 0.2874 0.5085 -0.3426 -0.6254 0.0264 -0.7795 0.025
-0.7624 0.2458 0.5492 0.2382 -0.4498 0.5451 0.5452 0.4508 -0.7813 0.312 0.4972 0.2125 -0.8528 -0.3245 0.4003 -0.0853 -0.5708 0.3335 0.7478 -0.0611 -0.6499 -0.1987 0.6988 -0.2233 -0.9557 -0.024 -0.2898 0.0444 -0.656 0.0969 0.7484 -0.0161 -0.7358 0.2874 0.5085 -0.3426 -0.6254 0.0264 -0.7795 0.025
-0.7624 0.2458 0.5492 0.2382 -0.4498 0.5451 0.5452 0.4508 -0.7813 0.312 0.4972 0.2125 -0.8528 -0.3245 0.4003 -0.0853 -0.5708 0.3335 0.7478 -0.0611 -0.6499 -0.1987 0.6988 -0.2233 -0.9557 -0.024 -0.2898 0.0444 -0.656 0.0969 0.7484 -0.0161 -0.7358 0.2874 0.5085 -0.3426 -0.6097 0.0022 -0.7924 0.0175
-0.7624 0.2458 0.5492 0.2382 -0.4498 0.5451 0.5452 0.4508 -0.7813 0.312 0.4972 0.2125 -0.8528 -0.3245 0.4003 -0.0853 -0.5708 0.3335 0.7478 -0.0611 -0.6499 -0.1987 0.6988 -0.2233 -0.9557 -0.024 -0.2898 0.0444 -0.656 0.0969 0.7484 -0.0161 -0.7543 0.2186 0.547 -0.2899 -0.6097 0.0022 -0.7924 0.0175
-0.7624 0.2458 0.5492 0.2382 -0.4498 0.5451 0.5452 0.4508 -0.7813 0.312 0.4972 0.2125 -0.8528 -0.3245 0.4003 -0.0853 -0.5708 0.3335 0.7478 -0.0611 -0.6499 -0.1987 0.6988 -0.2233 -0.9557 -0.024 -0.2898 0.0444 -0.656 0.0969 0.7484 -0.0161 -0.7543 0.2186 0.547 -0.2899 -0.6097 0.0022 -0.7924 0.0175
-0.7485 0.2316 0.5996 0.1631 -0.4498 0.5451 0.5452 0.4508 -0.7813 0.312 0.4972 0.2125 -0.7618 -0.2737 0.5223 -0.2683 -0.613 0.2633 0.7427 0.0579 -0.6499 -0.1987 0.6988 -0.2233 -0.9557 -0.024 -0.2898 0.0444 -0.699 -0.069 0.7072 0.0802 -0.7543 0.2186 0.547 -0.2899 -0.6097 0.0022 -0.7924 0.0175
-0.7485 0.2316 0.5996 0.1631 -0.4498 0.5451 0.5452 0.4508 -0.7813 0.312 0.4972 0.2125 -0.7618 -0.2737 0.5223 -0.2683 -0.613 0.2633 0.7427 0.0579 -0.6499 -0.1987 0.6988 -0.2233 -0.9557 -0.024 -0.2898 0.0444 -0.699 -0.069 0.7072 0.0802 -0.7543 0.2186 0.547 -0.2899 -0.6097 0.0022 -0.7924 0.0175
-0.7485 0.2316 0.5996 0.1631 -0.4009 0.5897 0.6135 0.3392 -0.7813 0.312 0.4972 0.2125 -0.7618 -0.2737 0.5223 -0.2683 -0.613 0.2633 0.7427 0.0579 -0.6499 -0.1987 0.6988 -0.2233 -0.9476 -0.0283 -0.3146 0.0478 -0.699 -0.069 0.7072 0.0802 -0.7543 0.2186 0.547 -0.2899 -0.6097 0.0022 -0.7924 0.0175
-0.7485 0.2316 0.5996 0.1631 -0.4009 0.5897 0.6135 0.3392 -0.7491 0.3268 0.5623 0.1265 -0.7618 -0.2737 0.5223 -0.2683 -0.613 0.2633 0.7427 0.0579 -0.6627 -0.2134 0.6991 -0.163 -0.9476 -0.0283 -0.3146 0.0478 -0.699 -0.069 0.7072 0.0802 -0.7543 0.2186 0.547 -0.2899 -0.6097 0.0022 -0.7924 0.0175
-0.7485 0.2316 0.5996 0.1631 -0.4009 0.5897 0.6135 0.3392 -0.7491 0.3268 0.5623 0.1265 -0.7618 -0.2737 0.5223 -0.2683 -0.613 0.2633 0.7427 0.0579 -0.6627 -0.2134 0.6991 -0.163 -0.9476 -0.0283 -0.3146 0.0478 -0.699 -0.069 0.7072 0.0802 -0.7543 0.2186 0.547 -0.2899 -0.8717 0.0519 -0.4872 -0.0094
-0.7485 0.2316 0.5996 0.1631 -0.4009 0.5897 0.6135 0.3392 -0.7491 0.3268 0.5623 0.1265 -0.7618 -0.2737 0.5223 -0.2683 -0.613 0.2633 0.7427 0.0579 -0.6627 -0.2134 0.6991 -0.163 -0.9476 -0.0283 -0.3146 0.0478 -0.699 -0.069 0.7072 0.0802 -0.7543 0.2186 0.547 -0.2899 -0.8717 0.0519 -0.4872 -0.0094
-0.7485 0.2316 0.5996 0.1631 -0.4009 0.5897 0.6135 0.3392 -0.7491 0.3268 0.5623 0.1265 -0.6775 -0.1687 0.6333 -0.3339 -0.613 0.2633 0.7427 0.0579 -0.6627 -0.2134 0.6991 -0.163 -0.9476 -0.0283 -0.3146 0.0478 -0.7072 -0.0509 0.6746 0.2054 -0.6632 0.0357 0.7446 -0.0671 -0.8717 0.0519 -0.4872 -0.0094
-0.7466 0.2301 0.6219 0.0536 -0.4009 0.5897 0.6135 0.3392 -0.7491 0.3268 0.5623 0.1265 -0.6775 -0.1687 0.6333 -0.3339 -0.649 0.2077 0.7139 0.1612 -0.6627 -0.2134 0.6991 -0.163 -0.9476 -0.0283 -0.3146 0.0478 -0.7072 -0.0509 0.6746 0.2054 -0.6632 0.0357 0.7446 -0.0671 -0.8717 0.0519 -0.4872 -0.0094
-0.7466 0.2301 0.6219 0.0536 -0.3812 0.6097 0.6589 0.2208 -0.7491 0.3268 0.5623 0.1265 -0.6775 -0.1687 0.6333 -0.3339 -0.649 0.2077 0.7139 0.1612 -0.6627 -0.2134 0.6991 -0.163 -0.9374 -0.0265 -0.3412 0.0641 -0.7072 -0.0509 0.6746 0.2054 -0.6632 0.0357 0.7446 -0.0671 -0.8717 0.0519 -0.4872 -0.0094
-0.7466 0.2301 0.6219 0.0536 -0.3812 0.6097 0.6589 0.2208 -0.7491 0.3268 0.5623 0.1265 -0.6775 -0.1687 0.6333 -0.3339 -0.649 0.2077 0.7139 0.1612 -0.6627 -0.2134 0.6991 -0.163 -0.9374 -0.0265 -0.3412 0.0641 -0.7072 -0.0509 0.6746 0.2054 -0.6632 0.0357 0.7446 -0.0671 -0.8717 0.0519 -0.4872 -0.0094
-0.7466 0.2301 0.6219 0.0536 -0.3812 0.6097 0.6589 0.2208 -0.7262 0.349 0.5916 0.0273 -0.6775 -0.1687 0.6333 -0.3339 -0.649 0.2077 0.7139 0.1612 -0.6763 -0.2601 0.6846 -0.0795 -0.9374 -0.0265 -0.3412 0.0641 -0.7072 -0.0509 0.6746 0.2054 -0.6632 0.0357 0.7446 -0.0671 -0.9822 0.1469 -0.1165 0.0092
-0.7466 0.2301 0.6219 0.0536 -0.3812 0.6097 0.6589 0.2208 -0.7262 0.349 0.5916 0.0273 -0.6775 -0.1687 0.6333 -0.3339 -0.649 0.2077 0.7139 0.1612 -0.6763 -0.2601 0.6846 -0.0795 -0.9374 -0.0265 -0.3412 0.0641 -0.7072 -0.0509 0.6746 0.2054 -0.6632 0.0357 0.7446 -0.0671 -0.9822 0.1469 -0.1165 0.0092
-0.7466 0.2301 0.6219 0.0536 -0.3812 0.6097 0.6589 0.2208 -0.7262 0.349 0.5916 0.0273 -0.6775 -0.1687 0.6333 -0.3339 -0.649 0.2077 0.7139 0.1612 -0.6763 -0.2601 0.6846 -0.0795 -0.9374 -0.0265 -0.3412 0.0641 -0.7072 -0.0509 0.6746 0.2054 -0.6632 0.0357 0.7446 -0.0671 -0.9822 0.1469 -0.1165 0.0092
-0.7466 0.2301 0.6219 0.0536 -0.3812 0.6097 0.6589 0.2208 -0.7262 0.349 0.5916 0.0273 -0.6775 -0.1687 0.6333 -0.3339 -0.649 0.2077 0.7139 0.1612 -0.6763 -0.2601 0.6846 -0.0795 -0.9374 -0.0265 -0.3412 0.0641 -0.7072 -0.0509 0.6746 0.2054 -0.6632 0.0357 0.7446 -0.0671 -0.9822 0.1469 -0.1165 0.0092
-0.7445 0.2623 0.6114 0.056 -0.3812 0.6097 0.6589 0.2208 -0.7262 0.349 0.5916 0.0273 -0.6353 -0.1434 0.6897 -0.3166 -0.6573 0.1901 0.6884 0.2405 -0.6763 -0.2601 0.6846 -0.0795 -0.9374 -0.0265 -0.3412 0.0641 -0.6856 -0.0632 0.6873 0.2315 -0.5605 -0.078 0.8203 0.0822 -0.9822 0.1469 -0.1165 0.0092
-0.7445 0.2623 0.6114 0.056 -0.3812 0.6097 0.6589 0.2208 -0.7262 0.349 0.5916 0.0273 -0.6353 -0.1434 0.6897 -0.3166 -0.6573 0.1901 0.6884 0.2405 -0.6763 -0.2601 0.6846 -0.0795 -0.9374 -0.0265 -0.3412 0.0641 -0.6856 -0.0632 0.6873 0.2315 -0.5605 -0.078 0.8203 0.0822 -0.9822 0.1469 -0.1165 0.0092
-0.7445 0.2623 0.6114 0.056 -0.3763 0.6255 0.6503 0.2103 -0.7221 0.3297 0.608 0.0167 -0.6353 -0.1434 0.6897 -0.3166 -0.6573 0.1901 0.6884 0.2405 -0.6763 -0.2601 0.6846 -0.0795 -0.8619 -0.0261 -0.5059 0.0223 -0.6856 -0.0632 0.6873 0.2315 -0.5605 -0.078 0.8203 0.0822 -0.9822 0.1469 -0.1165 0.0092
-0.7445 0.2623 0.6114 0.056 -0.3763 0.6255 0.6503 0.2103 -0.7221 0.3297 0.608 0.0167 -0.6353 -0.1434 0.6897 -0.3166 -0.6573 0.1901 0.6884 0.2405 -0.691 -0.3651 0.6188 0.0786 -0.8619 -0.0261 -0.5059 0.0223 -0.6856 -0.0632 0.6873 0.2315 -0.5605 -0.078 0.8203 0.0822 -0.9822 0.1469 -0.1165 0.0092
-0.7445 0.2623 0.6114 0.056 -0.3763 0.6255 0.6503 0.2103 -0.7221 0.3297 0.608 0.0167 -0.6353 -0.1434 0.6897 -0.3166 -0.6573 0.1901 0.6884 0.2405 -0.691 -0.3651 0.6188 0.0786 -0.8619 -0.0261 -0.5059 0.0223 -0.6856 -0.0632 0.6873 0.2315 -0.5605 -0.078 0.8203 0.0822 -0.9459 0.118 -0.2969 0.0553
-0.7445 0.2623 0.6114 0.056 -0.3763 0.6255 0.6503 0.2103 -0.7221 0.3297 0.608 0.0167 -0.6353 -0.1434 0.6897 -0.3166 -0.6573 0.1901 0.6884 0.2405 -0.691 -0.3651 0.6188 0.0786 -0.8619 -0.0261 -0.5059 0.0223 -0.6856 -0.0632 0.6873 0.2315 -0.621 0.0526 0.782 0.0054 -0.9459 0.118 -0.2969 0.0553
-0.7445 0.2623 0.6114 0.056 -0.3763 0.6255 0.6503 0.2103 -0.7221 0.3297 0.608 0.0167 -0.6353 -0.1434 0.6897 -0.3166 -0.6573 0.1901 0.6884 0.2405 -0.691 -0.3651 0.6188 0.0786 -0.8619 -0.0261 -0.5059 0.0223 -0.6856 -0.0632 0.6873 0.2315 -0.621 0.0526 0.782 0.0054 -0.9459 0.118 -0.2969 0.0553
-0.7485 0.2705 0.5914 0.1297 -0.3763 0.6255 0.6503 0.2103 -0.7221 0.3297 0.608 0.0167 -0.6691 -0.1812 0.6558 -0.2991 -0.6591 0.2663 0.6845 0.1615 -0.691 -0.3651 0.6188 0.0786 -0.8619 -0.0261 -0.5059 0.0223 -0.6741 -0.0063 0.71 0.2037 -0.621 0.0526 0.782 0.0054 -0.9459 0.118 -0.2969 0.0553
-0.7485 0.2705 0.5914 0.1297 -0.3763 0.6255 0.6503 0.2103 -0.7221 0.3297 0.608 0.0167 -0.6691 -0.1812 0.6558 -0.2991 -0.6591 0.2663 0.6845 0.1615 -0.691 -0.3651 0.6188 0.0786 -0.8619 -0.0261 -0.5059 0.0223 -0.6741 -0.0063 0.71 0.2037 -0.621 0.0526 0.782 0.0054 -0.9459 0.118 -0.2969 0.0553
-0.7485 0.2705 0.5914 0.1297 -0.4197 0.5733 0.6242 0.3249 -0.7221 0.3297 0.608 0.0167 -0.6691 -0.1812 0.6558 -0.2991 -0.6591 0.2663 0.6845 0.1615 -0.691 -0.3651 0.6188 0.0786 -0.6096 -0.0078 -0.7921 0.0304 -0.6741 -0.0063 0.71 0.2037 -0.621 0.0526 0.782 0.0054 -0.9459 0.118 -0.2969 0.0553
-0.7485 0.2705 0.5914 0.1297 -0.4197 0.5733 0.6242 0.3249 -0.7174 0.3387 0.585 0.1686 -0.6691 -0.1812 0.6558 -0.2991 -0.6591 0.2663 0.6845 0.1615 -0.6868 -0.4196 0.5771 0.1388 -0.6096 -0.0078 -0.7921 0.0304 -0.6741 -0.0063 0.71 0.2037 -0.621 0.0526 0.782 0.0054 -0.9459 0.118 -0.2969 0.0553
-0.7485 0.2705 0.5914 0.1297 -0.4197 0.5733 0.6242 0.3249 -0.7174 0.3387 0.585 0.1686 -0.6691 -0.1812 0.6558 -0.2991 -0.6591 0.2663 0.6845 0.1615 -0.6868 -0.4196 0.5771 0.1388 -0.6096 -0.0078 -0.7921 0.0304 -0.6741 -0.0063 0.71 0.2037 -0.621 0.0526 0.782 0.0054 -0.935 0.1085 -0.3329 0.0558
-0.7485 0.2705 0.5914 0.1297 -0.4197 0.5733 0.6242 0.3249 -0.7174 0.3387 0.585 0.1686 -0.6691 -0.1812 0.6558 -0.2991 -0.6591 0.2663 0.6845 0.1615 -0.6868 -0.4196 0.5771 0.1388 -0.6096 -0.0078 -0.7921 0.0304 -0.6741 -0.0063 0.71 0.2037 -0.621 0.0526 0.782 0.0054 -0.935 0.1085 -0.3329 0.0558
-0.7485 0.2705 0.5914 0.1297 -0.4197 0.5733 0.6242 0.3249 -0.7174 0.3387 0.585 0.1686 -0.6691 -0.1812 0.6558 -0.2991 -0.6591 0.2663 0.6845 0.1615 -0.6868 -0.4196 0.5771 0.1388 -0.6096 -0.0078 -0.7921 0.0304 -0.6741 -0.0063 0.71 0.2037 -0.621 0.0526 0.782 0.0054 -0.935 0.1085 -0.3329 0.0558
-0.7607 0.2457 0.5737 0.1784 -0.4197 0.5733 0.6242 0.3249 -0.7174 0.3387 0.585 0.1686 -0.7619 -0.2736 0.5435 -0.2219 -0.5723 0.4271 0.695 0.0846 -0.6868 -0.4196 0.5771 0.1388 -0.6096 -0.0078 -0.7921 0.0304 -0.6538 0.0518 0.7494 0.0909 -0.6321 0.0394 0.7708 -0.0681 -0.935 0.1085 -0.3329 0.0558
-0.7607 0.2457 0.5737 0.1784 -0.4197 0.5733 0.6242 0.3249 -0.7174 0.3387 0.585 0.1686 -0.7619 -0.2736 0.5435 -0.2219 -0.5723 0.4271 0.695 0.0846 -0.6868 -0.4196 0.5771 0.1388 -0.7855 0.0187 -0.6169 0.045 -0.6538 0.0518 0.7494 0.0909 -0.6321 0.0394 0.7708 -0.0681 -0.935 0.1085 -0.3329 0.0558
-0.7607 0.2457 0.5737 0.1784 -0.4197 0.5733 0.6242 0.3249 -0.7556 0.29 0.5162 0.2803 -0.7619 -0.2736 0.5435 -0.2219 -0.5723 0.4271 0.695 0.0846 -0.6868 -0.4196 0.5771 0.1388 -0.7855 0.0187 -0.6169 0.045 -0.6538 0.0518 0.7494 0.0909 -0.6321 0.0394 0.7708 -0.0681 -0.935 0.1085 -0.3329 0.0558
-0.7607 0.2457 0.5737 0.1784 -0.4197 0.5733 0.6242 0.3249 -0.7556 0.29 0.5162 0.2803 -0.7619 -0.2736 0.5435 -0.2219 -0.5723 0.4271 0.695 0.0846 -0.6968 -0.2844 0.6561 -0.056 -0.7855 0.0187 -0.6169 0.045 -0.6538 0.0518 0.7494 0.0909 -0.6321 0.0394 0.7708 -0.0681 -0.9294 0.1048 -0.3513 0.0429
-0.7607 0.2457 0.5737 0.1784 -0.4197 0.5733 0.6242 0.3249 -0.7556 0.29 0.5162 0.2803 -0.7619 -0.2736 0.5435 -0.2219 -0.5723 0.4271 0.695 0.0846 -0.6968 -0.2844 0.6561 -0.056 -0.7855 0.0187 -0.6169 0.045 -0.6538 0.0518 0.7494 0.0909 -0.6321 0.0394 0.7708 -0.0681 -0.9294 0.1048 -0.3513 0.0429
-0.7607 0.2457 0.5737 0.1784 -0.4197 0.5733 0.6242 0.3249 -0.7556 0.29 0.5162 0.2803 -0.7619 -0.2736 0.5435 -0.2219 -0.5723 0.4271 0.695 0.0846 -0.6968 -0.2844 0.6561 -0.056 -0.7855 0.0187 -0.6169 0.045 -0.6538 0.0518 0.7494 0.0909 -0.6321 0.0394 0.7708 -0.0681 -0.9294 0.1048 -0.3513 0.0429
-0.7607 0.2457 0.5737 0.1784 -0.4197 0.5733 0.6242 0.3249 -0.7556 0.29 0.5162 0.2803 -0.7619 -0.2736 0.5435 -0.2219 -0.5723 0.4271 0.695 0.0846 -0.6968 -0.2844 0.6561 -0.056 -0.7855 0.0187 -0.6169 0.045 -0.6538 0.0518 0.7494 0.0909 -0.6321 0.0394 0.7708 -0.0681 -0.9294 0.1048 -0.3513 0.0429
-0.7706 0.2346 0.5345 0.2557 -0.4197 0.5733 0.6242 0.3249 -0.7556 0.29 0.5162 0.2803 -0.8282 -0.3909 0.3912 -0.091 -0.5538 0.3668 0.7415 -0.0947 -0.6968 -0.2844 0.6561 -0.056 -0.7855 0.0187 -0.6169 0.045 -0.6464 0.0803 0.7586 -0.0164 -0.6563 0.0725 0.7409 -0.1229 -0.9294 0.1048 -0.3513 0.0429
-0.7706 0.2346 0.5345 0.2557 -0.4197 0.5733 0.6242 0.3249 -0.7556 0.29 0.5162 0.2803 -0.8282 -0.3909 0.3912 -0.091 -0.5538 0.3668 0.7415 -0.0947 -0.6968 -0.2844 0.6561 -0.056 -0.7855 0.0187 -0.6169 0.045 -0.6464 0.0803 0.7586 -0.0164 -0.6563 0.0725 0.7409 -0.1229 -0.9294 0.1048 -0.3513 0.0429
-0.7706 0.2346 0.5345 0.2557 -0.5002 0.4641 0.5558 0.4749 -0.7974 0.2054 0.4639 0.3265 -0.8282 -0.3909 0.3912 -0.091 -0.5538 0.3668 0.7415 -0.0947 -0.6968 -0.2844 0.6561 -0.056 -0.9602 -0.0082 -0.2425 0.1384 -0.6464 0.0803 0.7586 -0.0164 -0.6563 0.0725 0.7409 -0.1229 -0.9294 0.1048 -0.3513 0.0429
-0.7706 0.2346 0.5345 0.2557 -0.5002 0.4641 0.5558 0.4749 -0.7974 0.2054 0.4639 0.3265 -0.8282 -0.3909 0.3912 -0.091 -0.5538 0.3668 0.7415 -0.0947 -0.618 0.0295 0.7349 -0.2776 -0.9602 -0.0082 -0.2425 0.1384 -0.6464 0.0803 0.7586 -0.0164 -0.6563 0.0725 0.7409 -0.1229 -0.9113 0.0986 -0.3997 0.0153
-0.7706 0.2346 0.5345 0.2557 -0.5002 0.4641 0.5558 0.4749 -0.7974 0.2054 0.4639 0.3265 -0.8282 -0.3909 0.3912 -0.091 -0.5538 0.3668 0.7415 -0.0947 -0.618 0.0295 0.7349 -0.2776 -0.9602 -0.0082 -0.2425 0.1384 -0.6464 0.0803 0.7586 -0.0164 -0.6563 0.0725 0.7409 -0.1229 -0.9113 0.0986 -0.3997 0.0153
-0.7706 0.2346 0.5345 0.2557 -0.5002 0.4641 0.5558 0.4749 -0.7974 0.2054 0.4639 0.3265 -0.8282 -0.3909 0.3912 -0.091 -0.5538 0.3668 0.7415 -0.0947 -0.618 0.0295 0.7349 -0.2776 -0.9602 -0.0082 -0.2425 0.1384 -0.6464 0.0803 0.7586 -0.0164 -0.6563 0.0725 0.7409 -0.1229 -0.9113 0.0986 -0.3997 0.0153
-0.7706 0.2346 0.5345 0.2557 -0.5002 0.4641 0.5558 0.4749 -0.7974 0.2054 0.4639 0.3265 -0.8555 -0.4336 0.2819 -0.0248 -0.5538 0.3668 0.7415 -0.0947 -0.618 0.0295 0.7349 -0.2776 -0.9602 -0.0082 -0.2425 0.1384 -0.6376 0.1191 0.7559 -0.0891 -0.6931 0.1287 0.6776 -0.2095 -0.9113 0.0986 -0.3997 0.0153
-0.7609 0.2422 0.5326 0.2807 -0.5002 0.4641 0.5558 0.4749 -0.7974 0.2054 0.4639 0.3265 -0.8555 -0.4336 0.2819 -0.0248 -0.562 0.3735 0.7366 -0.0461 -0.618 0.0295 0.7349 -0.2776 -0.9602 -0.0082 -0.2425 0.1384 -0.6376 0.1191 0.7559 -0.0891 -0.6931 0.1287 0.6776 -0.2095 -0.9113 0.0986 -0.3997 0.0153
-0.7609 0.2422 0.5326 0.2807 -0.4999 0.4515 0.5396 0.505 -0.8185 0.2051 0.4512 0.2906 -0.8555 -0.4336 0.2819 -0.0248 -0.562 0.3735 0.7366 -0.0461 -0.618 0.0295 0.7349 -0.2776 -0.9819 0.0155 -0.1663 0.0898 -0.6376 0.1191 0.7559 -0.0891 -0.6931 0.1287 0.6776 -0.2095 -0.9113 0.0986 -0.3997 0.0153
-0.7609 0.2422 0.5326 0.2807 -0.4999 0.4515 0.5396 0.505 -0.8185 0.2051 0.4512 0.2906 -0.8555 -0.4336 0.2819 -0.0248 -0.562 0.3735 0.7366 -0.0461 -0.618 0.0295 0.7349 -0.2776 -0.9819 0.0155 -0.1663 0.0898 -0.6376 0.1191 0.7559 -0.0891 -0.6931 0.1287 0.6776 -0.2095 -0.9113 0.0986 -0.3997 0.0153
-0.7609 0.2422 0.5326 0.2807 -0.4999 0.4515 0.5396 0.505 -0.8185 0.2051 0.4512 0.2906 -0.8555 -0.4336 0.2819 -0.0248 -0.562 0.3735 0.7366 -0.0461 -0.6342 -0.0551 0.717 -0.2841 -0.9819 0.0155 -0.1663 0.0898 -0.6376 0.1191 0.7559 -0.0891 -0.6931 0.1287 0.6776 -0.2095 -0.7365 0.0759 -0.6721 0.0078
-0.7609 0.2422 0.5326 0.2807 -0.4999 0.4515 0.5396 0.505 -0.8185 0.2051 0.4512 0.2906 -0.8555 -0.4336 0.2819 -0.0248 -0.562 0.3735 0.7366 -0.0461 -0.6342 -0.0551 0.717 -0.2841 -0.9819 0.0155 -0.1663 0.0898 -0.6376 0.1191 0.7559 -0.0891 -0.6931 0.1287 0.6776 -0.2095 -0.7365 0.0759 -0.6721 0.0078
-0.7609 0.2422 0.5326 0.2807 -0.4999 0.4515 0.5396 0.505 -0.8185 0.2051 0.4512 0.2906 -0.8555 -0.4336 0.2819 -0.0248 -0.562 0.3735 0.7366 -0.0461 -0.6342 -0.0551 0.717 -0.2841 -0.9819 0.0155 -0.1663 0.0898 -0.6376 0.1191 0.7559 -0.0891 -0.6931 0.1287 0.6776 -0.2095 -0.7365 0.0759 -0.6721 0.0078
-0.7609 0.2422 0.5326 0.2807 -0.4999 0.4515 0.5396 0.505 -0.8185 0.2051 0.4512 0.2906 -0.8555 -0.4336 0.2819 -0.0248 -0.5605 0.3573 0.7461 -0.0399 -0.6342 -0.0551 0.717 -0.2841 -0.9819 0.0155 -0.1663 0.0898 -0.6537 0.1002 0.7479 -0.0571 -0.7262 0.2427 0.5504 -0.3329 -0.7365 0.0759 -0.6721 0.0078
-0.7443 0.2571 0.5699 0.2346 -0.4999 0.4515 0.5396 0.505 -0.8185 0.2051 0.4512 0.2906 -0.8555 -0.4336 0.2819 -0.0248 -0.5605 0.3573 0.7461 -0.0399 -0.6342 -0.0551 0.717 -0.2841 -0.9819 0.0155 -0.1663 0.0898 -0.6537 0.1002 0.7479 -0.0571 -0.7262 0.2427 0.5504 -0.3329 -0.7365 0.0759 -0.6721 0.0078
-0.7443 0.2571 0.5699 0.2346 -0.4999 0.4515 0.5396 0.505 -0.8185 0.2051 0.4512 0.2906 -0.8555 -0.4336 0.2819 -0.0248 -0.5605 0.3573 0.7461 -0.0399 -0.6342 -0.0551 0.717 -0.2841 -0.9528 -0.0292 -0.293 0.0743 -0.6537 0.1002 0.7479 -0.0571 -0.7262 0.2427 0.5504 -0.3329 -0.7365 0.0759 -0.6721 0.0078
-0.7443 0.2571 0.5699 0.2346 -0.4999 0.4515 0.5396 0.505 -0.7958 0.2408 0.5023 0.2375 -0.8555 -0.4336 0.2819 -0.0248 -0.5605 0.3573 0.7461 -0.0399 -0.6342 -0.0551 0.717 -0.2841 -0.9528 -0.0292 -0.293 0.0743 -0.6537 0.1002 0.7479 -0.0571 -0.7262 0.2427 0.5504 -0.3329 -0.7365 0.0759 -0.6721 0.0078
-0.7443 0.2571 0.5699 0.2346 -0.4999 0.4515 0.5396 0.505 -0.7958 0.2408 0.5023 0.2375 -0.8555 -0.4336 0.2819 -0.0248 -0.5605 0.3573 0.7461 -0.0399 -0.6342 -0.0551 0.717 -0.2841 -0.9528 -0.0292 -0.293 0.0743 -0.6537 0.1002 0.7479 -0.0571 -0.7262 0.2427 0.5504 -0.3329 -0.7365 0.0759 -0.6721 0.0078
-0.7443 0.2571 0.5699 0.2346 -0.4999 0.4515 0.5396 0.505 -0.7958 0.2408 0.5023 0.2375 -0.8555 -0.4336 0.2819 -0.0248 -0.5605 0.3573 0.7461 -0.0399 -0.641 -0.168 0.7109 -0.2355 -0.9528 -0.0292 -0.293 0.0743 -0.6537 0.1002 0.7479 -0.0571 -0.7262 0.2427 0.5504 -0.3329 -0.5731 0.0068 -0.8195 -0.0013
