rt-uaw rt-uax rt-uay rt-uaz rt-faw rt-fax rt-fay rt-faz rt-thw rt-thx rt-thy rt-thz rt-llw rt-llx rt-lly rt-llz rt-ftw rt-ftx rt-fty rt-ftz lt-uaw lt-uax lt-uay lt-uaz lt-faw lt-fax lt-fay lt-faz lt-thw lt-thx lt-thy lt-thz lt-llw lt-llx lt-lly lt-llz lt-ftw lt-ftx lt-fty lt-ftz 
-0.7488 0.0956 0.6556 -0.0165 -0.6765 0.3364 0.6517 0.0666 -0.7535 0.1841 0.5754 0.2593 -0.7393 -0.1353 0.6566 0.0642 -0.6689 0.112 0.7238 0.1271 -0.7091 -0.0962 0.6973 -0.0405 -0.9313 -0.1204 -0.3411 0.0442 -0.6685 0.1628 0.7215 0.0782 -0.6816 0.1406 0.718 0.012 -0.9257 0.1744 -0.3354 -0.0125
-0.7491 0.0982 0.6549 -0.0153 -0.6765 0.3364 0.6517 0.0666 -0.7535 0.1841 0.5754 0.2593 -0.7382 -0.1555 0.6501 0.0914 -0.6689 0.112 0.7238 0.1271 -0.7091 -0.0962 0.6973 -0.0405 -0.9313 -0.1204 -0.3411 0.0442 -0.6685 0.1628 0.7215 0.0782 -0.6816 0.1406 0.718 0.012 -0.9257 0.1744 -0.3354 -0.0125
-0.7491 0.0982 0.6549 -0.0153 -0.6765 0.3364 0.6517 0.0666 -0.7535 0.1841 0.5754 0.2593 -0.7382 -0.1555 0.6501 0.0914 -0.6689 0.112 0.7238 0.1271 -0.7091 -0.0962 0.6973 -0.0405 -0.9313 -0.1204 -0.3411 0.0442 -0.6685 0.1628 0.7215 0.0782 -0.6812 0.1405 0.7184 0.0103 -0.9257 0.1744 -0.3354 -0.0125
-0.7491 0.0982 0.6549 -0.0153 -0.6765 0.3364 0.6517 0.0666 -0.7535 0.1841 0.5754 0.2593 -0.7382 -0.1555 0.6501 0.0914 -0.6689 0.112 0.7238 0.1271 -0.7091 -0.0962 0.6973 -0.0405 -0.9313 -0.1204 -0.3411 0.0442 -0.668 0.1653 0.7222 0.0695 -0.6812 0.1405 0.7184 0.0103 -0.9257 0.1744 -0.3354 -0.0125
-0.7491 0.0982 0.6549 -0.0153 -0.6765 0.3364 0.6517 0.0666 -0.7535 0.1841 0.5754 0.2593 -0.7382 -0.1555 0.6501 0.0914 -0.6689 0.112 0.7238 0.1271 -0.7091 -0.0962 0.6973 -0.0405 -0.9313 -0.1204 -0.3411 0.0442 -0.668 0.1653 0.7222 0.0695 -0.6812 0.1405 0.7184 0.0103 -0.9257 0.1744 -0.3354 -0.0125
-0.7491 0.0982 0.6549 -0.0153 -0.6765 0.3364 0.6517 0.0666 -0.7535 0.1841 0.5754 0.2593 -0.7382 -0.1555 0.6501 0.0914 -0.6689 0.112 0.7238 0.1271 -0.7091 -0.0962 0.6973 -0.0405 -0.9313 -0.1204 -0.3411 0.0442 -0.668 0.1653 0.7222 0.0695 -0.6812 0.1405 0.7184 0.0103 -0.9257 0.1744 -0.3354 -0.0125
-0.7491 0.0982 0.6549 -0.0153 -0.6765 0.3364 0.6517 0.0666 -0.7535 0.1841 0.5754 0.2593 -0.7382 -0.1555 0.6501 0.0914 -0.6689 0.112 0.7238 0.1271 -0.7091 -0.0962 0.6973 -0.0405 -0.9313 -0.1204 -0.3411 0.0442 -0.668 0.1653 0.7222 0.0695 -0.6812 0.1405 0.7184 0.0103 -0.9257 0.1744 -0.3354 -0.0125
-0.7491 0.0982 0.6549 -0.0153 -0.6765 0.3364 0.6517 0.0666 -0.7545 0.1776 0.5756 0.2606 -0.7382 -0.1555 0.6501 0.0914 -0.6701 0.1057 0.7236 0.127 -0.7091 -0.0962 0.6973 -0.0405 -0.9313 -0.1204 -0.3411 0.0442 -0.668 0.1653 0.7222 0.0695 -0.6812 0.1405 0.7184 0.0103 -0.9257 0.1747 -0.3351 -0.0115
-0.7483 0.0963 0.6563 -0.0086 -0.6765 0.3364 0.6517 0.0666 -0.7545 0.1776 0.5756 0.2606 -0.7386 -0.1482 0.652 0.0855 -0.6701 0.1057 0.7236 0.127 -0.7091 -0.0962 0.6973 -0.0405 -0.9313 -0.1204 -0.3411 0.0442 -0.668 0.1653 0.7222 0.0695 -0.6812 0.1405 0.7184 0.0103 -0.9257 0.1747 -0.3351 -0.0115
-0.7483 0.0963 0.6563 -0.0086 -0.6765 0.3364 0.6517 0.0666 -0.7545 0.1776 0.5756 0.2606 -0.7386 -0.1482 0.652 0.0855 -0.6701 0.1057 0.7236 0.127 -0.7091 -0.0962 0.6973 -0.0405 -0.9313 -0.1204 -0.3411 0.0442 -0.668 0.1653 0.7222 0.0695 -0.6816 0.1398 0.7182 0.0078 -0.9257 0.1747 -0.3351 -0.0115
-0.7483 0.0963 0.6563 -0.0086 -0.6765 0.3364 0.6517 0.0666 -0.7545 0.1776 0.5756 0.2606 -0.7386 -0.1482 0.652 0.0855 -0.6701 0.1057 0.7236 0.127 -0.7091 -0.0962 0.6973 -0.0405 -0.9313 -0.1204 -0.3411 0.0442 -0.6678 0.1645 0.7229 0.0665 -0.6816 0.1398 0.7182 0.0078 -0.9257 0.1747 -0.3351 -0.0115
-0.7483 0.0963 0.6563 -0.0086 -0.6765 0.3364 0.6517 0.0666 -0.7545 0.1776 0.5756 0.2606 -0.7386 -0.1482 0.652 0.0855 -0.6701 0.1057 0.7236 0.127 -0.7091 -0.0962 0.6973 -0.0405 -0.9313 -0.1204 -0.3411 0.0442 -0.6678 0.1645 0.7229 0.0665 -0.6816 0.1398 0.7182 0.0078 -0.9257 0.1747 -0.3351 -0.0115
-0.7483 0.0963 0.6563 -0.0086 -0.6765 0.3364 0.6517 0.0666 -0.7545 0.1776 0.5756 0.2606 -0.7386 -0.1482 0.652 0.0855 -0.6701 0.1057 0.7236 0.127 -0.7091 -0.0962 0.6973 -0.0405 -0.9313 -0.1204 -0.3411 0.0442 -0.6678 0.1645 0.7229 0.0665 -0.6816 0.1398 0.7182 0.0078 -0.9257 0.1747 -0.3351 -0.0115
-0.7483 0.0963 0.6563 -0.0086 -0.6765 0.3364 0.6517 0.0666 -0.7545 0.1776 0.5756 0.2606 -0.7386 -0.1482 0.652 0.0855 -0.6701 0.1057 0.7236 0.127 -0.7091 -0.0962 0.6973 -0.0405 -0.9313 -0.1204 -0.3411 0.0442 -0.6678 0.1645 0.7229 0.0665 -0.6816 0.1398 0.7182 0.0078 -0.9257 0.1747 -0.3351 -0.0115
-0.7483 0.0963 0.6563 -0.0086 -0.6765 0.3364 0.6517 0.0666 -0.7528 0.1813 0.5807 0.2514 -0.7386 -0.1482 0.652 0.0855 -0.6701 0.1035 0.7234 0.1299 -0.7091 -0.0962 0.6973 -0.0405 -0.9313 -0.1204 -0.3411 0.0442 -0.6678 0.1645 0.7229 0.0665 -0.6816 0.1398 0.7182 0.0078 -0.9254 0.1746 -0.3361 -0.0119
-0.7476 0.0909 0.658 -0.0031 -0.6765 0.3364 0.6517 0.0666 -0.7528 0.1813 0.5807 0.2514 -0.7419 -0.1375 0.6523 0.0717 -0.6701 0.1035 0.7234 0.1299 -0.7091 -0.0962 0.6973 -0.0405 -0.9313 -0.1204 -0.3411 0.0442 -0.6678 0.1645 0.7229 0.0665 -0.6816 0.1398 0.7182 0.0078 -0.9254 0.1746 -0.3361 -0.0119
-0.7476 0.0909 0.658 -0.0031 -0.6765 0.3364 0.6517 0.0666 -0.7528 0.1813 0.5807 0.2514 -0.7419 -0.1375 0.6523 0.0717 -0.6701 0.1035 0.7234 0.1299 -0.7091 -0.0962 0.6973 -0.0405 -0.9313 -0.1204 -0.3411 0.0442 -0.6678 0.1645 0.7229 0.0665 -0.6829 0.1412 0.7167 0.0042 -0.9254 0.1746 -0.3361 -0.0119
-0.7476 0.0909 0.658 -0.0031 -0.6765 0.3364 0.6517 0.0666 -0.7528 0.1813 0.5807 0.2514 -0.7419 -0.1375 0.6523 0.0717 -0.6701 0.1035 0.7234 0.1299 -0.7091 -0.0962 0.6973 -0.0405 -0.9313 -0.1204 -0.3411 0.0442 -0.6681 0.1667 0.7224 0.0634 -0.6829 0.1412 0.7167 0.0042 -0.9254 0.1746 -0.3361 -0.0119
-0.7476 0.0909 0.658 -0.0031 -0.6765 0.3364 0.6517 0.0666 -0.7528 0.1813 0.5807 0.2514 -0.7419 -0.1375 0.6523 0.0717 -0.6701 0.1035 0.7234 0.1299 -0.7091 -0.0962 0.6973 -0.0405 -0.9313 -0.1204 -0.3411 0.0442 -0.6681 0.1667 0.7224 0.0634 -0.6829 0.1412 0.7167 0.0042 -0.9254 0.1746 -0.3361 -0.0119
-0.7476 0.0909 0.658 -0.0031 -0.6765 0.3364 0.6517 0.0666 -0.7528 0.1813 0.5807 0.2514 -0.7419 -0.1375 0.6523 0.0717 -0.6701 0.1035 0.7234 0.1299 -0.7091 -0.0962 0.6973 -0.0405 -0.9313 -0.1204 -0.3411 0.0442 -0.6681 0.1667 0.7224 0.0634 -0.6829 0.1412 0.7167 0.0042 -0.9254 0.1746 -0.3361 -0.0119
-0.7476 0.0909 0.658 -0.0031 -0.6765 0.3364 0.6517 0.0666 -0.7528 0.1813 0.5807 0.2514 -0.7419 -0.1375 0.6523 0.0717 -0.6701 0.1035 0.7234 0.1299 -0.7091 -0.0962 0.6973 -0.0405 -0.9313 -0.1204 -0.3411 0.0442 -0.6681 0.1667 0.7224 0.0634 -0.6829 0.1412 0.7167 0.0042 -0.9254 0.1746 -0.3361 -0.0119
-0.7476 0.0909 0.658 -0.0031 -0.6765 0.3364 0.6517 0.0666 -0.7512 0.1854 0.5859 0.2408 -0.7419 -0.1375 0.6523 0.0717 -0.6656 0.1083 0.7264 0.1329 -0.7091 -0.0962 0.6973 -0.0405 -0.9313 -0.1204 -0.3411 0.0442 -0.6681 0.1667 0.7224 0.0634 -0.6829 0.1412 0.7167 0.0042 -0.9254 0.1746 -0.3361 -0.0119
-0.7471 0.0898 0.6586 0.0021 -0.6765 0.3364 0.6517 0.0666 -0.7512 0.1854 0.5859 0.2408 -0.7449 -0.1279 0.652 0.0596 -0.6656 0.1083 0.7264 0.1329 -0.7091 -0.0962 0.6973 -0.0405 -0.9313 -0.1204 -0.3411 0.0442 -0.6681 0.1667 0.7224 0.0634 -0.6829 0.1412 0.7167 0.0042 -0.9254 0.1746 -0.3361 -0.0119
-0.7471 0.0898 0.6586 0.0021 -0.6796 0.3309 0.6486 0.0892 -0.7512 0.1854 0.5859 0.2408 -0.7449 -0.1279 0.652 0.0596 -0.6656 0.1083 0.7264 0.1329 -0.7091 -0.0962 0.6973 -0.0405 -0.9313 -0.1204 -0.3411 0.0442 -0.6681 0.1667 0.7224 0.0634 -0.6862 0.1409 0.7137 -0.0037 -0.9254 0.1746 -0.3361 -0.0119
-0.7471 0.0898 0.6586 0.0021 -0.6796 0.3309 0.6486 0.0892 -0.7512 0.1854 0.5859 0.2408 -0.7449 -0.1279 0.652 0.0596 -0.6656 0.1083 0.7264 0.1329 -0.7091 -0.0962 0.6973 -0.0405 -0.9313 -0.1204 -0.3411 0.0442 -0.67 0.1693 0.7204 0.0583 -0.6862 0.1409 0.7137 -0.0037 -0.9254 0.1746 -0.3361 -0.0119
-0.7471 0.0898 0.6586 0.0021 -0.6796 0.3309 0.6486 0.0892 -0.7512 0.1854 0.5859 0.2408 -0.7449 -0.1279 0.652 0.0596 -0.6656 0.1083 0.7264 0.1329 -0.7091 -0.0962 0.6973 -0.0405 -0.9313 -0.1204 -0.3411 0.0442 -0.67 0.1693 0.7204 0.0583 -0.6862 0.1409 0.7137 -0.0037 -0.9254 0.1746 -0.3361 -0.0119
-0.7471 0.0898 0.6586 0.0021 -0.6796 0.3309 0.6486 0.0892 -0.7512 0.1854 0.5859 0.2408 -0.7449 -0.1279 0.652 0.0596 -0.6656 0.1083 0.7264 0.1329 -0.7091 -0.0962 0.6973 -0.0405 -0.9313 -0.1204 -0.3411 0.0442 -0.67 0.1693 0.7204 0.0583 -0.6862 0.1409 0.7137 -0.0037 -0.9254 0.1746 -0.3361 -0.0119
-0.7471 0.0898 0.6586 0.0021 -0.6796 0.3309 0.6486 0.0892 -0.7492 0.1915 0.5894 0.2337 -0.7449 -0.1279 0.652 0.0596 -0.6656 0.1083 0.7264 0.1329 -0.7091 -0.0962 0.6973 -0.0405 -0.9313 -0.1204 -0.3411 0.0442 -0.67 0.1693 0.7204 0.0583 -0.6862 0.1409 0.7137 -0.0037 -0.9254 0.1746 -0.3361 -0.0119
-0.7471 0.0898 0.6586 0.0021 -0.6796 0.3309 0.6486 0.0892 -0.7492 0.1915 0.5894 0.2337 -0.7449 -0.1279 0.652 0.0596 -0.6656 0.1083 0.7264 0.1329 -0.7091 -0.0962 0.6973 -0.0405 -0.9313 -0.1204 -0.3411 0.0442 -0.67 0.1693 0.7204 0.0583 -0.6862 0.1409 0.7137 -0.0037 -0.9254 0.1746 -0.3361 -0.0119
-0.7462 0.091 0.6594 0.0089 -0.6796 0.3309 0.6486 0.0892 -0.7492 0.1915 0.5894 0.2337 -0.7449 -0.1279 0.652 0.0596 -0.6656 0.1083 0.7264 0.1329 -0.7091 -0.0962 0.6973 -0.0405 -0.9313 -0.1204 -0.3411 0.0442 -0.67 0.1693 0.7204 0.0583 -0.6862 0.1409 0.7137 -0.0037 -0.9254 0.1746 -0.3361 -0.0119
-0.7462 0.091 0.6594 0.0089 -0.6796 0.3309 0.6486 0.0892 -0.7492 0.1915 0.5894 0.2337 -0.7449 -0.1279 0.652 0.0596 -0.6656 0.1083 0.7264 0.1329 -0.7091 -0.0962 0.6973 -0.0405 -0.9313 -0.1204 -0.3411 0.0442 -0.67 0.1693 0.7204 0.0583 -0.6862 0.1409 0.7137 -0.0037 -0.9254 0.1746 -0.3361 -0.0119
-0.7462 0.091 0.6594 0.0089 -0.6767 0.3342 0.6492 0.094 -0.7492 0.1915 0.5894 0.2337 -0.7449 -0.1279 0.652 0.0596 -0.6656 0.1083 0.7264 0.1329 -0.7091 -0.0962 0.6973 -0.0405 -0.9313 -0.1204 -0.3411 0.0442 -0.6713 0.1757 0.7173 0.0618 -0.6931 0.1484 0.7054 -0.0095 -0.9254 0.1746 -0.3361 -0.0119
-0.7462 0.091 0.6594 0.0089 -0.6767 0.3342 0.6492 0.094 -0.7492 0.1915 0.5894 0.2337 -0.7449 -0.1279 0.652 0.0596 -0.6656 0.1083 0.7264 0.1329 -0.7091 -0.0962 0.6973 -0.0405 -0.9313 -0.1204 -0.3411 0.0442 -0.6713 0.1757 0.7173 0.0618 -0.6931 0.1484 0.7054 -0.0095 -0.9254 0.1746 -0.3361 -0.0119
-0.7462 0.091 0.6594 0.0089 -0.6767 0.3342 0.6492 0.094 -0.7515 0.1923 0.5902 0.2236 -0.7449 -0.1279 0.652 0.0596 -0.6656 0.1083 0.7264 0.1329 -0.7091 -0.0962 0.6973 -0.0405 -0.9313 -0.1204 -0.3411 0.0442 -0.6713 0.1757 0.7173 0.0618 -0.6931 0.1484 0.7054 -0.0095 -0.9254 0.1746 -0.3361 -0.0119
-0.7462 0.091 0.6594 0.0089 -0.6767 0.3342 0.6492 0.094 -0.7515 0.1923 0.5902 0.2236 -0.7449 -0.1279 0.652 0.0596 -0.6656 0.1083 0.7264 0.1329 -0.7091 -0.0962 0.6973 -0.0405 -0.9313 -0.1204 -0.3411 0.0442 -0.6713 0.1757 0.7173 0.0618 -0.6931 0.1484 0.7054 -0.0095 -0.925 0.1727 -0.3381 -0.0125
-0.7462 0.091 0.6594 0.0089 -0.6767 0.3342 0.6492 0.094 -0.7515 0.1923 0.5902 0.2236 -0.7449 -0.1279 0.652 0.0596 -0.6656 0.1083 0.7264 0.1329 -0.7091 -0.0962 0.6973 -0.0405 -0.9313 -0.1204 -0.3411 0.0442 -0.6713 0.1757 0.7173 0.0618 -0.6931 0.1484 0.7054 -0.0095 -0.925 0.1727 -0.3381 -0.0125
-0.7477 0.0938 0.6573 0.0146 -0.6767 0.3342 0.6492 0.094 -0.7515 0.1923 0.5902 0.2236 -0.753 -0.1224 0.6454 0.0385 -0.6656 0.1083 0.7264 0.1329 -0.7143 -0.1583 0.681 -0.0326 -0.9313 -0.1204 -0.3411 0.0442 -0.6713 0.1757 0.7173 0.0618 -0.6931 0.1484 0.7054 -0.0095 -0.925 0.1727 -0.3381 -0.0125
-0.7477 0.0938 0.6573 0.0146 -0.6767 0.3342 0.6492 0.094 -0.7515 0.1923 0.5902 0.2236 -0.753 -0.1224 0.6454 0.0385 -0.6656 0.1083 0.7264 0.1329 -0.7143 -0.1583 0.681 -0.0326 -0.9313 -0.1204 -0.3411 0.0442 -0.6713 0.1757 0.7173 0.0618 -0.6931 0.1484 0.7054 -0.0095 -0.925 0.1727 -0.3381 -0.0125
-0.7477 0.0938 0.6573 0.0146 -0.6788 0.3358 0.6451 0.1011 -0.7515 0.1923 0.5902 0.2236 -0.753 -0.1224 0.6454 0.0385 -0.6656 0.1083 0.7264 0.1329 -0.7143 -0.1583 0.681 -0.0326 -0.9296 -0.1223 -0.3447 0.0452 -0.6711 0.1951 0.7094 0.0908 -0.7042 0.1723 0.6884 -0.0226 -0.925 0.1727 -0.3381 -0.0125
-0.7477 0.0938 0.6573 0.0146 -0.6788 0.3358 0.6451 0.1011 -0.7515 0.1923 0.5902 0.2236 -0.753 -0.1224 0.6454 0.0385 -0.6656 0.1083 0.7264 0.1329 -0.7143 -0.1583 0.681 -0.0326 -0.9296 -0.1223 -0.3447 0.0452 -0.6711 0.1951 0.7094 0.0908 -0.7042 0.1723 0.6884 -0.0226 -0.925 0.1727 -0.3381 -0.0125
-0.7477 0.0938 0.6573 0.0146 -0.6788 0.3358 0.6451 0.1011 -0.7515 0.1923 0.5902 0.2236 -0.753 -0.1224 0.6454 0.0385 -0.6656 0.1083 0.7264 0.1329 -0.7143 -0.1583 0.681 -0.0326 -0.9296 -0.1223 -0.3447 0.0452 -0.6711 0.1951 0.7094 0.0908 -0.7042 0.1723 0.6884 -0.0226 -0.925 0.1727 -0.3381 -0.0125
-0.7477 0.0938 0.6573 0.0146 -0.6788 0.3358 0.6451 0.1011 -0.7515 0.1923 0.5902 0.2236 -0.753 -0.1224 0.6454 0.0385 -0.6572 0.0965 0.7319 0.1525 -0.7143 -0.1583 0.681 -0.0326 -0.9296 -0.1223 -0.3447 0.0452 -0.6711 0.1951 0.7094 0.0908 -0.7042 0.1723 0.6884 -0.0226 -0.925 0.1727 -0.3381 -0.0125
-0.7477 0.0938 0.6573 0.0146 -0.6788 0.3358 0.6451 0.1011 -0.7515 0.1923 0.5902 0.2236 -0.753 -0.1224 0.6454 0.0385 -0.6572 0.0965 0.7319 0.1525 -0.7143 -0.1583 0.681 -0.0326 -0.9296 -0.1223 -0.3447 0.0452 -0.6711 0.1951 0.7094 0.0908 -0.7042 0.1723 0.6884 -0.0226 -0.925 0.1727 -0.3381 -0.0125
-0.7477 0.0938 0.6573 0.0146 -0.6788 0.3358 0.6451 0.1011 -0.7515 0.1923 0.5902 0.2236 -0.7528 -0.1483 0.6408 0.0251 -0.6572 0.0965 0.7319 0.1525 -0.7143 -0.1583 0.681 -0.0326 -0.9296 -0.1223 -0.3447 0.0452 -0.6711 0.1951 0.7094 0.0908 -0.7042 0.1723 0.6884 -0.0226 -0.9067 0.1743 -0.3832 -0.0256
-0.7477 0.0938 0.6573 0.0146 -0.6788 0.3358 0.6451 0.1011 -0.7515 0.1923 0.5902 0.2236 -0.7528 -0.1483 0.6408 0.0251 -0.6572 0.0965 0.7319 0.1525 -0.7143 -0.1583 0.681 -0.0326 -0.9296 -0.1223 -0.3447 0.0452 -0.6854 0.1449 0.686 0.1965 -0.7042 0.1723 0.6884 -0.0226 -0.9067 0.1743 -0.3832 -0.0256
-0.7477 0.0938 0.6573 0.0146 -0.6788 0.3358 0.6451 0.1011 -0.7515 0.1923 0.5902 0.2236 -0.7528 -0.1483 0.6408 0.0251 -0.6572 0.0965 0.7319 0.1525 -0.7143 -0.1583 0.681 -0.0326 -0.9296 -0.1223 -0.3447 0.0452 -0.6854 0.1449 0.686 0.1965 -0.7042 0.1723 0.6884 -0.0226 -0.9067 0.1743 -0.3832 -0.0256
-0.7477 0.0938 0.6573 0.0146 -0.6788 0.3358 0.6451 0.1011 -0.7515 0.1923 0.5902 0.2236 -0.7528 -0.1483 0.6408 0.0251 -0.6572 0.0965 0.7319 0.1525 -0.7143 -0.1583 0.681 -0.0326 -0.9296 -0.1223 -0.3447 0.0452 -0.6854 0.1449 0.686 0.1965 -0.7042 0.1723 0.6884 -0.0226 -0.9067 0.1743 -0.3832 -0.0256
-0.7477 0.0938 0.6573 0.0146 -0.6788 0.3358 0.6451 0.1011 -0.7515 0.1923 0.5902 0.2236 -0.7528 -0.1483 0.6408 0.0251 -0.6572 0.0965 0.7319 0.1525 -0.7143 -0.1583 0.681 -0.0326 -0.9296 -0.1223 -0.3447 0.0452 -0.6854 0.1449 0.686 0.1965 -0.7042 0.1723 0.6884 -0.0226 -0.9067 0.1743 -0.3832 -0.0256
-0.7477 0.0938 0.6573 0.0146 -0.6788 0.3358 0.6451 0.1011 -0.7515 0.1923 0.5902 0.2236 -0.7528 -0.1483 0.6408 0.0251 -0.6572 0.0965 0.7319 0.1525 -0.7143 -0.1583 0.681 -0.0326 -0.9296 -0.1223 -0.3447 0.0452 -0.6854 0.1449 0.686 0.1965 -0.7042 0.1723 0.6884 -0.0226 -0.9067 0.1743 -0.3832 -0.0256
-0.7477 0.0938 0.6573 0.0146 -0.6788 0.3358 0.6451 0.1011 -0.7515 0.1923 0.5902 0.2236 -0.7528 -0.1483 0.6408 0.0251 -0.6572 0.0965 0.7319 0.1525 -0.7143 -0.1583 0.681 -0.0326 -0.9296 -0.1223 -0.3447 0.0452 -0.6854 0.1449 0.686 0.1965 -0.7042 0.1723 0.6884 -0.0226 -0.8554 0.151 -0.489 -0.08
-0.7477 0.0938 0.6573 0.0146 -0.6788 0.3358 0.6451 0.1011 -0.7515 0.1923 0.5902 0.2236 -0.7505 -0.195 0.6315 -0.0023 -0.6572 0.0965 0.7319 0.1525 -0.7155 -0.1964 0.67 -0.0249 -0.9296 -0.1223 -0.3447 0.0452 -0.6854 0.1449 0.686 0.1965 -0.7042 0.1723 0.6884 -0.0226 -0.8554 0.151 -0.489 -0.08
-0.7477 0.0938 0.6573 0.0146 -0.6788 0.3358 0.6451 0.1011 -0.7515 0.1923 0.5902 0.2236 -0.7505 -0.195 0.6315 -0.0023 -0.6572 0.0965 0.7319 0.1525 -0.7155 -0.1964 0.67 -0.0249 -0.9296 -0.1223 -0.3447 0.0452 -0.6854 0.1449 0.686 0.1965 -0.7178 0.2653 0.6369 -0.0933 -0.8554 0.151 -0.489 -0.08
-0.7477 0.0938 0.6573 0.0146 -0.6788 0.3358 0.6451 0.1011 -0.7515 0.1923 0.5902 0.2236 -0.7505 -0.195 0.6315 -0.0023 -0.6572 0.0965 0.7319 0.1525 -0.7155 -0.1964 0.67 -0.0249 -0.9296 -0.1223 -0.3447 0.0452 -0.6854 0.1449 0.686 0.1965 -0.7178 0.2653 0.6369 -0.0933 -0.8554 0.151 -0.489 -0.08
-0.7477 0.0938 0.6573 0.0146 -0.6788 0.3358 0.6451 0.1011 -0.7515 0.1923 0.5902 0.2236 -0.7505 -0.195 0.6315 -0.0023 -0.6572 0.0965 0.7319 0.1525 -0.7155 -0.1964 0.67 -0.0249 -0.9296 -0.1223 -0.3447 0.0452 -0.6854 0.1449 0.686 0.1965 -0.7178 0.2653 0.6369 -0.0933 -0.8554 0.151 -0.489 -0.08
-0.7477 0.0938 0.6573 0.0146 -0.6788 0.3358 0.6451 0.1011 -0.7515 0.1923 0.5902 0.2236 -0.7505 -0.195 0.6315 -0.0023 -0.6572 0.0965 0.7319 0.1525 -0.7155 -0.1964 0.67 -0.0249 -0.9296 -0.1223 -0.3447 0.0452 -0.6854 0.1449 0.686 0.1965 -0.7178 0.2653 0.6369 -0.0933 -0.8554 0.151 -0.489 -0.08
-0.7477 0.0938 0.6573 0.0146 -0.6788 0.3358 0.6451 0.1011 -0.7515 0.1923 0.5902 0.2236 -0.7505 -0.195 0.6315 -0.0023 -0.6527 0.0613 0.731 0.1893 -0.7155 -0.1964 0.67 -0.0249 -0.9296 -0.1223 -0.3447 0.0452 -0.6854 0.1449 0.686 0.1965 -0.7178 0.2653 0.6369 -0.0933 -0.8554 0.151 -0.489 -0.08
-0.7477 0.0938 0.6573 0.0146 -0.6788 0.3358 0.6451 0.1011 -0.7515 0.1923 0.5902 0.2236 -0.7505 -0.195 0.6315 -0.0023 -0.6527 0.0613 0.731 0.1893 -0.7155 -0.1964 0.67 -0.0249 -0.9296 -0.1223 -0.3447 0.0452 -0.6854 0.1449 0.686 0.1965 -0.7178 0.2653 0.6369 -0.0933 -0.8554 0.151 -0.489 -0.08
-0.7477 0.0938 0.6573 0.0146 -0.6788 0.3358 0.6451 0.1011 -0.7515 0.1923 0.5902 0.2236 -0.7565 -0.1918 0.6244 -0.0327 -0.6527 0.0613 0.731 0.1893 -0.7256 -0.2089 0.6556 0.0016 -0.9296 -0.1223 -0.3447 0.0452 -0.6854 0.1449 0.686 0.1965 -0.7178 0.2653 0.6369 -0.0933 -0.8942 0.2027 -0.3967 -0.0453
-0.7477 0.0938 0.6573 0.0146 -0.6788 0.3358 0.6451 0.1011 -0.7515 0.1923 0.5902 0.2236 -0.7565 -0.1918 0.6244 -0.0327 -0.6527 0.0613 0.731 0.1893 -0.7256 -0.2089 0.6556 0.0016 -0.9296 -0.1223 -0.3447 0.0452 -0.6854 0.1449 0.686 0.1965 -0.6817 0.1383 0.718 0.0271 -0.8942 0.2027 -0.3967 -0.0453
-0.7477 0.0938 0.6573 0.0146 -0.6788 0.3358 0.6451 0.1011 -0.7515 0.1923 0.5902 0.2236 -0.7565 -0.1918 0.6244 -0.0327 -0.6527 0.0613 0.731 0.1893 -0.7256 -0.2089 0.6556 0.0016 -0.9318 -0.1052 -0.343 0.0543 -0.7 0.07 0.629 0.3309 -0.6817 0.1383 0.718 0.0271 -0.8942 0.2027 -0.3967 -0.0453
-0.7477 0.0938 0.6573 0.0146 -0.6788 0.3358 0.6451 0.1011 -0.7515 0.1923 0.5902 0.2236 -0.7565 -0.1918 0.6244 -0.0327 -0.6527 0.0613 0.731 0.1893 -0.7256 -0.2089 0.6556 0.0016 -0.9318 -0.1052 -0.343 0.0543 -0.7 0.07 0.629 0.3309 -0.6817 0.1383 0.718 0.0271 -0.8942 0.2027 -0.3967 -0.0453
-0.7477 0.0938 0.6573 0.0146 -0.6788 0.3358 0.6451 0.1011 -0.7515 0.1923 0.5902 0.2236 -0.7565 -0.1918 0.6244 -0.0327 -0.6527 0.0613 0.731 0.1893 -0.7256 -0.2089 0.6556 0.0016 -0.9318 -0.1052 -0.343 0.0543 -0.7 0.07 0.629 0.3309 -0.6817 0.1383 0.718 0.0271 -0.8942 0.2027 -0.3967 -0.0453
-0.7477 0.0938 0.6573 0.0146 -0.6788 0.3358 0.6451 0.1011 -0.7515 0.1923 0.5902 0.2236 -0.7565 -0.1918 0.6244 -0.0327 -0.6527 0.0613 0.731 0.1893 -0.7256 -0.2089 0.6556 0.0016 -0.9318 -0.1052 -0.343 0.0543 -0.7 0.07 0.629 0.3309 -0.6817 0.1383 0.718 0.0271 -0.9393 0.2319 -0.2518 0.025
-0.7477 0.0938 0.6573 0.0146 -0.6788 0.3358 0.6451 0.1011 -0.7515 0.1923 0.5902 0.2236 -0.7565 -0.1918 0.6244 -0.0327 -0.6527 0.0613 0.731 0.1893 -0.7256 -0.2089 0.6556 0.0016 -0.9318 -0.1052 -0.343 0.0543 -0.7 0.07 0.629 0.3309 -0.6817 0.1383 0.718 0.0271 -0.9393 0.2319 -0.2518 0.025
-0.736 0.0154 0.6768 -0.008 -0.6788 0.3358 0.6451 0.1011 -0.7515 0.1923 0.5902 0.2236 -0.7675 -0.1566 0.6141 -0.0965 -0.6527 0.0613 0.731 0.1893 -0.737 -0.2162 0.6388 0.0447 -0.9318 -0.1052 -0.343 0.0543 -0.7 0.07 0.629 0.3309 -0.6817 0.1383 0.718 0.0271 -0.9393 0.2319 -0.2518 0.025
-0.736 0.0154 0.6768 -0.008 -0.6788 0.3358 0.6451 0.1011 -0.7515 0.1923 0.5902 0.2236 -0.7675 -0.1566 0.6141 -0.0965 -0.6527 0.0613 0.731 0.1893 -0.737 -0.2162 0.6388 0.0447 -0.9318 -0.1052 -0.343 0.0543 -0.7 0.07 0.629 0.3309 -0.6353 0.0265 0.7549 0.1605 -0.9393 0.2319 -0.2518 0.025
-0.736 0.0154 0.6768 -0.008 -0.6788 0.3358 0.6451 0.1011 -0.7515 0.1923 0.5902 0.2236 -0.7675 -0.1566 0.6141 -0.0965 -0.6527 0.0613 0.731 0.1893 -0.737 -0.2162 0.6388 0.0447 -0.9318 -0.1052 -0.343 0.0543 -0.6987 0.071 0.6203 0.3492 -0.6353 0.0265 0.7549 0.1605 -0.9393 0.2319 -0.2518 0.025
-0.736 0.0154 0.6768 -0.008 -0.6788 0.3358 0.6451 0.1011 -0.7515 0.1923 0.5902 0.2236 -0.7675 -0.1566 0.6141 -0.0965 -0.6527 0.0613 0.731 0.1893 -0.737 -0.2162 0.6388 0.0447 -0.9318 -0.1052 -0.343 0.0543 -0.6987 0.071 0.6203 0.3492 -0.6353 0.0265 0.7549 0.1605 -0.9393 0.2319 -0.2518 0.025
-0.736 0.0154 0.6768 -0.008 -0.6788 0.3358 0.6451 0.1011 -0.7515 0.1923 0.5902 0.2236 -0.7675 -0.1566 0.6141 -0.0965 -0.6527 0.0613 0.731 0.1893 -0.737 -0.2162 0.6388 0.0447 -0.9318 -0.1052 -0.343 0.0543 -0.6987 0.071 0.6203 0.3492 -0.6353 0.0265 0.7549 0.1605 -0.9393 0.2319 -0.2518 0.025
-0.736 0.0154 0.6768 -0.008 -0.6788 0.3358 0.6451 0.1011 -0.7515 0.1923 0.5902 0.2236 -0.7675 -0.1566 0.6141 -0.0965 -0.6527 0.0613 0.731 0.1893 -0.737 -0.2162 0.6388 0.0447 -0.9318 -0.1052 -0.343 0.0543 -0.6987 0.071 0.6203 0.3492 -0.6353 0.0265 0.7549 0.1605 -0.9393 0.2319 -0.2518 0.025
-0.736 0.0154 0.6768 -0.008 -0.6788 0.3358 0.6451 0.1011 -0.7461 0.2192 0.6272 0.0437 -0.7675 -0.1566 0.6141 -0.0965 -0.6527 0.0613 0.731 0.1893 -0.737 -0.2162 0.6388 0.0447 -0.9318 -0.1052 -0.343 0.0543 -0.6987 0.071 0.6203 0.3492 -0.6353 0.0265 0.7549 0.1605 -0.9517 0.2777 -0.1171 0.059
-0.736 0.0154 0.6768 -0.008 -0.6788 0.3358 0.6451 0.1011 -0.7461 0.2192 0.6272 0.0437 -0.774 -0.113 0.6005 -0.1659 -0.6527 0.0613 0.731 0.1893 -0.7551 -0.2305 0.6058 0.0984 -0.9318 -0.1052 -0.343 0.0543 -0.6987 0.071 0.6203 0.3492 -0.6353 0.0265 0.7549 0.1605 -0.9517 0.2777 -0.1171 0.059
-0.736 0.0154 0.6768 -0.008 -0.6788 0.3358 0.6451 0.1011 -0.7461 0.2192 0.6272 0.0437 -0.774 -0.113 0.6005 -0.1659 -0.6527 0.0613 0.731 0.1893 -0.7551 -0.2305 0.6058 0.0984 -0.9318 -0.1052 -0.343 0.0543 -0.6987 0.071 0.6203 0.3492 -0.6163 -0.0038 0.7691 0.1691 -0.9517 0.2777 -0.1171 0.059
-0.736 0.0154 0.6768 -0.008 -0.6788 0.3358 0.6451 0.1011 -0.7461 0.2192 0.6272 0.0437 -0.774 -0.113 0.6005 -0.1659 -0.6527 0.0613 0.731 0.1893 -0.7551 -0.2305 0.6058 0.0984 -0.8447 -0.1251 -0.5149 0.0752 -0.692 0.0825 0.6295 0.3436 -0.6163 -0.0038 0.7691 0.1691 -0.9517 0.2777 -0.1171 0.059
-0.736 0.0154 0.6768 -0.008 -0.6788 0.3358 0.6451 0.1011 -0.7461 0.2192 0.6272 0.0437 -0.774 -0.113 0.6005 -0.1659 -0.6527 0.0613 0.731 0.1893 -0.7551 -0.2305 0.6058 0.0984 -0.8447 -0.1251 -0.5149 0.0752 -0.692 0.0825 0.6295 0.3436 -0.6163 -0.0038 0.7691 0.1691 -0.9517 0.2777 -0.1171 0.059
-0.736 0.0154 0.6768 -0.008 -0.6788 0.3358 0.6451 0.1011 -0.7461 0.2192 0.6272 0.0437 -0.774 -0.113 0.6005 -0.1659 -0.6603 0.0132 0.6906 0.2949 -0.7551 -0.2305 0.6058 0.0984 -0.8447 -0.1251 -0.5149 0.0752 -0.692 0.0825 0.6295 0.3436 -0.6163 -0.0038 0.7691 0.1691 -0.9517 0.2777 -0.1171 0.059
-0.736 0.0154 0.6768 -0.008 -0.6788 0.3358 0.6451 0.1011 -0.7461 0.2192 0.6272 0.0437 -0.774 -0.113 0.6005 -0.1659 -0.6603 0.0132 0.6906 0.2949 -0.7551 -0.2305 0.6058 0.0984 -0.8447 -0.1251 -0.5149 0.0752 -0.692 0.0825 0.6295 0.3436 -0.6163 -0.0038 0.7691 0.1691 -0.9517 0.2777 -0.1171 0.059
-0.736 0.0154 0.6768 -0.008 -0.6788 0.3358 0.6451 0.1011 -0.7461 0.2192 0.6272 0.0437 -0.774 -0.113 0.6005 -0.1659 -0.6603 0.0132 0.6906 0.2949 -0.7551 -0.2305 0.6058 0.0984 -0.8447 -0.1251 -0.5149 0.0752 -0.692 0.0825 0.6295 0.3436 -0.6163 -0.0038 0.7691 0.1691 -0.9517 0.2777 -0.1171 0.059
-0.7596 0.0261 0.6498 0.0058 -0.6788 0.3358 0.6451 0.1011 -0.7461 0.2192 0.6272 0.0437 -0.7709 -0.0836 0.5989 -0.2002 -0.6603 0.0132 0.6906 0.2949 -0.7551 -0.2305 0.6058 0.0984 -0.8447 -0.1251 -0.5149 0.0752 -0.692 0.0825 0.6295 0.3436 -0.6163 -0.0038 0.7691 0.1691 -0.9517 0.2777 -0.1171 0.059
-0.7596 0.0261 0.6498 0.0058 -0.6788 0.3358 0.6451 0.1011 -0.7461 0.2192 0.6272 0.0437 -0.7709 -0.0836 0.5989 -0.2002 -0.6603 0.0132 0.6906 0.2949 -0.7551 -0.2305 0.6058 0.0984 -0.8447 -0.1251 -0.5149 0.0752 -0.692 0.0825 0.6295 0.3436 -0.6371 0.1324 0.7482 0.1297 -0.9517 0.2777 -0.1171 0.059
-0.7596 0.0261 0.6498 0.0058 -0.6788 0.3358 0.6451 0.1011 -0.7461 0.2192 0.6272 0.0437 -0.7709 -0.0836 0.5989 -0.2002 -0.6603 0.0132 0.6906 0.2949 -0.7551 -0.2305 0.6058 0.0984 -0.8447 -0.1251 -0.5149 0.0752 -0.6953 0.0533 0.6582 0.2836 -0.6371 0.1324 0.7482 0.1297 -0.9517 0.2777 -0.1171 0.059
-0.7596 0.0261 0.6498 0.0058 -0.6788 0.3358 0.6451 0.1011 -0.7461 0.2192 0.6272 0.0437 -0.7709 -0.0836 0.5989 -0.2002 -0.6603 0.0132 0.6906 0.2949 -0.7551 -0.2305 0.6058 0.0984 -0.8447 -0.1251 -0.5149 0.0752 -0.6953 0.0533 0.6582 0.2836 -0.6371 0.1324 0.7482 0.1297 -0.9517 0.2777 -0.1171 0.059
-0.7596 0.0261 0.6498 0.0058 -0.6788 0.3358 0.6451 0.1011 -0.7461 0.2192 0.6272 0.0437 -0.7709 -0.0836 0.5989 -0.2002 -0.6603 0.0132 0.6906 0.2949 -0.7551 -0.2305 0.6058 0.0984 -0.8447 -0.1251 -0.5149 0.0752 -0.6953 0.0533 0.6582 0.2836 -0.6371 0.1324 0.7482 0.1297 -0.9517 0.2777 -0.1171 0.059
-0.7596 0.0261 0.6498 0.0058 -0.6788 0.3358 0.6451 0.1011 -0.7461 0.2192 0.6272 0.0437 -0.7709 -0.0836 0.5989 -0.2002 -0.6603 0.0132 0.6906 0.2949 -0.7551 -0.2305 0.6058 0.0984 -0.8447 -0.1251 -0.5149 0.0752 -0.6953 0.0533 0.6582 0.2836 -0.6371 0.1324 0.7482 0.1297 -0.9517 0.2777 -0.1171 0.059
-0.7596 0.0261 0.6498 0.0058 -0.6788 0.3358 0.6451 0.1011 -0.7461 0.2192 0.6272 0.0437 -0.7709 -0.0836 0.5989 -0.2002 -0.6603 0.0132 0.6906 0.2949 -0.7551 -0.2305 0.6058 0.0984 -0.8447 -0.1251 -0.5149 0.0752 -0.6953 0.0533 0.6582 0.2836 -0.6371 0.1324 0.7482 0.1297 -0.9348 0.173 -0.3098 -0.0142
-0.7797 0.0439 0.6243 0.0206 -0.6788 0.3358 0.6451 0.1011 -0.7461 0.2192 0.6272 0.0437 -0.7699 -0.1077 0.619 -0.1118 -0.6603 0.0132 0.6906 0.2949 -0.7551 -0.2305 0.6058 0.0984 -0.8447 -0.1251 -0.5149 0.0752 -0.6953 0.0533 0.6582 0.2836 -0.6371 0.1324 0.7482 0.1297 -0.9348 0.173 -0.3098 -0.0142
-0.7797 0.0439 0.6243 0.0206 -0.6788 0.3358 0.6451 0.1011 -0.7461 0.2192 0.6272 0.0437 -0.7699 -0.1077 0.619 -0.1118 -0.6603 0.0132 0.6906 0.2949 -0.7551 -0.2305 0.6058 0.0984 -0.8447 -0.1251 -0.5149 0.0752 -0.6953 0.0533 0.6582 0.2836 -0.6371 0.1324 0.7482 0.1297 -0.9348 0.173 -0.3098 -0.0142
-0.7797 0.0439 0.6243 0.0206 -0.6788 0.3358 0.6451 0.1011 -0.7461 0.2192 0.6272 0.0437 -0.7699 -0.1077 0.619 -0.1118 -0.6603 0.0132 0.6906 0.2949 -0.7551 -0.2305 0.6058 0.0984 -0.8447 -0.1251 -0.5149 0.0752 -0.6856 0.083 0.6957 0.1977 -0.6371 0.1324 0.7482 0.1297 -0.9348 0.173 -0.3098 -0.0142
-0.7797 0.0439 0.6243 0.0206 -0.6788 0.3358 0.6451 0.1011 -0.7461 0.2192 0.6272 0.0437 -0.7699 -0.1077 0.619 -0.1118 -0.6603 0.0132 0.6906 0.2949 -0.7551 -0.2305 0.6058 0.0984 -0.8447 -0.1251 -0.5149 0.0752 -0.6856 0.083 0.6957 0.1977 -0.6371 0.1324 0.7482 0.1297 -0.9348 0.173 -0.3098 -0.0142
-0.7797 0.0439 0.6243 0.0206 -0.6788 0.3358 0.6451 0.1011 -0.7461 0.2192 0.6272 0.0437 -0.7699 -0.1077 0.619 -0.1118 -0.6603 0.0132 0.6906 0.2949 -0.7551 -0.2305 0.6058 0.0984 -0.8447 -0.1251 -0.5149 0.0752 -0.6856 0.083 0.6957 0.1977 -0.6371 0.1324 0.7482 0.1297 -0.9348 0.173 -0.3098 -0.0142
-0.7797 0.0439 0.6243 0.0206 -0.6788 0.3358 0.6451 0.1011 -0.7461 0.2192 0.6272 0.0437 -0.7699 -0.1077 0.619 -0.1118 -0.6603 0.0132 0.6906 0.2949 -0.7551 -0.2305 0.6058 0.0984 -0.8447 -0.1251 -0.5149 0.0752 -0.6856 0.083 0.6957 0.1977 -0.6371 0.1324 0.7482 0.1297 -0.9348 0.173 -0.3098 -0.0142
-0.7797 0.0439 0.6243 0.0206 -0.6788 0.3358 0.6451 0.1011 -0.7461 0.2192 0.6272 0.0437 -0.7699 -0.1077 0.619 -0.1118 -0.6603 0.0132 0.6906 0.2949 -0.7551 -0.2305 0.6058 0.0984 -0.8447 -0.1251 -0.5149 0.0752 -0.6856 0.083 0.6957 0.1977 -0.6371 0.1324 0.7482 0.1297 -0.9348 0.173 -0.3098 -0.0142
-0.7772 0.0775 0.6201 0.0737 -0.6788 0.3358 0.6451 0.1011 -0.7461 0.2192 0.6272 0.0437 -0.7462 -0.1913 0.6352 0.0562 -0.6603 0.0132 0.6906 0.2949 -0.7551 -0.2305 0.6058 0.0984 -0.8447 -0.1251 -0.5149 0.0752 -0.6856 0.083 0.6957 0.1977 -0.6371 0.1324 0.7482 0.1297 -0.9348 0.173 -0.3098 -0.0142
-0.7772 0.0775 0.6201 0.0737 -0.6788 0.3358 0.6451 0.1011 -0.7461 0.2192 0.6272 0.0437 -0.7462 -0.1913 0.6352 0.0562 -0.6603 0.0132 0.6906 0.2949 -0.7551 -0.2305 0.6058 0.0984 -0.8447 -0.1251 -0.5149 0.0752 -0.6856 0.083 0.6957 0.1977 -0.6371 0.1324 0.7482 0.1297 -0.9348 0.173 -0.3098 -0.0142
-0.7772 0.0775 0.6201 0.0737 -0.6788 0.3358 0.6451 0.1011 -0.7461 0.2192 0.6272 0.0437 -0.7462 -0.1913 0.6352 0.0562 -0.6603 0.0132 0.6906 0.2949 -0.7551 -0.2305 0.6058 0.0984 -0.8447 -0.1251 -0.5149 0.0752 -0.6678 0.1329 0.7281 0.0783 -0.6371 0.1324 0.7482 0.1297 -0.9348 0.173 -0.3098 -0.0142
-0.7772 0.0775 0.6201 0.0737 -0.6788 0.3358 0.6451 0.1011 -0.7461 0.2192 0.6272 0.0437 -0.7462 -0.1913 0.6352 0.0562 -0.6603 0.0132 0.6906 0.2949 -0.7551 -0.2305 0.6058 0.0984 -0.8447 -0.1251 -0.5149 0.0752 -0.6678 0.1329 0.7281 0.0783 -0.6371 0.1324 0.7482 0.1297 -0.9348 0.173 -0.3098 -0.0142
-0.7772 0.0775 0.6201 0.0737 -0.6788 0.3358 0.6451 0.1011 -0.7461 0.2192 0.6272 0.0437 -0.7462 -0.1913 0.6352 0.0562 -0.6603 0.0132 0.6906 0.2949 -0.7551 -0.2305 0.6058 0.0984 -0.8447 -0.1251 -0.5149 0.0752 -0.6678 0.1329 0.7281 0.0783 -0.6371 0.1324 0.7482 0.1297 -0.9348 0.173 -0.3098 -0.0142
-0.7772 0.0775 0.6201 0.0737 -0.6788 0.3358 0.6451 0.1011 -0.7676 0.1906 0.5532 0.2616 -0.7462 -0.1913 0.6352 0.0562 -0.6603 0.0132 0.6906 0.2949 -0.7551 -0.2305 0.6058 0.0984 -0.8447 -0.1251 -0.5149 0.0752 -0.6678 0.1329 0.7281 0.0783 -0.6371 0.1324 0.7482 0.1297 -0.9348 0.173 -0.3098 -0.0142
-0.7772 0.0775 0.6201 0.0737 -0.6788 0.3358 0.6451 0.1011 -0.7676 0.1906 0.5532 0.2616 -0.7462 -0.1913 0.6352 0.0562 -0.6603 0.0132 0.6906 0.2949 -0.7551 -0.2305 0.6058 0.0984 -0.8447 -0.1251 -0.5149 0.0752 -0.6678 0.1329 0.7281 0.0783 -0.6371 0.1324 0.7482 0.1297 -0.9226 0.148 -0.3531 -0.0471
-0.769 0.0804 0.6223 0.1216 -0.6788 0.3358 0.6451 0.1011 -0.7676 0.1906 0.5532 0.2616 -0.7047 -0.2698 0.6295 0.1852 -0.6603 0.0132 0.6906 0.2949 -0.7551 -0.2305 0.6058 0.0984 -0.8447 -0.1251 -0.5149 0.0752 -0.6678 0.1329 0.7281 0.0783 -0.6371 0.1324 0.7482 0.1297 -0.9226 0.148 -0.3531 -0.0471
-0.769 0.0804 0.6223 0.1216 -0.6804 0.3877 0.5964 0.1761 -0.7676 0.1906 0.5532 0.2616 -0.7047 -0.2698 0.6295 0.1852 -0.6603 0.0132 0.6906 0.2949 -0.7551 -0.2305 0.6058 0.0984 -0.8447 -0.1251 -0.5149 0.0752 -0.6678 0.1329 0.7281 0.0783 -0.6371 0.1324 0.7482 0.1297 -0.9226 0.148 -0.3531 -0.0471
-0.769 0.0804 0.6223 0.1216 -0.6804 0.3877 0.5964 0.1761 -0.7676 0.1906 0.5532 0.2616 -0.7047 -0.2698 0.6295 0.1852 -0.6603 0.0132 0.6906 0.2949 -0.7551 -0.2305 0.6058 0.0984 -0.8447 -0.1251 -0.5149 0.0752 -0.6473 0.2106 0.7323 0.0196 -0.6371 0.1324 0.7482 0.1297 -0.9226 0.148 -0.3531 -0.0471
-0.769 0.0804 0.6223 0.1216 -0.6804 0.3877 0.5964 0.1761 -0.7676 0.1906 0.5532 0.2616 -0.7047 -0.2698 0.6295 0.1852 -0.6603 0.0132 0.6906 0.2949 -0.7551 -0.2305 0.6058 0.0984 -0.8447 -0.1251 -0.5149 0.0752 -0.6473 0.2106 0.7323 0.0196 -0.6371 0.1324 0.7482 0.1297 -0.9226 0.148 -0.3531 -0.0471
-0.769 0.0804 0.6223 0.1216 -0.6804 0.3877 0.5964 0.1761 -0.7676 0.1906 0.5532 0.2616 -0.7047 -0.2698 0.6295 0.1852 -0.6603 0.0132 0.6906 0.2949 -0.7551 -0.2305 0.6058 0.0984 -0.8447 -0.1251 -0.5149 0.0752 -0.6473 0.2106 0.7323 0.0196 -0.6371 0.1324 0.7482 0.1297 -0.9226 0.148 -0.3531 -0.0471
-0.769 0.0804 0.6223 0.1216 -0.6804 0.3877 0.5964 0.1761 -0.7802 0.1766 0.5223 0.2957 -0.7047 -0.2698 0.6295 0.1852 -0.6422 0.2589 0.7194 -0.0551 -0.7551 -0.2305 0.6058 0.0984 -0.8447 -0.1251 -0.5149 0.0752 -0.6473 0.2106 0.7323 0.0196 -0.6371 0.1324 0.7482 0.1297 -0.8903 0.1474 -0.4252 -0.0701
-0.769 0.0804 0.6223 0.1216 -0.6804 0.3877 0.5964 0.1761 -0.7802 0.1766 0.5223 0.2957 -0.7047 -0.2698 0.6295 0.1852 -0.6422 0.2589 0.7194 -0.0551 -0.7551 -0.2305 0.6058 0.0984 -0.8447 -0.1251 -0.5149 0.0752 -0.6473 0.2106 0.7323 0.0196 -0.6371 0.1324 0.7482 0.1297 -0.8903 0.1474 -0.4252 -0.0701
-0.7586 0.0942 0.6268 0.1507 -0.6804 0.3877 0.5964 0.1761 -0.7802 0.1766 0.5223 0.2957 -0.6841 -0.3015 0.6152 0.2503 -0.6422 0.2589 0.7194 -0.0551 -0.6108 0.0284 0.7641 -0.2056 -0.8447 -0.1251 -0.5149 0.0752 -0.6473 0.2106 0.7323 0.0196 -0.6371 0.1324 0.7482 0.1297 -0.8903 0.1474 -0.4252 -0.0701
-0.7586 0.0942 0.6268 0.1507 -0.6804 0.3877 0.5964 0.1761 -0.7802 0.1766 0.5223 0.2957 -0.6841 -0.3015 0.6152 0.2503 -0.6422 0.2589 0.7194 -0.0551 -0.6108 0.0284 0.7641 -0.2056 -0.8447 -0.1251 -0.5149 0.0752 -0.6473 0.2106 0.7323 0.0196 -0.6946 0.2452 0.6566 -0.1619 -0.8903 0.1474 -0.4252 -0.0701
-0.7586 0.0942 0.6268 0.1507 -0.6804 0.3877 0.5964 0.1761 -0.7802 0.1766 0.5223 0.2957 -0.6841 -0.3015 0.6152 0.2503 -0.6422 0.2589 0.7194 -0.0551 -0.6108 0.0284 0.7641 -0.2056 -0.8447 -0.1251 -0.5149 0.0752 -0.6586 0.2198 0.718 -0.0488 -0.6946 0.2452 0.6566 -0.1619 -0.8903 0.1474 -0.4252 -0.0701
-0.7586 0.0942 0.6268 0.1507 -0.6804 0.3877 0.5964 0.1761 -0.7802 0.1766 0.5223 0.2957 -0.6841 -0.3015 0.6152 0.2503 -0.6422 0.2589 0.7194 -0.0551 -0.6108 0.0284 0.7641 -0.2056 -0.8447 -0.1251 -0.5149 0.0752 -0.6586 0.2198 0.718 -0.0488 -0.6946 0.2452 0.6566 -0.1619 -0.8903 0.1474 -0.4252 -0.0701
-0.7586 0.0942 0.6268 0.1507 -0.6804 0.3877 0.5964 0.1761 -0.7802 0.1766 0.5223 0.2957 -0.6841 -0.3015 0.6152 0.2503 -0.6422 0.2589 0.7194 -0.0551 -0.6108 0.0284 0.7641 -0.2056 -0.8447 -0.1251 -0.5149 0.0752 -0.6586 0.2198 0.718 -0.0488 -0.6946 0.2452 0.6566 -0.1619 -0.8903 0.1474 -0.4252 -0.0701
-0.7586 0.0942 0.6268 0.1507 -0.6804 0.3877 0.5964 0.1761 -0.7802 0.1766 0.5223 0.2957 -0.6841 -0.3015 0.6152 0.2503 -0.6422 0.2589 0.7194 -0.0551 -0.6108 0.0284 0.7641 -0.2056 -0.8447 -0.1251 -0.5149 0.0752 -0.6586 0.2198 0.718 -0.0488 -0.6946 0.2452 0.6566 -0.1619 -0.6666 0.1356 -0.7231 -0.1196
-0.7586 0.0942 0.6268 0.1507 -0.6804 0.3877 0.5964 0.1761 -0.7802 0.1766 0.5223 0.2957 -0.6841 -0.3015 0.6152 0.2503 -0.6422 0.2589 0.7194 -0.0551 -0.6108 0.0284 0.7641 -0.2056 -0.8447 -0.1251 -0.5149 0.0752 -0.6586 0.2198 0.718 -0.0488 -0.6946 0.2452 0.6566 -0.1619 -0.6666 0.1356 -0.7231 -0.1196
-0.7468 0.1128 0.6406 0.1383 -0.6804 0.3877 0.5964 0.1761 -0.7802 0.1766 0.5223 0.2957 -0.7256 -0.2656 0.6121 0.168 -0.6422 0.2589 0.7194 -0.0551 -0.6108 0.0284 0.7641 -0.2056 -0.8447 -0.1251 -0.5149 0.0752 -0.6586 0.2198 0.718 -0.0488 -0.6946 0.2452 0.6566 -0.1619 -0.6666 0.1356 -0.7231 -0.1196
-0.7468 0.1128 0.6406 0.1383 -0.6804 0.3877 0.5964 0.1761 -0.7802 0.1766 0.5223 0.2957 -0.7256 -0.2656 0.6121 0.168 -0.6422 0.2589 0.7194 -0.0551 -0.6108 0.0284 0.7641 -0.2056 -0.8447 -0.1251 -0.5149 0.0752 -0.6586 0.2198 0.718 -0.0488 -0.6946 0.2452 0.6566 -0.1619 -0.6666 0.1356 -0.7231 -0.1196
-0.7468 0.1128 0.6406 0.1383 -0.6804 0.3877 0.5964 0.1761 -0.7802 0.1766 0.5223 0.2957 -0.7256 -0.2656 0.6121 0.168 -0.6422 0.2589 0.7194 -0.0551 -0.6108 0.0284 0.7641 -0.2056 -0.8447 -0.1251 -0.5149 0.0752 -0.7254 0.1215 0.6766 0.035 -0.6946 0.2452 0.6566 -0.1619 -0.6666 0.1356 -0.7231 -0.1196
-0.7468 0.1128 0.6406 0.1383 -0.6804 0.3877 0.5964 0.1761 -0.7802 0.1766 0.5223 0.2957 -0.7256 -0.2656 0.6121 0.168 -0.6422 0.2589 0.7194 -0.0551 -0.6108 0.0284 0.7641 -0.2056 -0.8447 -0.1251 -0.5149 0.0752 -0.7254 0.1215 0.6766 0.035 -0.6946 0.2452 0.6566 -0.1619 -0.6666 0.1356 -0.7231 -0.1196
-0.7468 0.1128 0.6406 0.1383 -0.6804 0.3877 0.5964 0.1761 -0.7802 0.1766 0.5223 0.2957 -0.7256 -0.2656 0.6121 0.168 -0.6422 0.2589 0.7194 -0.0551 -0.6108 0.0284 0.7641 -0.2056 -0.8447 -0.1251 -0.5149 0.0752 -0.7254 0.1215 0.6766 0.035 -0.6946 0.2452 0.6566 -0.1619 -0.6666 0.1356 -0.7231 -0.1196
-0.7468 0.1128 0.6406 0.1383 -0.6804 0.3877 0.5964 0.1761 -0.7802 0.1766 0.5223 0.2957 -0.7256 -0.2656 0.6121 0.168 -0.6422 0.2589 0.7194 -0.0551 -0.6108 0.0284 0.7641 -0.2056 -0.8447 -0.1251 -0.5149 0.0752 -0.7254 0.1215 0.6766 0.035 -0.6946 0.2452 0.6566 -0.1619 -0.6666 0.1356 -0.7231 -0.1196
-0.7468 0.1128 0.6406 0.1383 -0.6804 0.3877 0.5964 0.1761 -0.7802 0.1766 0.5223 0.2957 -0.7256 -0.2656 0.6121 0.168 -0.6422 0.2589 0.7194 -0.0551 -0.6108 0.0284 0.7641 -0.2056 -0.8447 -0.1251 -0.5149 0.0752 -0.7254 0.1215 0.6766 0.035 -0.6946 0.2452 0.6566 -0.1619 -0.6666 0.1356 -0.7231 -0.1196
-0.7468 0.1128 0.6406 0.1383 -0.6909 0.3647 0.6142 0.1116 -0.7802 0.1766 0.5223 0.2957 -0.7256 -0.2656 0.6121 0.168 -0.6422 0.2589 0.7194 -0.0551 -0.6108 0.0284 0.7641 -0.2056 -0.8447 -0.1251 -0.5149 0.0752 -0.7254 0.1215 0.6766 0.035 -0.6946 0.2452 0.6566 -0.1619 -0.6666 0.1356 -0.7231 -0.1196
-0.7468 0.1128 0.6406 0.1383 -0.6909 0.3647 0.6142 0.1116 -0.7802 0.1766 0.5223 0.2957 -0.7256 -0.2656 0.6121 0.168 -0.6422 0.2589 0.7194 -0.0551 -0.6108 0.0284 0.7641 -0.2056 -0.8447 -0.1251 -0.5149 0.0752 -0.733 0.009 0.6229 0.273 -0.6946 0.2452 0.6566 -0.1619 -0.6666 0.1356 -0.7231 -0.1196
-0.7468 0.1128 0.6406 0.1383 -0.6909 0.3647 0.6142 0.1116 -0.7802 0.1766 0.5223 0.2957 -0.7256 -0.2656 0.6121 0.168 -0.6422 0.2589 0.7194 -0.0551 -0.6108 0.0284 0.7641 -0.2056 -0.8447 -0.1251 -0.5149 0.0752 -0.733 0.009 0.6229 0.273 -0.6946 0.2452 0.6566 -0.1619 -0.6666 0.1356 -0.7231 -0.1196
-0.7468 0.1128 0.6406 0.1383 -0.6909 0.3647 0.6142 0.1116 -0.7802 0.1766 0.5223 0.2957 -0.7256 -0.2656 0.6121 0.168 -0.6422 0.2589 0.7194 -0.0551 -0.6108 0.0284 0.7641 -0.2056 -0.8447 -0.1251 -0.5149 0.0752 -0.733 0.009 0.6229 0.273 -0.6946 0.2452 0.6566 -0.1619 -0.6666 0.1356 -0.7231 -0.1196
-0.7468 0.1128 0.6406 0.1383 -0.6909 0.3647 0.6142 0.1116 -0.7802 0.1766 0.5223 0.2957 -0.7256 -0.2656 0.6121 0.168 -0.6422 0.2589 0.7194 -0.0551 -0.6108 0.0284 0.7641 -0.2056 -0.8447 -0.1251 -0.5149 0.0752 -0.733 0.009 0.6229 0.273 -0.6946 0.2452 0.6566 -0.1619 -0.6666 0.1356 -0.7231 -0.1196
-0.7468 0.1128 0.6406 0.1383 -0.6909 0.3647 0.6142 0.1116 -0.7802 0.1766 0.5223 0.2957 -0.7256 -0.2656 0.6121 0.168 -0.6422 0.2589 0.7194 -0.0551 -0.6108 0.0284 0.7641 -0.2056 -0.8447 -0.1251 -0.5149 0.0752 -0.733 0.009 0.6229 0.273 -0.6946 0.2452 0.6566 -0.1619 -0.6666 0.1356 -0.7231 -0.1196
-0.7468 0.1128 0.6406 0.1383 -0.6909 0.3647 0.6142 0.1116 -0.7802 0.1766 0.5223 0.2957 -0.7256 -0.2656 0.6121 0.168 -0.6422 0.2589 0.7194 -0.0551 -0.6108 0.0284 0.7641 -0.2056 -0.8447 -0.1251 -0.5149 0.0752 -0.733 0.009 0.6229 0.273 -0.6946 0.2452 0.6566 -0.1619 -0.6666 0.1356 -0.7231 -0.1196
-0.7468 0.1128 0.6406 0.1383 -0.6909 0.3647 0.6142 0.1116 -0.7802 0.1766 0.5223 0.2957 -0.7256 -0.2656 0.6121 0.168 -0.6422 0.2589 0.7194 -0.0551 -0.7076 -0.1261 0.6945 -0.0331 -0.8447 -0.1251 -0.5149 0.0752 -0.733 0.009 0.6229 0.273 -0.6946 0.2452 0.6566 -0.1619 -0.6666 0.1356 -0.7231 -0.1196
-0.7468 0.1128 0.6406 0.1383 -0.6909 0.3647 0.6142 0.1116 -0.7802 0.1766 0.5223 0.2957 -0.7256 -0.2656 0.6121 0.168 -0.6422 0.2589 0.7194 -0.0551 -0.7076 -0.1261 0.6945 -0.0331 -0.8447 -0.1251 -0.5149 0.0752 -0.733 0.009 0.6229 0.273 -0.6946 0.2452 0.6566 -0.1619 -0.6666 0.1356 -0.7231 -0.1196
-0.7468 0.1128 0.6406 0.1383 -0.658 0.4286 0.6191 0.0059 -0.7802 0.1766 0.5223 0.2957 -0.7256 -0.2656 0.6121 0.168 -0.6422 0.2589 0.7194 -0.0551 -0.7076 -0.1261 0.6945 -0.0331 -0.9216 -0.1163 -0.3699 0.0158 -0.7079 -0.1029 0.5341 0.4507 -0.6804 0.3391 0.6377 -0.124 -0.6666 0.1356 -0.7231 -0.1196
-0.7468 0.1128 0.6406 0.1383 -0.658 0.4286 0.6191 0.0059 -0.7802 0.1766 0.5223 0.2957 -0.7256 -0.2656 0.6121 0.168 -0.6422 0.2589 0.7194 -0.0551 -0.7076 -0.1261 0.6945 -0.0331 -0.9216 -0.1163 -0.3699 0.0158 -0.7079 -0.1029 0.5341 0.4507 -0.6804 0.3391 0.6377 -0.124 -0.6666 0.1356 -0.7231 -0.1196
-0.7468 0.1128 0.6406 0.1383 -0.658 0.4286 0.6191 0.0059 -0.7802 0.1766 0.5223 0.2957 -0.7256 -0.2656 0.6121 0.168 -0.6422 0.2589 0.7194 -0.0551 -0.7076 -0.1261 0.6945 -0.0331 -0.9216 -0.1163 -0.3699 0.0158 -0.7079 -0.1029 0.5341 0.4507 -0.6804 0.3391 0.6377 -0.124 -0.6666 0.1356 -0.7231 -0.1196
-0.7468 0.1128 0.6406 0.1383 -0.658 0.4286 0.6191 0.0059 -0.7723 0.207 0.6001 0.0249 -0.7256 -0.2656 0.6121 0.168 -0.6422 0.2589 0.7194 -0.0551 -0.7076 -0.1261 0.6945 -0.0331 -0.9216 -0.1163 -0.3699 0.0158 -0.7079 -0.1029 0.5341 0.4507 -0.6804 0.3391 0.6377 -0.124 -0.9175 0.1677 -0.3607 9.0E-4
-0.7468 0.1128 0.6406 0.1383 -0.658 0.4286 0.6191 0.0059 -0.7723 0.207 0.6001 0.0249 -0.7256 -0.2656 0.6121 0.168 -0.6422 0.2589 0.7194 -0.0551 -0.7076 -0.1261 0.6945 -0.0331 -0.9216 -0.1163 -0.3699 0.0158 -0.7079 -0.1029 0.5341 0.4507 -0.6804 0.3391 0.6377 -0.124 -0.9175 0.1677 -0.3607 9.0E-4
-0.7966 0.1239 0.5916 0.0117 -0.658 0.4286 0.6191 0.0059 -0.7723 0.207 0.6001 0.0249 -0.7962 -0.1318 0.5697 -0.1555 -0.6422 0.2589 0.7194 -0.0551 -0.7076 -0.1261 0.6945 -0.0331 -0.9216 -0.1163 -0.3699 0.0158 -0.7079 -0.1029 0.5341 0.4507 -0.6804 0.3391 0.6377 -0.124 -0.9175 0.1677 -0.3607 9.0E-4
-0.7966 0.1239 0.5916 0.0117 -0.658 0.4286 0.6191 0.0059 -0.7723 0.207 0.6001 0.0249 -0.7962 -0.1318 0.5697 -0.1555 -0.6422 0.2589 0.7194 -0.0551 -0.7076 -0.1261 0.6945 -0.0331 -0.9216 -0.1163 -0.3699 0.0158 -0.7079 -0.1029 0.5341 0.4507 -0.6804 0.3391 0.6377 -0.124 -0.9175 0.1677 -0.3607 9.0E-4
-0.7966 0.1239 0.5916 0.0117 -0.6457 0.4593 0.6083 -0.0462 -0.7723 0.207 0.6001 0.0249 -0.7962 -0.1318 0.5697 -0.1555 -0.6422 0.2589 0.7194 -0.0551 -0.7076 -0.1261 0.6945 -0.0331 -0.9161 -0.0855 -0.3877 0.0557 -0.701 -0.1065 0.5037 0.4933 -0.6462 0.1468 0.7429 0.0952 -0.9175 0.1677 -0.3607 9.0E-4
-0.7966 0.1239 0.5916 0.0117 -0.6457 0.4593 0.6083 -0.0462 -0.7723 0.207 0.6001 0.0249 -0.7962 -0.1318 0.5697 -0.1555 -0.6422 0.2589 0.7194 -0.0551 -0.7076 -0.1261 0.6945 -0.0331 -0.9161 -0.0855 -0.3877 0.0557 -0.701 -0.1065 0.5037 0.4933 -0.6462 0.1468 0.7429 0.0952 -0.9175 0.1677 -0.3607 9.0E-4
-0.7966 0.1239 0.5916 0.0117 -0.6457 0.4593 0.6083 -0.0462 -0.7609 0.213 0.6127 0.0181 -0.7962 -0.1318 0.5697 -0.1555 -0.6422 0.2589 0.7194 -0.0551 -0.7076 -0.1261 0.6945 -0.0331 -0.9161 -0.0855 -0.3877 0.0557 -0.701 -0.1065 0.5037 0.4933 -0.6462 0.1468 0.7429 0.0952 -0.9175 0.1677 -0.3607 9.0E-4
-0.7966 0.1239 0.5916 0.0117 -0.6457 0.4593 0.6083 -0.0462 -0.7609 0.213 0.6127 0.0181 -0.7962 -0.1318 0.5697 -0.1555 -0.6422 0.2589 0.7194 -0.0551 -0.7076 -0.1261 0.6945 -0.0331 -0.9161 -0.0855 -0.3877 0.0557 -0.701 -0.1065 0.5037 0.4933 -0.6462 0.1468 0.7429 0.0952 -0.9566 0.2535 -0.1199 0.0793
-0.7966 0.1239 0.5916 0.0117 -0.6457 0.4593 0.6083 -0.0462 -0.7609 0.213 0.6127 0.0181 -0.7962 -0.1318 0.5697 -0.1555 -0.6422 0.2589 0.7194 -0.0551 -0.7076 -0.1261 0.6945 -0.0331 -0.9161 -0.0855 -0.3877 0.0557 -0.701 -0.1065 0.5037 0.4933 -0.6462 0.1468 0.7429 0.0952 -0.9566 0.2535 -0.1199 0.0793
-0.7919 0.1602 0.5889 0.0238 -0.6457 0.4593 0.6083 -0.0462 -0.7609 0.213 0.6127 0.0181 -0.7933 -0.105 0.5682 -0.1918 -0.6422 0.2589 0.7194 -0.0551 -0.7509 -0.2056 0.6174 0.1125 -0.9161 -0.0855 -0.3877 0.0557 -0.701 -0.1065 0.5037 0.4933 -0.6462 0.1468 0.7429 0.0952 -0.9566 0.2535 -0.1199 0.0793
-0.7919 0.1602 0.5889 0.0238 -0.6409 0.4843 0.5953 -0.0213 -0.7609 0.213 0.6127 0.0181 -0.7933 -0.105 0.5682 -0.1918 -0.6422 0.2589 0.7194 -0.0551 -0.7509 -0.2056 0.6174 0.1125 -0.9161 -0.0855 -0.3877 0.0557 -0.701 -0.1065 0.5037 0.4933 -0.6124 0.0168 0.769 0.1822 -0.9566 0.2535 -0.1199 0.0793
-0.7919 0.1602 0.5889 0.0238 -0.6409 0.4843 0.5953 -0.0213 -0.7609 0.213 0.6127 0.0181 -0.7933 -0.105 0.5682 -0.1918 -0.6422 0.2589 0.7194 -0.0551 -0.7509 -0.2056 0.6174 0.1125 -0.8416 -0.0906 -0.5257 0.0845 -0.7022 0.0146 0.5947 0.3912 -0.6124 0.0168 0.769 0.1822 -0.9566 0.2535 -0.1199 0.0793
-0.7919 0.1602 0.5889 0.0238 -0.6409 0.4843 0.5953 -0.0213 -0.7609 0.213 0.6127 0.0181 -0.7933 -0.105 0.5682 -0.1918 -0.6422 0.2589 0.7194 -0.0551 -0.7509 -0.2056 0.6174 0.1125 -0.8416 -0.0906 -0.5257 0.0845 -0.7022 0.0146 0.5947 0.3912 -0.6124 0.0168 0.769 0.1822 -0.9566 0.2535 -0.1199 0.0793
-0.7919 0.1602 0.5889 0.0238 -0.6409 0.4843 0.5953 -0.0213 -0.7609 0.213 0.6127 0.0181 -0.7933 -0.105 0.5682 -0.1918 -0.6422 0.2589 0.7194 -0.0551 -0.7509 -0.2056 0.6174 0.1125 -0.8416 -0.0906 -0.5257 0.0845 -0.7022 0.0146 0.5947 0.3912 -0.6124 0.0168 0.769 0.1822 -0.9566 0.2535 -0.1199 0.0793
-0.7919 0.1602 0.5889 0.0238 -0.6409 0.4843 0.5953 -0.0213 -0.7609 0.213 0.6127 0.0181 -0.7933 -0.105 0.5682 -0.1918 -0.6422 0.2589 0.7194 -0.0551 -0.7509 -0.2056 0.6174 0.1125 -0.8416 -0.0906 -0.5257 0.0845 -0.7022 0.0146 0.5947 0.3912 -0.6124 0.0168 0.769 0.1822 -0.9566 0.2535 -0.1199 0.0793
-0.7919 0.1602 0.5889 0.0238 -0.6409 0.4843 0.5953 -0.0213 -0.7537 0.1988 0.6261 0.02 -0.7933 -0.105 0.5682 -0.1918 -0.6553 0.0759 0.6678 0.3448 -0.7509 -0.2056 0.6174 0.1125 -0.8416 -0.0906 -0.5257 0.0845 -0.7022 0.0146 0.5947 0.3912 -0.6124 0.0168 0.769 0.1822 -0.9407 0.2509 -0.2281 0.0012
-0.7865 0.1567 0.5901 0.0925 -0.6409 0.4843 0.5953 -0.0213 -0.7537 0.1988 0.6261 0.02 -0.7816 -0.1216 0.5853 -0.1784 -0.6553 0.0759 0.6678 0.3448 -0.7816 -0.2763 0.519 0.2081 -0.8416 -0.0906 -0.5257 0.0845 -0.7022 0.0146 0.5947 0.3912 -0.6124 0.0168 0.769 0.1822 -0.9407 0.2509 -0.2281 0.0012
-0.7865 0.1567 0.5901 0.0925 -0.6409 0.4843 0.5953 -0.0213 -0.7537 0.1988 0.6261 0.02 -0.7816 -0.1216 0.5853 -0.1784 -0.6553 0.0759 0.6678 0.3448 -0.7816 -0.2763 0.519 0.2081 -0.8416 -0.0906 -0.5257 0.0845 -0.7022 0.0146 0.5947 0.3912 -0.6124 0.0168 0.769 0.1822 -0.9407 0.2509 -0.2281 0.0012
-0.7865 0.1567 0.5901 0.0925 -0.657 0.469 0.5881 0.0504 -0.7537 0.1988 0.6261 0.02 -0.7816 -0.1216 0.5853 -0.1784 -0.6553 0.0759 0.6678 0.3448 -0.7816 -0.2763 0.519 0.2081 -0.8416 -0.0906 -0.5257 0.0845 -0.678 0.0537 0.6467 0.3454 -0.6124 0.0168 0.769 0.1822 -0.9407 0.2509 -0.2281 0.0012
-0.7865 0.1567 0.5901 0.0925 -0.657 0.469 0.5881 0.0504 -0.7537 0.1988 0.6261 0.02 -0.7816 -0.1216 0.5853 -0.1784 -0.6553 0.0759 0.6678 0.3448 -0.7816 -0.2763 0.519 0.2081 -0.8416 -0.0906 -0.5257 0.0845 -0.678 0.0537 0.6467 0.3454 -0.6124 0.0168 0.769 0.1822 -0.9407 0.2509 -0.2281 0.0012
-0.7865 0.1567 0.5901 0.0925 -0.657 0.469 0.5881 0.0504 -0.7537 0.1988 0.6261 0.02 -0.7816 -0.1216 0.5853 -0.1784 -0.6553 0.0759 0.6678 0.3448 -0.7816 -0.2763 0.519 0.2081 -0.8416 -0.0906 -0.5257 0.0845 -0.678 0.0537 0.6467 0.3454 -0.6124 0.0168 0.769 0.1822 -0.9407 0.2509 -0.2281 0.0012
-0.7865 0.1567 0.5901 0.0925 -0.657 0.469 0.5881 0.0504 -0.7537 0.1988 0.6261 0.02 -0.7816 -0.1216 0.5853 -0.1784 -0.6553 0.0759 0.6678 0.3448 -0.7816 -0.2763 0.519 0.2081 -0.8416 -0.0906 -0.5257 0.0845 -0.678 0.0537 0.6467 0.3454 -0.6124 0.0168 0.769 0.1822 -0.9407 0.2509 -0.2281 0.0012
-0.7865 0.1567 0.5901 0.0925 -0.657 0.469 0.5881 0.0504 -0.7537 0.1988 0.6261 0.02 -0.7816 -0.1216 0.5853 -0.1784 -0.6553 0.0759 0.6678 0.3448 -0.7816 -0.2763 0.519 0.2081 -0.8416 -0.0906 -0.5257 0.0845 -0.678 0.0537 0.6467 0.3454 -0.6124 0.0168 0.769 0.1822 -0.9318 0.1516 -0.3297 -0.0134
-0.7919 0.0941 0.599 0.0726 -0.657 0.469 0.5881 0.0504 -0.7537 0.1988 0.6261 0.02 -0.7783 -0.1794 0.6008 -0.0338 -0.6553 0.0759 0.6678 0.3448 -0.737 -0.4639 0.3839 0.3069 -0.8416 -0.0906 -0.5257 0.0845 -0.678 0.0537 0.6467 0.3454 -0.6124 0.0168 0.769 0.1822 -0.9318 0.1516 -0.3297 -0.0134
-0.7919 0.0941 0.599 0.0726 -0.7088 0.3673 0.5934 0.1027 -0.7537 0.1988 0.6261 0.02 -0.7783 -0.1794 0.6008 -0.0338 -0.6553 0.0759 0.6678 0.3448 -0.737 -0.4639 0.3839 0.3069 -0.8416 -0.0906 -0.5257 0.0845 -0.678 0.0537 0.6467 0.3454 -0.6124 0.0168 0.769 0.1822 -0.9318 0.1516 -0.3297 -0.0134
-0.7919 0.0941 0.599 0.0726 -0.7088 0.3673 0.5934 0.1027 -0.7537 0.1988 0.6261 0.02 -0.7783 -0.1794 0.6008 -0.0338 -0.6553 0.0759 0.6678 0.3448 -0.737 -0.4639 0.3839 0.3069 -0.8416 -0.0906 -0.5257 0.0845 -0.678 0.0537 0.6467 0.3454 -0.6124 0.0168 0.769 0.1822 -0.9318 0.1516 -0.3297 -0.0134
-0.7919 0.0941 0.599 0.0726 -0.7088 0.3673 0.5934 0.1027 -0.7537 0.1988 0.6261 0.02 -0.7783 -0.1794 0.6008 -0.0338 -0.6553 0.0759 0.6678 0.3448 -0.737 -0.4639 0.3839 0.3069 -0.8416 -0.0906 -0.5257 0.0845 -0.678 0.0537 0.6467 0.3454 -0.6124 0.0168 0.769 0.1822 -0.9318 0.1516 -0.3297 -0.0134
-0.7919 0.0941 0.599 0.0726 -0.7088 0.3673 0.5934 0.1027 -0.7537 0.1988 0.6261 0.02 -0.7783 -0.1794 0.6008 -0.0338 -0.6553 0.0759 0.6678 0.3448 -0.737 -0.4639 0.3839 0.3069 -0.8416 -0.0906 -0.5257 0.0845 -0.678 0.0537 0.6467 0.3454 -0.6124 0.0168 0.769 0.1822 -0.9318 0.1516 -0.3297 -0.0134
-0.7919 0.0941 0.599 0.0726 -0.7088 0.3673 0.5934 0.1027 -0.7792 0.189 0.5455 0.244 -0.7783 -0.1794 0.6008 -0.0338 -0.692 0.2113 0.689 -0.0428 -0.737 -0.4639 0.3839 0.3069 -0.8416 -0.0906 -0.5257 0.0845 -0.678 0.0537 0.6467 0.3454 -0.6124 0.0168 0.769 0.1822 -0.918 0.1445 -0.3685 -0.0225
-0.7919 0.0941 0.599 0.0726 -0.7088 0.3673 0.5934 0.1027 -0.7792 0.189 0.5455 0.244 -0.7134 -0.3066 0.6019 0.1862 -0.692 0.2113 0.689 -0.0428 -0.737 -0.4639 0.3839 0.3069 -0.8416 -0.0906 -0.5257 0.0845 -0.678 0.0537 0.6467 0.3454 -0.6124 0.0168 0.769 0.1822 -0.918 0.1445 -0.3685 -0.0225
-0.7766 0.1176 0.6077 0.1174 -0.7088 0.3673 0.5934 0.1027 -0.7792 0.189 0.5455 0.244 -0.7134 -0.3066 0.6019 0.1862 -0.692 0.2113 0.689 -0.0428 -0.737 -0.4639 0.3839 0.3069 -0.8416 -0.0906 -0.5257 0.0845 -0.678 0.0537 0.6467 0.3454 -0.6124 0.0168 0.769 0.1822 -0.918 0.1445 -0.3685 -0.0225
-0.7766 0.1176 0.6077 0.1174 -0.7088 0.3673 0.5934 0.1027 -0.7792 0.189 0.5455 0.244 -0.7134 -0.3066 0.6019 0.1862 -0.692 0.2113 0.689 -0.0428 -0.737 -0.4639 0.3839 0.3069 -0.8416 -0.0906 -0.5257 0.0845 -0.678 0.0537 0.6467 0.3454 -0.6124 0.0168 0.769 0.1822 -0.918 0.1445 -0.3685 -0.0225
-0.7766 0.1176 0.6077 0.1174 -0.7088 0.3673 0.5934 0.1027 -0.7792 0.189 0.5455 0.244 -0.7134 -0.3066 0.6019 0.1862 -0.692 0.2113 0.689 -0.0428 -0.737 -0.4639 0.3839 0.3069 -0.8416 -0.0906 -0.5257 0.0845 -0.6511 0.1379 0.7389 0.1059 -0.6124 0.0168 0.769 0.1822 -0.918 0.1445 -0.3685 -0.0225
-0.7766 0.1176 0.6077 0.1174 -0.7088 0.3673 0.5934 0.1027 -0.7792 0.189 0.5455 0.244 -0.7134 -0.3066 0.6019 0.1862 -0.692 0.2113 0.689 -0.0428 -0.737 -0.4639 0.3839 0.3069 -0.8416 -0.0906 -0.5257 0.0845 -0.6511 0.1379 0.7389 0.1059 -0.6124 0.0168 0.769 0.1822 -0.918 0.1445 -0.3685 -0.0225
-0.7766 0.1176 0.6077 0.1174 -0.7088 0.3673 0.5934 0.1027 -0.7792 0.189 0.5455 0.244 -0.7134 -0.3066 0.6019 0.1862 -0.692 0.2113 0.689 -0.0428 -0.737 -0.4639 0.3839 0.3069 -0.8416 -0.0906 -0.5257 0.0845 -0.6511 0.1379 0.7389 0.1059 -0.6124 0.0168 0.769 0.1822 -0.918 0.1445 -0.3685 -0.0225
-0.7766 0.1176 0.6077 0.1174 -0.7088 0.3673 0.5934 0.1027 -0.7792 0.189 0.5455 0.244 -0.7134 -0.3066 0.6019 0.1862 -0.668 0.2869 0.6613 -0.1847 -0.737 -0.4639 0.3839 0.3069 -0.8416 -0.0906 -0.5257 0.0845 -0.6511 0.1379 0.7389 0.1059 -0.6124 0.0168 0.769 0.1822 -0.918 0.1445 -0.3685 -0.0225
-0.7766 0.1176 0.6077 0.1174 -0.7088 0.3673 0.5934 0.1027 -0.7792 0.189 0.5455 0.244 -0.7134 -0.3066 0.6019 0.1862 -0.668 0.2869 0.6613 -0.1847 -0.737 -0.4639 0.3839 0.3069 -0.8416 -0.0906 -0.5257 0.0845 -0.6511 0.1379 0.7389 0.1059 -0.6124 0.0168 0.769 0.1822 -0.918 0.1445 -0.3685 -0.0225
-0.7766 0.1176 0.6077 0.1174 -0.7088 0.3673 0.5934 0.1027 -0.7792 0.189 0.5455 0.244 -0.629 -0.395 0.5724 0.3473 -0.668 0.2869 0.6613 -0.1847 -0.737 -0.4639 0.3839 0.3069 -0.8416 -0.0906 -0.5257 0.0845 -0.6511 0.1379 0.7389 0.1059 -0.6124 0.0168 0.769 0.1822 -0.8907 0.1392 -0.4285 -0.0599
-0.7766 0.1176 0.6077 0.1174 -0.689 0.4145 0.566 0.1821 -0.7792 0.189 0.5455 0.244 -0.629 -0.395 0.5724 0.3473 -0.668 0.2869 0.6613 -0.1847 -0.737 -0.4639 0.3839 0.3069 -0.8416 -0.0906 -0.5257 0.0845 -0.6511 0.1379 0.7389 0.1059 -0.6124 0.0168 0.769 0.1822 -0.8907 0.1392 -0.4285 -0.0599
-0.7766 0.1176 0.6077 0.1174 -0.689 0.4145 0.566 0.1821 -0.7792 0.189 0.5455 0.244 -0.629 -0.395 0.5724 0.3473 -0.668 0.2869 0.6613 -0.1847 -0.737 -0.4639 0.3839 0.3069 -0.8416 -0.0906 -0.5257 0.0845 -0.6416 0.1827 0.7445 0.0258 -0.6124 0.0168 0.769 0.1822 -0.8907 0.1392 -0.4285 -0.0599
-0.7766 0.1176 0.6077 0.1174 -0.689 0.4145 0.566 0.1821 -0.7792 0.189 0.5455 0.244 -0.629 -0.395 0.5724 0.3473 -0.668 0.2869 0.6613 -0.1847 -0.737 -0.4639 0.3839 0.3069 -0.8416 -0.0906 -0.5257 0.0845 -0.6416 0.1827 0.7445 0.0258 -0.6124 0.0168 0.769 0.1822 -0.8907 0.1392 -0.4285 -0.0599
-0.7766 0.1176 0.6077 0.1174 -0.689 0.4145 0.566 0.1821 -0.7792 0.189 0.5455 0.244 -0.629 -0.395 0.5724 0.3473 -0.668 0.2869 0.6613 -0.1847 -0.737 -0.4639 0.3839 0.3069 -0.8416 -0.0906 -0.5257 0.0845 -0.6416 0.1827 0.7445 0.0258 -0.6124 0.0168 0.769 0.1822 -0.8907 0.1392 -0.4285 -0.0599
-0.7766 0.1176 0.6077 0.1174 -0.689 0.4145 0.566 0.1821 -0.7975 0.1468 0.4733 0.3442 -0.629 -0.395 0.5724 0.3473 -0.6694 0.252 0.6845 -0.1407 -0.737 -0.4639 0.3839 0.3069 -0.8416 -0.0906 -0.5257 0.0845 -0.6416 0.1827 0.7445 0.0258 -0.6124 0.0168 0.769 0.1822 -0.8453 0.1208 -0.5134 -0.085
-0.7766 0.1176 0.6077 0.1174 -0.689 0.4145 0.566 0.1821 -0.7975 0.1468 0.4733 0.3442 -0.629 -0.395 0.5724 0.3473 -0.6694 0.252 0.6845 -0.1407 -0.737 -0.4639 0.3839 0.3069 -0.8416 -0.0906 -0.5257 0.0845 -0.6416 0.1827 0.7445 0.0258 -0.6124 0.0168 0.769 0.1822 -0.8453 0.1208 -0.5134 -0.085
-0.7766 0.1176 0.6077 0.1174 -0.689 0.4145 0.566 0.1821 -0.7975 0.1468 0.4733 0.3442 -0.629 -0.395 0.5724 0.3473 -0.6694 0.252 0.6845 -0.1407 -0.737 -0.4639 0.3839 0.3069 -0.8416 -0.0906 -0.5257 0.0845 -0.6416 0.1827 0.7445 0.0258 -0.6124 0.0168 0.769 0.1822 -0.8453 0.1208 -0.5134 -0.085
-0.7766 0.1176 0.6077 0.1174 -0.689 0.4145 0.566 0.1821 -0.7975 0.1468 0.4733 0.3442 -0.589 -0.4171 0.5641 0.4011 -0.6694 0.252 0.6845 -0.1407 -0.6384 -0.0184 0.7418 -0.2047 -0.8416 -0.0906 -0.5257 0.0845 -0.6416 0.1827 0.7445 0.0258 -0.6124 0.0168 0.769 0.1822 -0.8453 0.1208 -0.5134 -0.085
-0.7766 0.1176 0.6077 0.1174 -0.6811 0.4306 0.5601 0.1926 -0.7975 0.1468 0.4733 0.3442 -0.589 -0.4171 0.5641 0.4011 -0.6694 0.252 0.6845 -0.1407 -0.6384 -0.0184 0.7418 -0.2047 -0.8416 -0.0906 -0.5257 0.0845 -0.6416 0.1827 0.7445 0.0258 -0.6818 0.2763 0.6589 -0.1573 -0.8453 0.1208 -0.5134 -0.085
-0.7766 0.1176 0.6077 0.1174 -0.6811 0.4306 0.5601 0.1926 -0.7975 0.1468 0.4733 0.3442 -0.589 -0.4171 0.5641 0.4011 -0.6694 0.252 0.6845 -0.1407 -0.6384 -0.0184 0.7418 -0.2047 -0.8416 -0.0906 -0.5257 0.0845 -0.6416 0.1827 0.7445 0.0258 -0.6818 0.2763 0.6589 -0.1573 -0.8453 0.1208 -0.5134 -0.085
-0.7766 0.1176 0.6077 0.1174 -0.6811 0.4306 0.5601 0.1926 -0.8021 0.1417 0.5075 0.2811 -0.589 -0.4171 0.5641 0.4011 -0.6694 0.252 0.6845 -0.1407 -0.6384 -0.0184 0.7418 -0.2047 -0.8416 -0.0906 -0.5257 0.0845 -0.6416 0.1827 0.7445 0.0258 -0.6818 0.2763 0.6589 -0.1573 -0.8453 0.1208 -0.5134 -0.085
-0.7766 0.1176 0.6077 0.1174 -0.6811 0.4306 0.5601 0.1926 -0.8021 0.1417 0.5075 0.2811 -0.589 -0.4171 0.5641 0.4011 -0.6694 0.252 0.6845 -0.1407 -0.6384 -0.0184 0.7418 -0.2047 -0.8416 -0.0906 -0.5257 0.0845 -0.6416 0.1827 0.7445 0.0258 -0.6818 0.2763 0.6589 -0.1573 -0.588 0.1374 -0.7874 -0.1241
-0.7766 0.1176 0.6077 0.1174 -0.6811 0.4306 0.5601 0.1926 -0.8021 0.1417 0.5075 0.2811 -0.589 -0.4171 0.5641 0.4011 -0.6694 0.252 0.6845 -0.1407 -0.6384 -0.0184 0.7418 -0.2047 -0.8416 -0.0906 -0.5257 0.0845 -0.6416 0.1827 0.7445 0.0258 -0.6818 0.2763 0.6589 -0.1573 -0.588 0.1374 -0.7874 -0.1241
-0.77 0.151 0.6078 0.1221 -0.6811 0.4306 0.5601 0.1926 -0.8021 0.1417 0.5075 0.2811 -0.6615 -0.3453 0.5953 0.298 -0.6694 0.252 0.6845 -0.1407 -0.6695 -0.2011 0.6853 -0.2043 -0.8416 -0.0906 -0.5257 0.0845 -0.6416 0.1827 0.7445 0.0258 -0.6818 0.2763 0.6589 -0.1573 -0.588 0.1374 -0.7874 -0.1241
-0.77 0.151 0.6078 0.1221 -0.6796 0.4261 0.569 0.1812 -0.8021 0.1417 0.5075 0.2811 -0.6615 -0.3453 0.5953 0.298 -0.6694 0.252 0.6845 -0.1407 -0.6695 -0.2011 0.6853 -0.2043 -0.8416 -0.0906 -0.5257 0.0845 -0.6416 0.1827 0.7445 0.0258 -0.6692 0.3915 0.5517 -0.3074 -0.588 0.1374 -0.7874 -0.1241
-0.77 0.151 0.6078 0.1221 -0.6796 0.4261 0.569 0.1812 -0.8021 0.1417 0.5075 0.2811 -0.6615 -0.3453 0.5953 0.298 -0.6694 0.252 0.6845 -0.1407 -0.6695 -0.2011 0.6853 -0.2043 -0.8416 -0.0906 -0.5257 0.0845 -0.725 0.092 0.6805 0.0532 -0.6692 0.3915 0.5517 -0.3074 -0.588 0.1374 -0.7874 -0.1241
-0.77 0.151 0.6078 0.1221 -0.6796 0.4261 0.569 0.1812 -0.8021 0.1417 0.5075 0.2811 -0.6615 -0.3453 0.5953 0.298 -0.6694 0.252 0.6845 -0.1407 -0.6695 -0.2011 0.6853 -0.2043 -0.8416 -0.0906 -0.5257 0.0845 -0.725 0.092 0.6805 0.0532 -0.6692 0.3915 0.5517 -0.3074 -0.588 0.1374 -0.7874 -0.1241
-0.77 0.151 0.6078 0.1221 -0.6796 0.4261 0.569 0.1812 -0.8021 0.1417 0.5075 0.2811 -0.6615 -0.3453 0.5953 0.298 -0.6694 0.252 0.6845 -0.1407 -0.6695 -0.2011 0.6853 -0.2043 -0.8416 -0.0906 -0.5257 0.0845 -0.725 0.092 0.6805 0.0532 -0.6692 0.3915 0.5517 -0.3074 -0.588 0.1374 -0.7874 -0.1241
-0.77 0.151 0.6078 0.1221 -0.6796 0.4261 0.569 0.1812 -0.8021 0.1417 0.5075 0.2811 -0.6615 -0.3453 0.5953 0.298 -0.6694 0.252 0.6845 -0.1407 -0.6695 -0.2011 0.6853 -0.2043 -0.8416 -0.0906 -0.5257 0.0845 -0.725 0.092 0.6805 0.0532 -0.6692 0.3915 0.5517 -0.3074 -0.588 0.1374 -0.7874 -0.1241
-0.77 0.151 0.6078 0.1221 -0.6796 0.4261 0.569 0.1812 -0.8021 0.1417 0.5075 0.2811 -0.7681 -0.2067 0.606 4.0E-4 -0.6601 0.1702 0.7269 -0.0837 -0.6695 -0.2011 0.6853 -0.2043 -0.8416 -0.0906 -0.5257 0.0845 -0.725 0.092 0.6805 0.0532 -0.6692 0.3915 0.5517 -0.3074 -0.5638 0.0331 -0.7873 -0.2474
-0.7831 0.0869 0.6141 0.0446 -0.6796 0.4261 0.569 0.1812 -0.8021 0.1417 0.5075 0.2811 -0.7681 -0.2067 0.606 4.0E-4 -0.6601 0.1702 0.7269 -0.0837 -0.7 -0.2123 0.6686 -0.1337 -0.8416 -0.0906 -0.5257 0.0845 -0.725 0.092 0.6805 0.0532 -0.6692 0.3915 0.5517 -0.3074 -0.5638 0.0331 -0.7873 -0.2474
-0.7831 0.0869 0.6141 0.0446 -0.6796 0.4261 0.569 0.1812 -0.8021 0.1417 0.5075 0.2811 -0.7681 -0.2067 0.606 4.0E-4 -0.6601 0.1702 0.7269 -0.0837 -0.7 -0.2123 0.6686 -0.1337 -0.8416 -0.0906 -0.5257 0.0845 -0.725 0.092 0.6805 0.0532 -0.6692 0.3915 0.5517 -0.3074 -0.5638 0.0331 -0.7873 -0.2474
-0.7831 0.0869 0.6141 0.0446 -0.6915 0.3853 0.6071 0.0686 -0.8021 0.1417 0.5075 0.2811 -0.7681 -0.2067 0.606 4.0E-4 -0.6601 0.1702 0.7269 -0.0837 -0.7 -0.2123 0.6686 -0.1337 -0.9324 -0.0742 -0.3531 -0.0186 -0.7282 -0.0253 0.6173 0.2967 -0.6692 0.3915 0.5517 -0.3074 -0.5638 0.0331 -0.7873 -0.2474
-0.7831 0.0869 0.6141 0.0446 -0.6915 0.3853 0.6071 0.0686 -0.8021 0.1417 0.5075 0.2811 -0.7681 -0.2067 0.606 4.0E-4 -0.6601 0.1702 0.7269 -0.0837 -0.7 -0.2123 0.6686 -0.1337 -0.9324 -0.0742 -0.3531 -0.0186 -0.7282 -0.0253 0.6173 0.2967 -0.6692 0.3915 0.5517 -0.3074 -0.5638 0.0331 -0.7873 -0.2474
-0.7831 0.0869 0.6141 0.0446 -0.6915 0.3853 0.6071 0.0686 -0.8021 0.1417 0.5075 0.2811 -0.7681 -0.2067 0.606 4.0E-4 -0.6601 0.1702 0.7269 -0.0837 -0.7 -0.2123 0.6686 -0.1337 -0.9324 -0.0742 -0.3531 -0.0186 -0.7282 -0.0253 0.6173 0.2967 -0.6692 0.3915 0.5517 -0.3074 -0.5638 0.0331 -0.7873 -0.2474
-0.7831 0.0869 0.6141 0.0446 -0.6915 0.3853 0.6071 0.0686 -0.7717 0.1436 0.6163 0.0628 -0.7681 -0.2067 0.606 4.0E-4 -0.6692 0.0979 0.7354 0.0422 -0.7 -0.2123 0.6686 -0.1337 -0.9324 -0.0742 -0.3531 -0.0186 -0.7282 -0.0253 0.6173 0.2967 -0.6692 0.3915 0.5517 -0.3074 -0.8274 0.1153 -0.5431 -0.0847
-0.7831 0.0869 0.6141 0.0446 -0.6915 0.3853 0.6071 0.0686 -0.7717 0.1436 0.6163 0.0628 -0.7681 -0.2067 0.606 4.0E-4 -0.6692 0.0979 0.7354 0.0422 -0.7 -0.2123 0.6686 -0.1337 -0.9324 -0.0742 -0.3531 -0.0186 -0.7282 -0.0253 0.6173 0.2967 -0.6692 0.3915 0.5517 -0.3074 -0.8274 0.1153 -0.5431 -0.0847
-0.8055 0.0606 0.5875 0.0466 -0.6915 0.3853 0.6071 0.0686 -0.7717 0.1436 0.6163 0.0628 -0.7827 -0.1464 0.5645 -0.2177 -0.6692 0.0979 0.7354 0.0422 -0.7114 -0.1885 0.6718 -0.0849 -0.9324 -0.0742 -0.3531 -0.0186 -0.7282 -0.0253 0.6173 0.2967 -0.6692 0.3915 0.5517 -0.3074 -0.8274 0.1153 -0.5431 -0.0847
-0.8055 0.0606 0.5875 0.0466 -0.6619 0.4149 0.6237 -0.0277 -0.7717 0.1436 0.6163 0.0628 -0.7827 -0.1464 0.5645 -0.2177 -0.6692 0.0979 0.7354 0.0422 -0.7114 -0.1885 0.6718 -0.0849 -0.9324 -0.0742 -0.3531 -0.0186 -0.7282 -0.0253 0.6173 0.2967 -0.6692 0.3915 0.5517 -0.3074 -0.8274 0.1153 -0.5431 -0.0847
-0.8055 0.0606 0.5875 0.0466 -0.6619 0.4149 0.6237 -0.0277 -0.7717 0.1436 0.6163 0.0628 -0.7827 -0.1464 0.5645 -0.2177 -0.6692 0.0979 0.7354 0.0422 -0.7114 -0.1885 0.6718 -0.0849 -0.9324 -0.0742 -0.3531 -0.0186 -0.7282 -0.0253 0.6173 0.2967 -0.6692 0.3915 0.5517 -0.3074 -0.8274 0.1153 -0.5431 -0.0847
-0.8055 0.0606 0.5875 0.0466 -0.6619 0.4149 0.6237 -0.0277 -0.7717 0.1436 0.6163 0.0628 -0.7827 -0.1464 0.5645 -0.2177 -0.6692 0.0979 0.7354 0.0422 -0.7114 -0.1885 0.6718 -0.0849 -0.9324 -0.0742 -0.3531 -0.0186 -0.7282 -0.0253 0.6173 0.2967 -0.6692 0.3915 0.5517 -0.3074 -0.8274 0.1153 -0.5431 -0.0847
-0.8055 0.0606 0.5875 0.0466 -0.6619 0.4149 0.6237 -0.0277 -0.7717 0.1436 0.6163 0.0628 -0.7827 -0.1464 0.5645 -0.2177 -0.6692 0.0979 0.7354 0.0422 -0.7114 -0.1885 0.6718 -0.0849 -0.9324 -0.0742 -0.3531 -0.0186 -0.7282 -0.0253 0.6173 0.2967 -0.6692 0.3915 0.5517 -0.3074 -0.8274 0.1153 -0.5431 -0.0847
-0.8055 0.0606 0.5875 0.0466 -0.6619 0.4149 0.6237 -0.0277 -0.7378 0.2117 0.6393 -0.0461 -0.7827 -0.1464 0.5645 -0.2177 -0.6617 0.04 0.7377 0.128 -0.7114 -0.1885 0.6718 -0.0849 -0.9324 -0.0742 -0.3531 -0.0186 -0.7282 -0.0253 0.6173 0.2967 -0.6692 0.3915 0.5517 -0.3074 -0.9417 0.188 -0.2788 -0.0085
-0.8055 0.0606 0.5875 0.0466 -0.6619 0.4149 0.6237 -0.0277 -0.7378 0.2117 0.6393 -0.0461 -0.7827 -0.1464 0.5645 -0.2177 -0.6617 0.04 0.7377 0.128 -0.7114 -0.1885 0.6718 -0.0849 -0.9324 -0.0742 -0.3531 -0.0186 -0.7282 -0.0253 0.6173 0.2967 -0.6692 0.3915 0.5517 -0.3074 -0.9417 0.188 -0.2788 -0.0085
-0.8151 0.0611 0.5751 0.0341 -0.6619 0.4149 0.6237 -0.0277 -0.7378 0.2117 0.6393 -0.0461 -0.7816 -0.0851 0.5509 -0.28 -0.6617 0.04 0.7377 0.128 -0.7334 -0.2064 0.6475 -0.0175 -0.9324 -0.0742 -0.3531 -0.0186 -0.7282 -0.0253 0.6173 0.2967 -0.6692 0.3915 0.5517 -0.3074 -0.9417 0.188 -0.2788 -0.0085
-0.8151 0.0611 0.5751 0.0341 -0.6476 0.441 0.6188 -0.0566 -0.7378 0.2117 0.6393 -0.0461 -0.7816 -0.0851 0.5509 -0.28 -0.6617 0.04 0.7377 0.128 -0.7334 -0.2064 0.6475 -0.0175 -0.9324 -0.0742 -0.3531 -0.0186 -0.7282 -0.0253 0.6173 0.2967 -0.6692 0.3915 0.5517 -0.3074 -0.9417 0.188 -0.2788 -0.0085
-0.8151 0.0611 0.5751 0.0341 -0.6476 0.441 0.6188 -0.0566 -0.7378 0.2117 0.6393 -0.0461 -0.7816 -0.0851 0.5509 -0.28 -0.6617 0.04 0.7377 0.128 -0.7334 -0.2064 0.6475 -0.0175 -0.9324 -0.0742 -0.3531 -0.0186 -0.7282 -0.0253 0.6173 0.2967 -0.6692 0.3915 0.5517 -0.3074 -0.9417 0.188 -0.2788 -0.0085
-0.8151 0.0611 0.5751 0.0341 -0.6476 0.441 0.6188 -0.0566 -0.7378 0.2117 0.6393 -0.0461 -0.7816 -0.0851 0.5509 -0.28 -0.6617 0.04 0.7377 0.128 -0.7334 -0.2064 0.6475 -0.0175 -0.9324 -0.0742 -0.3531 -0.0186 -0.7282 -0.0253 0.6173 0.2967 -0.6692 0.3915 0.5517 -0.3074 -0.9417 0.188 -0.2788 -0.0085
-0.8151 0.0611 0.5751 0.0341 -0.6476 0.441 0.6188 -0.0566 -0.7378 0.2117 0.6393 -0.0461 -0.7816 -0.0851 0.5509 -0.28 -0.6617 0.04 0.7377 0.128 -0.7334 -0.2064 0.6475 -0.0175 -0.9324 -0.0742 -0.3531 -0.0186 -0.7282 -0.0253 0.6173 0.2967 -0.6692 0.3915 0.5517 -0.3074 -0.9417 0.188 -0.2788 -0.0085
-0.8151 0.0611 0.5751 0.0341 -0.6476 0.441 0.6188 -0.0566 -0.7308 0.2023 0.6443 -0.0999 -0.7816 -0.0851 0.5509 -0.28 -0.6663 0.0646 0.7032 0.2396 -0.7334 -0.2064 0.6475 -0.0175 -0.9324 -0.0742 -0.3531 -0.0186 -0.7282 -0.0253 0.6173 0.2967 -0.6692 0.3915 0.5517 -0.3074 -0.9615 0.2582 -0.0662 0.0668
-0.8151 0.0611 0.5751 0.0341 -0.6476 0.441 0.6188 -0.0566 -0.7308 0.2023 0.6443 -0.0999 -0.7816 -0.0851 0.5509 -0.28 -0.6663 0.0646 0.7032 0.2396 -0.7334 -0.2064 0.6475 -0.0175 -0.9324 -0.0742 -0.3531 -0.0186 -0.7282 -0.0253 0.6173 0.2967 -0.6692 0.3915 0.5517 -0.3074 -0.9615 0.2582 -0.0662 0.0668
-0.8158 0.0766 0.5717 0.0417 -0.6476 0.441 0.6188 -0.0566 -0.7308 0.2023 0.6443 -0.0999 -0.7678 -0.1082 0.5453 -0.3185 -0.6663 0.0646 0.7032 0.2396 -0.764 -0.2532 0.5889 0.0733 -0.9324 -0.0742 -0.3531 -0.0186 -0.7282 -0.0253 0.6173 0.2967 -0.6692 0.3915 0.5517 -0.3074 -0.9615 0.2582 -0.0662 0.0668
-0.8158 0.0766 0.5717 0.0417 -0.6476 0.441 0.6188 -0.0566 -0.7308 0.2023 0.6443 -0.0999 -0.7678 -0.1082 0.5453 -0.3185 -0.6663 0.0646 0.7032 0.2396 -0.764 -0.2532 0.5889 0.0733 -0.9324 -0.0742 -0.3531 -0.0186 -0.7282 -0.0253 0.6173 0.2967 -0.6692 0.3915 0.5517 -0.3074 -0.9615 0.2582 -0.0662 0.0668
-0.8158 0.0766 0.5717 0.0417 -0.6476 0.441 0.6188 -0.0566 -0.7308 0.2023 0.6443 -0.0999 -0.7678 -0.1082 0.5453 -0.3185 -0.6663 0.0646 0.7032 0.2396 -0.764 -0.2532 0.5889 0.0733 -0.9324 -0.0742 -0.3531 -0.0186 -0.7282 -0.0253 0.6173 0.2967 -0.6692 0.3915 0.5517 -0.3074 -0.9615 0.2582 -0.0662 0.0668
-0.8158 0.0766 0.5717 0.0417 -0.6476 0.441 0.6188 -0.0566 -0.7308 0.2023 0.6443 -0.0999 -0.7678 -0.1082 0.5453 -0.3185 -0.6663 0.0646 0.7032 0.2396 -0.764 -0.2532 0.5889 0.0733 -0.9324 -0.0742 -0.3531 -0.0186 -0.7282 -0.0253 0.6173 0.2967 -0.6692 0.3915 0.5517 -0.3074 -0.9615 0.2582 -0.0662 0.0668
-0.8158 0.0766 0.5717 0.0417 -0.6476 0.441 0.6188 -0.0566 -0.7308 0.2023 0.6443 -0.0999 -0.7678 -0.1082 0.5453 -0.3185 -0.6663 0.0646 0.7032 0.2396 -0.764 -0.2532 0.5889 0.0733 -0.9324 -0.0742 -0.3531 -0.0186 -0.7282 -0.0253 0.6173 0.2967 -0.6692 0.3915 0.5517 -0.3074 -0.9615 0.2582 -0.0662 0.0668
-0.8158 0.0766 0.5717 0.0417 -0.6476 0.441 0.6188 -0.0566 -0.7308 0.2023 0.6443 -0.0999 -0.7678 -0.1082 0.5453 -0.3185 -0.6917 0.0777 0.6644 0.2723 -0.764 -0.2532 0.5889 0.0733 -0.9324 -0.0742 -0.3531 -0.0186 -0.7282 -0.0253 0.6173 0.2967 -0.6692 0.3915 0.5517 -0.3074 -0.9615 0.2582 -0.0662 0.0668
-0.797 0.0622 0.5893 0.1171 -0.6476 0.441 0.6188 -0.0566 -0.7308 0.2023 0.6443 -0.0999 -0.7721 -0.1119 0.5737 -0.2494 -0.6917 0.0777 0.6644 0.2723 -0.764 -0.2532 0.5889 0.0733 -0.9324 -0.0742 -0.3531 -0.0186 -0.7282 -0.0253 0.6173 0.2967 -0.6692 0.3915 0.5517 -0.3074 -0.9338 0.2192 -0.2813 -0.0294
-0.797 0.0622 0.5893 0.1171 -0.6476 0.441 0.6188 -0.0566 -0.7308 0.2023 0.6443 -0.0999 -0.7721 -0.1119 0.5737 -0.2494 -0.6917 0.0777 0.6644 0.2723 -0.764 -0.2532 0.5889 0.0733 -0.9324 -0.0742 -0.3531 -0.0186 -0.7282 -0.0253 0.6173 0.2967 -0.6692 0.3915 0.5517 -0.3074 -0.9338 0.2192 -0.2813 -0.0294
-0.797 0.0622 0.5893 0.1171 -0.6873 0.3953 0.6019 0.0953 -0.7308 0.2023 0.6443 -0.0999 -0.7721 -0.1119 0.5737 -0.2494 -0.6917 0.0777 0.6644 0.2723 -0.764 -0.2532 0.5889 0.0733 -0.9324 -0.0742 -0.3531 -0.0186 -0.7282 -0.0253 0.6173 0.2967 -0.6692 0.3915 0.5517 -0.3074 -0.9338 0.2192 -0.2813 -0.0294
-0.797 0.0622 0.5893 0.1171 -0.6873 0.3953 0.6019 0.0953 -0.7308 0.2023 0.6443 -0.0999 -0.7721 -0.1119 0.5737 -0.2494 -0.6917 0.0777 0.6644 0.2723 -0.764 -0.2532 0.5889 0.0733 -0.4933 -0.0593 -0.8412 0.2135 -0.6912 0.0231 0.656 0.3023 -0.6293 0.1697 0.7406 0.1631 -0.9338 0.2192 -0.2813 -0.0294
-0.797 0.0622 0.5893 0.1171 -0.6873 0.3953 0.6019 0.0953 -0.7308 0.2023 0.6443 -0.0999 -0.7721 -0.1119 0.5737 -0.2494 -0.6917 0.0777 0.6644 0.2723 -0.764 -0.2532 0.5889 0.0733 -0.4933 -0.0593 -0.8412 0.2135 -0.6912 0.0231 0.656 0.3023 -0.6293 0.1697 0.7406 0.1631 -0.9338 0.2192 -0.2813 -0.0294
-0.797 0.0622 0.5893 0.1171 -0.6873 0.3953 0.6019 0.0953 -0.7562 0.215 0.6107 0.0949 -0.7721 -0.1119 0.5737 -0.2494 -0.6917 0.0777 0.6644 0.2723 -0.764 -0.2532 0.5889 0.0733 -0.4933 -0.0593 -0.8412 0.2135 -0.6912 0.0231 0.656 0.3023 -0.6293 0.1697 0.7406 0.1631 -0.9338 0.2192 -0.2813 -0.0294
-0.797 0.0622 0.5893 0.1171 -0.6873 0.3953 0.6019 0.0953 -0.7562 0.215 0.6107 0.0949 -0.7721 -0.1119 0.5737 -0.2494 -0.716 0.1805 0.6679 0.0931 -0.764 -0.2532 0.5889 0.0733 -0.4933 -0.0593 -0.8412 0.2135 -0.6912 0.0231 0.656 0.3023 -0.6293 0.1697 0.7406 0.1631 -0.9246 0.1702 -0.3403 -0.0154
-0.797 0.0622 0.5893 0.1171 -0.6873 0.3953 0.6019 0.0953 -0.7562 0.215 0.6107 0.0949 -0.7721 -0.1119 0.5737 -0.2494 -0.716 0.1805 0.6679 0.0931 -0.764 -0.2532 0.5889 0.0733 -0.4933 -0.0593 -0.8412 0.2135 -0.6912 0.0231 0.656 0.3023 -0.6293 0.1697 0.7406 0.1631 -0.9246 0.1702 -0.3403 -0.0154
-0.797 0.0622 0.5893 0.1171 -0.6873 0.3953 0.6019 0.0953 -0.7562 0.215 0.6107 0.0949 -0.7721 -0.1119 0.5737 -0.2494 -0.716 0.1805 0.6679 0.0931 -0.764 -0.2532 0.5889 0.0733 -0.4933 -0.0593 -0.8412 0.2135 -0.6912 0.0231 0.656 0.3023 -0.6293 0.1697 0.7406 0.1631 -0.9246 0.1702 -0.3403 -0.0154
-0.797 0.0622 0.5893 0.1171 -0.7152 0.3566 0.5845 0.1403 -0.7562 0.215 0.6107 0.0949 -0.7721 -0.1119 0.5737 -0.2494 -0.716 0.1805 0.6679 0.0931 -0.7637 -0.4248 0.3546 0.3325 -0.4933 -0.0593 -0.8412 0.2135 -0.6912 0.0231 0.656 0.3023 -0.6293 0.1697 0.7406 0.1631 -0.9246 0.1702 -0.3403 -0.0154
-0.797 0.0622 0.5893 0.1171 -0.7152 0.3566 0.5845 0.1403 -0.7562 0.215 0.6107 0.0949 -0.7721 -0.1119 0.5737 -0.2494 -0.716 0.1805 0.6679 0.0931 -0.7637 -0.4248 0.3546 0.3325 -0.4933 -0.0593 -0.8412 0.2135 -0.6912 0.0231 0.656 0.3023 -0.651 0.1579 0.7405 0.0543 -0.9246 0.1702 -0.3403 -0.0154
-0.797 0.0622 0.5893 0.1171 -0.7152 0.3566 0.5845 0.1403 -0.7562 0.215 0.6107 0.0949 -0.7721 -0.1119 0.5737 -0.2494 -0.716 0.1805 0.6679 0.0931 -0.7637 -0.4248 0.3546 0.3325 -0.4933 -0.0593 -0.8412 0.2135 -0.6912 0.0231 0.656 0.3023 -0.651 0.1579 0.7405 0.0543 -0.9246 0.1702 -0.3403 -0.0154
-0.797 0.0622 0.5893 0.1171 -0.7152 0.3566 0.5845 0.1403 -0.788 0.1744 0.5528 0.2072 -0.7721 -0.1119 0.5737 -0.2494 -0.716 0.1805 0.6679 0.0931 -0.7637 -0.4248 0.3546 0.3325 -0.4933 -0.0593 -0.8412 0.2135 -0.6912 0.0231 0.656 0.3023 -0.651 0.1579 0.7405 0.0543 -0.9246 0.1702 -0.3403 -0.0154
-0.797 0.0622 0.5893 0.1171 -0.7152 0.3566 0.5845 0.1403 -0.788 0.1744 0.5528 0.2072 -0.7721 -0.1119 0.5737 -0.2494 -0.6786 0.2769 0.6722 -0.1047 -0.7637 -0.4248 0.3546 0.3325 -0.4933 -0.0593 -0.8412 0.2135 -0.6912 0.0231 0.656 0.3023 -0.651 0.1579 0.7405 0.0543 -0.9246 0.1702 -0.3403 -0.0154
-0.797 0.0622 0.5893 0.1171 -0.7152 0.3566 0.5845 0.1403 -0.788 0.1744 0.5528 0.2072 -0.6951 -0.367 0.5922 0.1771 -0.6786 0.2769 0.6722 -0.1047 -0.7637 -0.4248 0.3546 0.3325 -0.4933 -0.0593 -0.8412 0.2135 -0.6912 0.0231 0.656 0.3023 -0.651 0.1579 0.7405 0.0543 -0.9246 0.1702 -0.3403 -0.0154
-0.7874 0.0906 0.5914 0.1487 -0.6917 0.4089 0.573 0.1616 -0.788 0.1744 0.5528 0.2072 -0.6951 -0.367 0.5922 0.1771 -0.6786 0.2769 0.6722 -0.1047 -0.7515 -0.444 0.4335 0.224 -0.4933 -0.0593 -0.8412 0.2135 -0.6912 0.0231 0.656 0.3023 -0.651 0.1579 0.7405 0.0543 -0.9246 0.1702 -0.3403 -0.0154
-0.7874 0.0906 0.5914 0.1487 -0.6917 0.4089 0.573 0.1616 -0.788 0.1744 0.5528 0.2072 -0.6951 -0.367 0.5922 0.1771 -0.6786 0.2769 0.6722 -0.1047 -0.7515 -0.444 0.4335 0.224 -0.6102 0.0357 -0.7762 0.1545 -0.6912 0.0231 0.656 0.3023 -0.651 0.1579 0.7405 0.0543 -0.9246 0.1702 -0.3403 -0.0154
-0.7874 0.0906 0.5914 0.1487 -0.6917 0.4089 0.573 0.1616 -0.788 0.1744 0.5528 0.2072 -0.6951 -0.367 0.5922 0.1771 -0.6786 0.2769 0.6722 -0.1047 -0.7515 -0.444 0.4335 0.224 -0.6102 0.0357 -0.7762 0.1545 -0.6912 0.0231 0.656 0.3023 -0.651 0.1579 0.7405 0.0543 -0.9246 0.1702 -0.3403 -0.0154
-0.7874 0.0906 0.5914 0.1487 -0.6917 0.4089 0.573 0.1616 -0.788 0.1744 0.5528 0.2072 -0.6951 -0.367 0.5922 0.1771 -0.6786 0.2769 0.6722 -0.1047 -0.7515 -0.444 0.4335 0.224 -0.6102 0.0357 -0.7762 0.1545 -0.6912 0.0231 0.656 0.3023 -0.651 0.1579 0.7405 0.0543 -0.9246 0.1702 -0.3403 -0.0154
-0.7874 0.0906 0.5914 0.1487 -0.6917 0.4089 0.573 0.1616 -0.788 0.1744 0.5528 0.2072 -0.6951 -0.367 0.5922 0.1771 -0.6786 0.2769 0.6722 -0.1047 -0.7515 -0.444 0.4335 0.224 -0.6102 0.0357 -0.7762 0.1545 -0.6912 0.0231 0.656 0.3023 -0.651 0.1579 0.7405 0.0543 -0.9246 0.1702 -0.3403 -0.0154
-0.7874 0.0906 0.5914 0.1487 -0.6917 0.4089 0.573 0.1616 -0.788 0.1744 0.5528 0.2072 -0.6951 -0.367 0.5922 0.1771 -0.6786 0.2769 0.6722 -0.1047 -0.7515 -0.444 0.4335 0.224 -0.6102 0.0357 -0.7762 0.1545 -0.6912 0.0231 0.656 0.3023 -0.651 0.1579 0.7405 0.0543 -0.8815 0.2034 -0.4258 -0.0151
-0.7874 0.0906 0.5914 0.1487 -0.6917 0.4089 0.573 0.1616 -0.788 0.1744 0.5528 0.2072 -0.6243 -0.4296 0.5468 0.3559 -0.6786 0.2769 0.6722 -0.1047 -0.7515 -0.444 0.4335 0.224 -0.6102 0.0357 -0.7762 0.1545 -0.6912 0.0231 0.656 0.3023 -0.651 0.1579 0.7405 0.0543 -0.8815 0.2034 -0.4258 -0.0151
-0.7874 0.0906 0.5914 0.1487 -0.6917 0.4089 0.573 0.1616 -0.788 0.1744 0.5528 0.2072 -0.6243 -0.4296 0.5468 0.3559 -0.6786 0.2769 0.6722 -0.1047 -0.7515 -0.444 0.4335 0.224 -0.6102 0.0357 -0.7762 0.1545 -0.6912 0.0231 0.656 0.3023 -0.651 0.1579 0.7405 0.0543 -0.8815 0.2034 -0.4258 -0.0151
-0.7829 0.0938 0.5935 0.1613 -0.6963 0.3863 0.5786 0.1767 -0.788 0.1744 0.5528 0.2072 -0.6243 -0.4296 0.5468 0.3559 -0.6786 0.2769 0.6722 -0.1047 -0.7218 -0.2464 0.6439 -0.0605 -0.6102 0.0357 -0.7762 0.1545 -0.6912 0.0231 0.656 0.3023 -0.651 0.1579 0.7405 0.0543 -0.8815 0.2034 -0.4258 -0.0151
-0.7829 0.0938 0.5935 0.1613 -0.6963 0.3863 0.5786 0.1767 -0.788 0.1744 0.5528 0.2072 -0.6243 -0.4296 0.5468 0.3559 -0.6786 0.2769 0.6722 -0.1047 -0.7218 -0.2464 0.6439 -0.0605 -0.6102 0.0357 -0.7762 0.1545 -0.6912 0.0231 0.656 0.3023 -0.6762 0.1867 0.7083 -0.079 -0.8815 0.2034 -0.4258 -0.0151
-0.7829 0.0938 0.5935 0.1613 -0.6963 0.3863 0.5786 0.1767 -0.788 0.1744 0.5528 0.2072 -0.6243 -0.4296 0.5468 0.3559 -0.6786 0.2769 0.6722 -0.1047 -0.7218 -0.2464 0.6439 -0.0605 -0.6102 0.0357 -0.7762 0.1545 -0.6912 0.0231 0.656 0.3023 -0.6762 0.1867 0.7083 -0.079 -0.8815 0.2034 -0.4258 -0.0151
-0.7829 0.0938 0.5935 0.1613 -0.6963 0.3863 0.5786 0.1767 -0.788 0.1744 0.5528 0.2072 -0.6243 -0.4296 0.5468 0.3559 -0.6786 0.2769 0.6722 -0.1047 -0.7218 -0.2464 0.6439 -0.0605 -0.6102 0.0357 -0.7762 0.1545 -0.6912 0.0231 0.656 0.3023 -0.6762 0.1867 0.7083 -0.079 -0.8815 0.2034 -0.4258 -0.0151
-0.7829 0.0938 0.5935 0.1613 -0.6963 0.3863 0.5786 0.1767 -0.8058 0.12 0.4731 0.3352 -0.6243 -0.4296 0.5468 0.3559 -0.6415 0.2457 0.7135 -0.1381 -0.7218 -0.2464 0.6439 -0.0605 -0.6102 0.0357 -0.7762 0.1545 -0.6912 0.0231 0.656 0.3023 -0.6762 0.1867 0.7083 -0.079 -0.8492 0.1884 -0.4915 -0.0416
-0.7829 0.0938 0.5935 0.1613 -0.6963 0.3863 0.5786 0.1767 -0.8058 0.12 0.4731 0.3352 -0.5925 -0.4464 0.5472 0.3876 -0.6415 0.2457 0.7135 -0.1381 -0.7218 -0.2464 0.6439 -0.0605 -0.6102 0.0357 -0.7762 0.1545 -0.6912 0.0231 0.656 0.3023 -0.6762 0.1867 0.7083 -0.079 -0.8492 0.1884 -0.4915 -0.0416
-0.7772 0.1046 0.6027 0.1479 -0.6963 0.3863 0.5786 0.1767 -0.8058 0.12 0.4731 0.3352 -0.5925 -0.4464 0.5472 0.3876 -0.6415 0.2457 0.7135 -0.1381 -0.6006 -0.0175 0.7727 -0.2048 -0.6102 0.0357 -0.7762 0.1545 -0.6912 0.0231 0.656 0.3023 -0.6762 0.1867 0.7083 -0.079 -0.8492 0.1884 -0.4915 -0.0416
-0.7772 0.1046 0.6027 0.1479 -0.7039 0.3524 0.5826 0.2022 -0.8058 0.12 0.4731 0.3352 -0.5925 -0.4464 0.5472 0.3876 -0.6415 0.2457 0.7135 -0.1381 -0.6006 -0.0175 0.7727 -0.2048 -0.9586 -0.2361 -0.1316 -0.0892 -0.6912 0.0231 0.656 0.3023 -0.6762 0.1867 0.7083 -0.079 -0.8492 0.1884 -0.4915 -0.0416
-0.7772 0.1046 0.6027 0.1479 -0.7039 0.3524 0.5826 0.2022 -0.8058 0.12 0.4731 0.3352 -0.5925 -0.4464 0.5472 0.3876 -0.6415 0.2457 0.7135 -0.1381 -0.6006 -0.0175 0.7727 -0.2048 -0.9586 -0.2361 -0.1316 -0.0892 -0.6912 0.0231 0.656 0.3023 -0.6762 0.1867 0.7083 -0.079 -0.8492 0.1884 -0.4915 -0.0416
-0.7772 0.1046 0.6027 0.1479 -0.7039 0.3524 0.5826 0.2022 -0.8058 0.12 0.4731 0.3352 -0.5925 -0.4464 0.5472 0.3876 -0.6415 0.2457 0.7135 -0.1381 -0.6006 -0.0175 0.7727 -0.2048 -0.9586 -0.2361 -0.1316 -0.0892 -0.6912 0.0231 0.656 0.3023 -0.6762 0.1867 0.7083 -0.079 -0.8492 0.1884 -0.4915 -0.0416
-0.7772 0.1046 0.6027 0.1479 -0.7039 0.3524 0.5826 0.2022 -0.8 0.11 0.5272 0.2643 -0.5925 -0.4464 0.5472 0.3876 -0.6415 0.2457 0.7135 -0.1381 -0.6006 -0.0175 0.7727 -0.2048 -0.9586 -0.2361 -0.1316 -0.0892 -0.6912 0.0231 0.656 0.3023 -0.6762 0.1867 0.7083 -0.079 -0.8492 0.1884 -0.4915 -0.0416
-0.7772 0.1046 0.6027 0.1479 -0.7039 0.3524 0.5826 0.2022 -0.8 0.11 0.5272 0.2643 -0.5925 -0.4464 0.5472 0.3876 -0.6415 0.2457 0.7135 -0.1381 -0.6006 -0.0175 0.7727 -0.2048 -0.9586 -0.2361 -0.1316 -0.0892 -0.6912 0.0231 0.656 0.3023 -0.6762 0.1867 0.7083 -0.079 -0.8492 0.1884 -0.4915 -0.0416
-0.7772 0.1046 0.6027 0.1479 -0.7039 0.3524 0.5826 0.2022 -0.8 0.11 0.5272 0.2643 -0.5925 -0.4464 0.5472 0.3876 -0.6273 0.2077 0.7458 -0.0842 -0.6006 -0.0175 0.7727 -0.2048 -0.9586 -0.2361 -0.1316 -0.0892 -0.6912 0.0231 0.656 0.3023 -0.6762 0.1867 0.7083 -0.079 -0.6383 0.1909 -0.7429 -0.0653
-0.7772 0.1046 0.6027 0.1479 -0.7039 0.3524 0.5826 0.2022 -0.8 0.11 0.5272 0.2643 -0.5925 -0.4464 0.5472 0.3876 -0.6273 0.2077 0.7458 -0.0842 -0.6006 -0.0175 0.7727 -0.2048 -0.9586 -0.2361 -0.1316 -0.0892 -0.6912 0.0231 0.656 0.3023 -0.6762 0.1867 0.7083 -0.079 -0.6383 0.1909 -0.7429 -0.0653
-0.7617 0.1212 0.6276 0.1063 -0.7024 0.3451 0.5761 0.2358 -0.8 0.11 0.5272 0.2643 -0.6492 -0.3777 0.5992 0.2774 -0.6273 0.2077 0.7458 -0.0842 -0.6331 -0.1838 0.72 -0.2169 -0.9586 -0.2361 -0.1316 -0.0892 -0.7122 0.0998 0.6948 0.0033 -0.6762 0.1867 0.7083 -0.079 -0.6383 0.1909 -0.7429 -0.0653
-0.7617 0.1212 0.6276 0.1063 -0.7024 0.3451 0.5761 0.2358 -0.8 0.11 0.5272 0.2643 -0.6492 -0.3777 0.5992 0.2774 -0.6273 0.2077 0.7458 -0.0842 -0.6331 -0.1838 0.72 -0.2169 -0.9586 -0.2361 -0.1316 -0.0892 -0.7122 0.0998 0.6948 0.0033 -0.6762 0.1867 0.7083 -0.079 -0.6383 0.1909 -0.7429 -0.0653
-0.7617 0.1212 0.6276 0.1063 -0.7024 0.3451 0.5761 0.2358 -0.8 0.11 0.5272 0.2643 -0.6492 -0.3777 0.5992 0.2774 -0.6273 0.2077 0.7458 -0.0842 -0.6331 -0.1838 0.72 -0.2169 -0.9586 -0.2361 -0.1316 -0.0892 -0.7122 0.0998 0.6948 0.0033 -0.6762 0.1867 0.7083 -0.079 -0.6383 0.1909 -0.7429 -0.0653
-0.7617 0.1212 0.6276 0.1063 -0.7024 0.3451 0.5761 0.2358 -0.7786 0.1341 0.5753 0.2116 -0.6492 -0.3777 0.5992 0.2774 -0.6273 0.2077 0.7458 -0.0842 -0.6331 -0.1838 0.72 -0.2169 -0.9586 -0.2361 -0.1316 -0.0892 -0.7122 0.0998 0.6948 0.0033 -0.6762 0.1867 0.7083 -0.079 -0.6383 0.1909 -0.7429 -0.0653
-0.7617 0.1212 0.6276 0.1063 -0.7024 0.3451 0.5761 0.2358 -0.7786 0.1341 0.5753 0.2116 -0.6492 -0.3777 0.5992 0.2774 -0.6273 0.2077 0.7458 -0.0842 -0.6331 -0.1838 0.72 -0.2169 -0.9586 -0.2361 -0.1316 -0.0892 -0.7122 0.0998 0.6948 0.0033 -0.6762 0.1867 0.7083 -0.079 -0.51 0.1424 -0.8123 -0.2447
-0.7698 0.1107 0.6284 0.0185 -0.7024 0.3451 0.5761 0.2358 -0.7786 0.1341 0.5753 0.2116 -0.7686 -0.1768 0.6148 0.0051 -0.6273 0.2077 0.7458 -0.0842 -0.6331 -0.1838 0.72 -0.2169 -0.9586 -0.2361 -0.1316 -0.0892 -0.7122 0.0998 0.6948 0.0033 -0.6762 0.1867 0.7083 -0.079 -0.51 0.1424 -0.8123 -0.2447
-0.7698 0.1107 0.6284 0.0185 -0.7024 0.3451 0.5761 0.2358 -0.7786 0.1341 0.5753 0.2116 -0.7686 -0.1768 0.6148 0.0051 -0.6273 0.2077 0.7458 -0.0842 -0.6331 -0.1838 0.72 -0.2169 -0.9586 -0.2361 -0.1316 -0.0892 -0.7122 0.0998 0.6948 0.0033 -0.6762 0.1867 0.7083 -0.079 -0.51 0.1424 -0.8123 -0.2447
-0.7698 0.1107 0.6284 0.0185 -0.7006 0.3674 0.6017 0.11 -0.7786 0.1341 0.5753 0.2116 -0.7686 -0.1768 0.6148 0.0051 -0.6273 0.2077 0.7458 -0.0842 -0.6664 -0.2127 0.7007 -0.1403 -0.9586 -0.2361 -0.1316 -0.0892 -0.7122 0.0998 0.6948 0.0033 -0.6762 0.1867 0.7083 -0.079 -0.51 0.1424 -0.8123 -0.2447
-0.7698 0.1107 0.6284 0.0185 -0.7006 0.3674 0.6017 0.11 -0.7786 0.1341 0.5753 0.2116 -0.7686 -0.1768 0.6148 0.0051 -0.6273 0.2077 0.7458 -0.0842 -0.6664 -0.2127 0.7007 -0.1403 -0.9586 -0.2361 -0.1316 -0.0892 -0.7122 0.0998 0.6948 0.0033 -0.7203 0.3353 0.5422 -0.2733 -0.51 0.1424 -0.8123 -0.2447
-0.7698 0.1107 0.6284 0.0185 -0.7006 0.3674 0.6017 0.11 -0.7786 0.1341 0.5753 0.2116 -0.7686 -0.1768 0.6148 0.0051 -0.6273 0.2077 0.7458 -0.0842 -0.6664 -0.2127 0.7007 -0.1403 -0.9586 -0.2361 -0.1316 -0.0892 -0.7122 0.0998 0.6948 0.0033 -0.7203 0.3353 0.5422 -0.2733 -0.51 0.1424 -0.8123 -0.2447
-0.7698 0.1107 0.6284 0.0185 -0.7006 0.3674 0.6017 0.11 -0.7691 0.1196 0.6222 0.0842 -0.7686 -0.1768 0.6148 0.0051 -0.6273 0.2077 0.7458 -0.0842 -0.6664 -0.2127 0.7007 -0.1403 -0.9586 -0.2361 -0.1316 -0.0892 -0.7122 0.0998 0.6948 0.0033 -0.7203 0.3353 0.5422 -0.2733 -0.51 0.1424 -0.8123 -0.2447
-0.7698 0.1107 0.6284 0.0185 -0.7006 0.3674 0.6017 0.11 -0.7691 0.1196 0.6222 0.0842 -0.7686 -0.1768 0.6148 0.0051 -0.6448 0.0954 0.756 0.0591 -0.6664 -0.2127 0.7007 -0.1403 -0.9586 -0.2361 -0.1316 -0.0892 -0.7122 0.0998 0.6948 0.0033 -0.7203 0.3353 0.5422 -0.2733 -0.7651 0.1 -0.605 -0.1967
-0.7698 0.1107 0.6284 0.0185 -0.7006 0.3674 0.6017 0.11 -0.7691 0.1196 0.6222 0.0842 -0.7686 -0.1768 0.6148 0.0051 -0.6448 0.0954 0.756 0.0591 -0.6664 -0.2127 0.7007 -0.1403 -0.9586 -0.2361 -0.1316 -0.0892 -0.7122 0.0998 0.6948 0.0033 -0.7203 0.3353 0.5422 -0.2733 -0.7651 0.1 -0.605 -0.1967
-0.7698 0.1107 0.6284 0.0185 -0.7006 0.3674 0.6017 0.11 -0.7691 0.1196 0.6222 0.0842 -0.7831 -0.1403 0.5835 -0.1628 -0.6448 0.0954 0.756 0.0591 -0.6837 -0.1759 0.7048 -0.0698 -0.9586 -0.2361 -0.1316 -0.0892 -0.7122 0.0998 0.6948 0.0033 -0.7203 0.3353 0.5422 -0.2733 -0.7651 0.1 -0.605 -0.1967
-0.7698 0.1107 0.6284 0.0185 -0.7006 0.3674 0.6017 0.11 -0.7691 0.1196 0.6222 0.0842 -0.7831 -0.1403 0.5835 -0.1628 -0.6448 0.0954 0.756 0.0591 -0.6837 -0.1759 0.7048 -0.0698 -0.9586 -0.2361 -0.1316 -0.0892 -0.7122 0.0998 0.6948 0.0033 -0.7203 0.3353 0.5422 -0.2733 -0.7651 0.1 -0.605 -0.1967
-0.7698 0.1107 0.6284 0.0185 -0.7006 0.3674 0.6017 0.11 -0.7691 0.1196 0.6222 0.0842 -0.7831 -0.1403 0.5835 -0.1628 -0.6448 0.0954 0.756 0.0591 -0.6837 -0.1759 0.7048 -0.0698 -0.9586 -0.2361 -0.1316 -0.0892 -0.7122 0.0998 0.6948 0.0033 -0.7208 0.1964 0.663 -0.0486 -0.7651 0.1 -0.605 -0.1967
-0.7698 0.1107 0.6284 0.0185 -0.7006 0.3674 0.6017 0.11 -0.7691 0.1196 0.6222 0.0842 -0.7831 -0.1403 0.5835 -0.1628 -0.6448 0.0954 0.756 0.0591 -0.6837 -0.1759 0.7048 -0.0698 -0.9586 -0.2361 -0.1316 -0.0892 -0.7122 0.0998 0.6948 0.0033 -0.7208 0.1964 0.663 -0.0486 -0.7651 0.1 -0.605 -0.1967
-0.7698 0.1107 0.6284 0.0185 -0.7006 0.3674 0.6017 0.11 -0.7691 0.1196 0.6222 0.0842 -0.7831 -0.1403 0.5835 -0.1628 -0.6448 0.0954 0.756 0.0591 -0.6837 -0.1759 0.7048 -0.0698 -0.9586 -0.2361 -0.1316 -0.0892 -0.7122 0.0998 0.6948 0.0033 -0.7208 0.1964 0.663 -0.0486 -0.7651 0.1 -0.605 -0.1967
-0.7698 0.1107 0.6284 0.0185 -0.7006 0.3674 0.6017 0.11 -0.7515 0.197 0.6293 -0.0217 -0.7831 -0.1403 0.5835 -0.1628 -0.645 0.0522 0.7505 0.134 -0.6837 -0.1759 0.7048 -0.0698 -0.9586 -0.2361 -0.1316 -0.0892 -0.7122 0.0998 0.6948 0.0033 -0.7208 0.1964 0.663 -0.0486 -0.9363 0.1953 -0.2911 -0.0222
-0.7698 0.1107 0.6284 0.0185 -0.7006 0.3674 0.6017 0.11 -0.7515 0.197 0.6293 -0.0217 -0.7831 -0.1403 0.5835 -0.1628 -0.645 0.0522 0.7505 0.134 -0.6837 -0.1759 0.7048 -0.0698 -0.9586 -0.2361 -0.1316 -0.0892 -0.7122 0.0998 0.6948 0.0033 -0.7208 0.1964 0.663 -0.0486 -0.9363 0.1953 -0.2911 -0.0222
-0.7698 0.1107 0.6284 0.0185 -0.5883 0.5379 0.5743 -0.1865 -0.7515 0.197 0.6293 -0.0217 -0.7831 -0.1403 0.5835 -0.1628 -0.645 0.0522 0.7505 0.134 -0.7084 -0.2014 0.6764 -0.0099 -0.9586 -0.2361 -0.1316 -0.0892 -0.7122 0.0998 0.6948 0.0033 -0.7208 0.1964 0.663 -0.0486 -0.9363 0.1953 -0.2911 -0.0222
-0.7698 0.1107 0.6284 0.0185 -0.5883 0.5379 0.5743 -0.1865 -0.7515 0.197 0.6293 -0.0217 -0.7831 -0.1403 0.5835 -0.1628 -0.645 0.0522 0.7505 0.134 -0.7084 -0.2014 0.6764 -0.0099 -0.9586 -0.2361 -0.1316 -0.0892 -0.7122 0.0998 0.6948 0.0033 -0.6486 0.0387 0.7451 0.1503 -0.9363 0.1953 -0.2911 -0.0222
-0.7698 0.1107 0.6284 0.0185 -0.5883 0.5379 0.5743 -0.1865 -0.7515 0.197 0.6293 -0.0217 -0.7831 -0.1403 0.5835 -0.1628 -0.645 0.0522 0.7505 0.134 -0.7084 -0.2014 0.6764 -0.0099 -0.9586 -0.2361 -0.1316 -0.0892 -0.7122 0.0998 0.6948 0.0033 -0.6486 0.0387 0.7451 0.1503 -0.9363 0.1953 -0.2911 -0.0222
-0.7698 0.1107 0.6284 0.0185 -0.5883 0.5379 0.5743 -0.1865 -0.7515 0.197 0.6293 -0.0217 -0.7831 -0.1403 0.5835 -0.1628 -0.645 0.0522 0.7505 0.134 -0.7084 -0.2014 0.6764 -0.0099 -0.9586 -0.2361 -0.1316 -0.0892 -0.7122 0.0998 0.6948 0.0033 -0.6486 0.0387 0.7451 0.1503 -0.9363 0.1953 -0.2911 -0.0222
-0.7698 0.1107 0.6284 0.0185 -0.5883 0.5379 0.5743 -0.1865 -0.7515 0.197 0.6293 -0.0217 -0.7831 -0.1403 0.5835 -0.1628 -0.645 0.0522 0.7505 0.134 -0.7084 -0.2014 0.6764 -0.0099 -0.9586 -0.2361 -0.1316 -0.0892 -0.7122 0.0998 0.6948 0.0033 -0.6486 0.0387 0.7451 0.1503 -0.9363 0.1953 -0.2911 -0.0222
-0.7698 0.1107 0.6284 0.0185 -0.5883 0.5379 0.5743 -0.1865 -0.7623 0.1731 0.6232 -0.027 -0.7831 -0.1403 0.5835 -0.1628 -0.6492 0.0463 0.7327 0.199 -0.7084 -0.2014 0.6764 -0.0099 -0.9586 -0.2361 -0.1316 -0.0892 -0.7122 0.0998 0.6948 0.0033 -0.6486 0.0387 0.7451 0.1503 -0.9445 0.2845 -0.1536 0.059
-0.7809 0.2314 0.5799 -0.0182 -0.5883 0.5379 0.5743 -0.1865 -0.7623 0.1731 0.6232 -0.027 -0.7831 -0.1403 0.5835 -0.1628 -0.6492 0.0463 0.7327 0.199 -0.7084 -0.2014 0.6764 -0.0099 -0.9586 -0.2361 -0.1316 -0.0892 -0.7122 0.0998 0.6948 0.0033 -0.6486 0.0387 0.7451 0.1503 -0.9445 0.2845 -0.1536 0.059
-0.7809 0.2314 0.5799 -0.0182 -0.6011 0.5495 0.566 -0.128 -0.7623 0.1731 0.6232 -0.027 -0.7831 -0.1403 0.5835 -0.1628 -0.6492 0.0463 0.7327 0.199 -0.7458 -0.28 0.6 0.0735 -0.9586 -0.2361 -0.1316 -0.0892 -0.7122 0.0998 0.6948 0.0033 -0.6486 0.0387 0.7451 0.1503 -0.9445 0.2845 -0.1536 0.059
-0.7809 0.2314 0.5799 -0.0182 -0.6011 0.5495 0.566 -0.128 -0.7623 0.1731 0.6232 -0.027 -0.7831 -0.1403 0.5835 -0.1628 -0.6492 0.0463 0.7327 0.199 -0.7458 -0.28 0.6 0.0735 -0.9586 -0.2361 -0.1316 -0.0892 -0.7122 0.0998 0.6948 0.0033 -0.6448 0.0918 0.7475 0.1307 -0.9445 0.2845 -0.1536 0.059
-0.7809 0.2314 0.5799 -0.0182 -0.6011 0.5495 0.566 -0.128 -0.7623 0.1731 0.6232 -0.027 -0.7831 -0.1403 0.5835 -0.1628 -0.6492 0.0463 0.7327 0.199 -0.7458 -0.28 0.6 0.0735 -0.9586 -0.2361 -0.1316 -0.0892 -0.7122 0.0998 0.6948 0.0033 -0.6448 0.0918 0.7475 0.1307 -0.9445 0.2845 -0.1536 0.059
-0.7809 0.2314 0.5799 -0.0182 -0.6011 0.5495 0.566 -0.128 -0.7623 0.1731 0.6232 -0.027 -0.7831 -0.1403 0.5835 -0.1628 -0.6492 0.0463 0.7327 0.199 -0.7458 -0.28 0.6 0.0735 -0.9586 -0.2361 -0.1316 -0.0892 -0.7122 0.0998 0.6948 0.0033 -0.6448 0.0918 0.7475 0.1307 -0.9445 0.2845 -0.1536 0.059
-0.7809 0.2314 0.5799 -0.0182 -0.6011 0.5495 0.566 -0.128 -0.777 0.1212 0.617 0.0306 -0.7831 -0.1403 0.5835 -0.1628 -0.6492 0.0463 0.7327 0.199 -0.7458 -0.28 0.6 0.0735 -0.9586 -0.2361 -0.1316 -0.0892 -0.7122 0.0998 0.6948 0.0033 -0.6448 0.0918 0.7475 0.1307 -0.9445 0.2845 -0.1536 0.059
-0.7809 0.2314 0.5799 -0.0182 -0.6011 0.5495 0.566 -0.128 -0.777 0.1212 0.617 0.0306 -0.7831 -0.1403 0.5835 -0.1628 -0.6492 0.0463 0.7327 0.199 -0.7458 -0.28 0.6 0.0735 -0.9586 -0.2361 -0.1316 -0.0892 -0.7122 0.0998 0.6948 0.0033 -0.6448 0.0918 0.7475 0.1307 -0.9197 0.152 -0.3612 0.026
-0.7809 0.2314 0.5799 -0.0182 -0.6011 0.5495 0.566 -0.128 -0.777 0.1212 0.617 0.0306 -0.7831 -0.1403 0.5835 -0.1628 -0.6492 0.0463 0.7327 0.199 -0.7458 -0.28 0.6 0.0735 -0.9586 -0.2361 -0.1316 -0.0892 -0.7122 0.0998 0.6948 0.0033 -0.6448 0.0918 0.7475 0.1307 -0.9197 0.152 -0.3612 0.026
-0.7809 0.2314 0.5799 -0.0182 -0.6011 0.5495 0.566 -0.128 -0.777 0.1212 0.617 0.0306 -0.7831 -0.1403 0.5835 -0.1628 -0.6492 0.0463 0.7327 0.199 -0.7458 -0.28 0.6 0.0735 -0.9586 -0.2361 -0.1316 -0.0892 -0.7122 0.0998 0.6948 0.0033 -0.6448 0.0918 0.7475 0.1307 -0.9197 0.152 -0.3612 0.026
-0.7809 0.2314 0.5799 -0.0182 -0.6011 0.5495 0.566 -0.128 -0.777 0.1212 0.617 0.0306 -0.7831 -0.1403 0.5835 -0.1628 -0.6492 0.0463 0.7327 0.199 -0.7458 -0.28 0.6 0.0735 -0.9586 -0.2361 -0.1316 -0.0892 -0.7122 0.0998 0.6948 0.0033 -0.6448 0.0918 0.7475 0.1307 -0.9197 0.152 -0.3612 0.026
-0.7809 0.2314 0.5799 -0.0182 -0.6728 0.4426 0.5922 0.0282 -0.777 0.1212 0.617 0.0306 -0.7831 -0.1403 0.5835 -0.1628 -0.6492 0.0463 0.7327 0.199 -0.7797 -0.3334 0.4777 0.2295 -0.4639 -0.1304 -0.8593 0.1713 -0.6664 0.1035 0.6945 0.2508 -0.6436 0.2248 0.7242 0.1042 -0.9197 0.152 -0.3612 0.026
-0.7809 0.2314 0.5799 -0.0182 -0.6728 0.4426 0.5922 0.0282 -0.777 0.1212 0.617 0.0306 -0.7831 -0.1403 0.5835 -0.1628 -0.6492 0.0463 0.7327 0.199 -0.7797 -0.3334 0.4777 0.2295 -0.4639 -0.1304 -0.8593 0.1713 -0.6664 0.1035 0.6945 0.2508 -0.6436 0.2248 0.7242 0.1042 -0.9197 0.152 -0.3612 0.026
-0.7809 0.2314 0.5799 -0.0182 -0.6728 0.4426 0.5922 0.0282 -0.777 0.1212 0.617 0.0306 -0.7831 -0.1403 0.5835 -0.1628 -0.6492 0.0463 0.7327 0.199 -0.7797 -0.3334 0.4777 0.2295 -0.4639 -0.1304 -0.8593 0.1713 -0.6664 0.1035 0.6945 0.2508 -0.6436 0.2248 0.7242 0.1042 -0.9197 0.152 -0.3612 0.026
-0.7809 0.2314 0.5799 -0.0182 -0.6728 0.4426 0.5922 0.0282 -0.777 0.1212 0.617 0.0306 -0.7831 -0.1403 0.5835 -0.1628 -0.6819 0.2255 0.6929 0.0637 -0.7797 -0.3334 0.4777 0.2295 -0.4639 -0.1304 -0.8593 0.1713 -0.6664 0.1035 0.6945 0.2508 -0.6436 0.2248 0.7242 0.1042 -0.9192 0.1352 -0.3699 0.0054
-0.7809 0.2314 0.5799 -0.0182 -0.6728 0.4426 0.5922 0.0282 -0.777 0.1212 0.617 0.0306 -0.7831 -0.1403 0.5835 -0.1628 -0.6819 0.2255 0.6929 0.0637 -0.7797 -0.3334 0.4777 0.2295 -0.4639 -0.1304 -0.8593 0.1713 -0.6664 0.1035 0.6945 0.2508 -0.6436 0.2248 0.7242 0.1042 -0.9192 0.1352 -0.3699 0.0054
-0.7534 0.1924 0.6277 0.0382 -0.6904 0.4164 0.5706 0.1561 -0.777 0.1212 0.617 0.0306 -0.7461 -0.2467 0.6112 0.0941 -0.6819 0.2255 0.6929 0.0637 -0.7971 -0.2642 0.4962 0.2205 -0.4639 -0.1304 -0.8593 0.1713 -0.6664 0.1035 0.6945 0.2508 -0.6436 0.2248 0.7242 0.1042 -0.9192 0.1352 -0.3699 0.0054
-0.7534 0.1924 0.6277 0.0382 -0.6904 0.4164 0.5706 0.1561 -0.777 0.1212 0.617 0.0306 -0.7461 -0.2467 0.6112 0.0941 -0.6819 0.2255 0.6929 0.0637 -0.7971 -0.2642 0.4962 0.2205 -0.4639 -0.1304 -0.8593 0.1713 -0.6664 0.1035 0.6945 0.2508 -0.6436 0.2248 0.7242 0.1042 -0.9192 0.1352 -0.3699 0.0054
-0.7534 0.1924 0.6277 0.0382 -0.6904 0.4164 0.5706 0.1561 -0.777 0.1212 0.617 0.0306 -0.7461 -0.2467 0.6112 0.0941 -0.6819 0.2255 0.6929 0.0637 -0.7971 -0.2642 0.4962 0.2205 -0.4639 -0.1304 -0.8593 0.1713 -0.6577 0.1544 0.7178 0.1685 -0.6482 0.2352 0.7224 0.0523 -0.9192 0.1352 -0.3699 0.0054
-0.7534 0.1924 0.6277 0.0382 -0.6904 0.4164 0.5706 0.1561 -0.777 0.1212 0.617 0.0306 -0.7461 -0.2467 0.6112 0.0941 -0.6819 0.2255 0.6929 0.0637 -0.7971 -0.2642 0.4962 0.2205 -0.4639 -0.1304 -0.8593 0.1713 -0.6577 0.1544 0.7178 0.1685 -0.6482 0.2352 0.7224 0.0523 -0.9192 0.1352 -0.3699 0.0054
-0.7534 0.1924 0.6277 0.0382 -0.6904 0.4164 0.5706 0.1561 -0.7946 0.1451 0.5162 0.2849 -0.7461 -0.2467 0.6112 0.0941 -0.6819 0.2255 0.6929 0.0637 -0.7971 -0.2642 0.4962 0.2205 -0.4639 -0.1304 -0.8593 0.1713 -0.6577 0.1544 0.7178 0.1685 -0.6482 0.2352 0.7224 0.0523 -0.9192 0.1352 -0.3699 0.0054
-0.7534 0.1924 0.6277 0.0382 -0.6904 0.4164 0.5706 0.1561 -0.7946 0.1451 0.5162 0.2849 -0.7461 -0.2467 0.6112 0.0941 -0.6776 0.252 0.6858 -0.0837 -0.7971 -0.2642 0.4962 0.2205 -0.4639 -0.1304 -0.8593 0.1713 -0.6577 0.1544 0.7178 0.1685 -0.6482 0.2352 0.7224 0.0523 -0.9037 0.1328 -0.4069 -0.011
-0.7534 0.1924 0.6277 0.0382 -0.6904 0.4164 0.5706 0.1561 -0.7946 0.1451 0.5162 0.2849 -0.7461 -0.2467 0.6112 0.0941 -0.6776 0.252 0.6858 -0.0837 -0.7971 -0.2642 0.4962 0.2205 -0.4639 -0.1304 -0.8593 0.1713 -0.6577 0.1544 0.7178 0.1685 -0.6482 0.2352 0.7224 0.0523 -0.9037 0.1328 -0.4069 -0.011
-0.7534 0.1924 0.6277 0.0382 -0.6904 0.4164 0.5706 0.1561 -0.7946 0.1451 0.5162 0.2849 -0.7461 -0.2467 0.6112 0.0941 -0.6776 0.252 0.6858 -0.0837 -0.7971 -0.2642 0.4962 0.2205 -0.4639 -0.1304 -0.8593 0.1713 -0.6577 0.1544 0.7178 0.1685 -0.6482 0.2352 0.7224 0.0523 -0.9037 0.1328 -0.4069 -0.011
-0.756 0.1945 0.6096 0.1379 -0.6841 0.4308 0.5431 0.2268 -0.7946 0.1451 0.5162 0.2849 -0.6746 -0.3306 0.5916 0.2928 -0.6776 0.252 0.6858 -0.0837 -0.734 -0.1376 0.6647 -0.0209 -0.4639 -0.1304 -0.8593 0.1713 -0.6517 0.1905 0.7257 0.1114 -0.6482 0.2352 0.7224 0.0523 -0.9037 0.1328 -0.4069 -0.011
-0.756 0.1945 0.6096 0.1379 -0.6841 0.4308 0.5431 0.2268 -0.7946 0.1451 0.5162 0.2849 -0.6746 -0.3306 0.5916 0.2928 -0.6776 0.252 0.6858 -0.0837 -0.734 -0.1376 0.6647 -0.0209 -0.4639 -0.1304 -0.8593 0.1713 -0.6517 0.1905 0.7257 0.1114 -0.6624 0.2521 0.7054 -0.0129 -0.9037 0.1328 -0.4069 -0.011
-0.756 0.1945 0.6096 0.1379 -0.6841 0.4308 0.5431 0.2268 -0.7946 0.1451 0.5162 0.2849 -0.6746 -0.3306 0.5916 0.2928 -0.6776 0.252 0.6858 -0.0837 -0.734 -0.1376 0.6647 -0.0209 -0.4639 -0.1304 -0.8593 0.1713 -0.6517 0.1905 0.7257 0.1114 -0.6624 0.2521 0.7054 -0.0129 -0.9037 0.1328 -0.4069 -0.011
-0.756 0.1945 0.6096 0.1379 -0.6841 0.4308 0.5431 0.2268 -0.8109 0.1128 0.4777 0.3185 -0.6746 -0.3306 0.5916 0.2928 -0.6776 0.252 0.6858 -0.0837 -0.734 -0.1376 0.6647 -0.0209 -0.4639 -0.1304 -0.8593 0.1713 -0.6517 0.1905 0.7257 0.1114 -0.6624 0.2521 0.7054 -0.0129 -0.9037 0.1328 -0.4069 -0.011
-0.756 0.1945 0.6096 0.1379 -0.6841 0.4308 0.5431 0.2268 -0.8109 0.1128 0.4777 0.3185 -0.6746 -0.3306 0.5916 0.2928 -0.6562 0.2595 0.706 -0.0602 -0.734 -0.1376 0.6647 -0.0209 -0.4639 -0.1304 -0.8593 0.1713 -0.6517 0.1905 0.7257 0.1114 -0.6624 0.2521 0.7054 -0.0129 -0.8857 0.129 -0.4453 -0.0239
-0.756 0.1945 0.6096 0.1379 -0.6841 0.4308 0.5431 0.2268 -0.8109 0.1128 0.4777 0.3185 -0.6746 -0.3306 0.5916 0.2928 -0.6562 0.2595 0.706 -0.0602 -0.734 -0.1376 0.6647 -0.0209 -0.4639 -0.1304 -0.8593 0.1713 -0.6517 0.1905 0.7257 0.1114 -0.6624 0.2521 0.7054 -0.0129 -0.8857 0.129 -0.4453 -0.0239
-0.756 0.1945 0.6096 0.1379 -0.6841 0.4308 0.5431 0.2268 -0.8109 0.1128 0.4777 0.3185 -0.6746 -0.3306 0.5916 0.2928 -0.6562 0.2595 0.706 -0.0602 -0.734 -0.1376 0.6647 -0.0209 -0.4639 -0.1304 -0.8593 0.1713 -0.6517 0.1905 0.7257 0.1114 -0.6624 0.2521 0.7054 -0.0129 -0.8857 0.129 -0.4453 -0.0239
-0.7587 0.1992 0.5961 0.1716 -0.6878 0.4262 0.5234 0.2671 -0.8109 0.1128 0.4777 0.3185 -0.6179 -0.3895 0.5656 0.3828 -0.6562 0.2595 0.706 -0.0602 -0.6213 0.031 0.7562 -0.203 -0.4639 -0.1304 -0.8593 0.1713 -0.6556 0.1992 0.726 0.0583 -0.6624 0.2521 0.7054 -0.0129 -0.8857 0.129 -0.4453 -0.0239
-0.7587 0.1992 0.5961 0.1716 -0.6878 0.4262 0.5234 0.2671 -0.8109 0.1128 0.4777 0.3185 -0.6179 -0.3895 0.5656 0.3828 -0.6562 0.2595 0.706 -0.0602 -0.6213 0.031 0.7562 -0.203 -0.4639 -0.1304 -0.8593 0.1713 -0.6556 0.1992 0.726 0.0583 -0.6624 0.2521 0.7054 -0.0129 -0.8857 0.129 -0.4453 -0.0239
-0.7587 0.1992 0.5961 0.1716 -0.6878 0.4262 0.5234 0.2671 -0.8109 0.1128 0.4777 0.3185 -0.6179 -0.3895 0.5656 0.3828 -0.6562 0.2595 0.706 -0.0602 -0.6213 0.031 0.7562 -0.203 -0.4639 -0.1304 -0.8593 0.1713 -0.6556 0.1992 0.726 0.0583 -0.6624 0.2521 0.7054 -0.0129 -0.8857 0.129 -0.4453 -0.0239
-0.7587 0.1992 0.5961 0.1716 -0.6878 0.4262 0.5234 0.2671 -0.8098 0.0958 0.4851 0.3159 -0.6179 -0.3895 0.5656 0.3828 -0.6562 0.2595 0.706 -0.0602 -0.6213 0.031 0.7562 -0.203 -0.4639 -0.1304 -0.8593 0.1713 -0.6556 0.1992 0.726 0.0583 -0.6624 0.2521 0.7054 -0.0129 -0.8857 0.129 -0.4453 -0.0239
-0.7587 0.1992 0.5961 0.1716 -0.6878 0.4262 0.5234 0.2671 -0.8098 0.0958 0.4851 0.3159 -0.6179 -0.3895 0.5656 0.3828 -0.6419 0.26 0.7184 -0.0646 -0.6213 0.031 0.7562 -0.203 -0.4639 -0.1304 -0.8593 0.1713 -0.6556 0.1992 0.726 0.0583 -0.6624 0.2521 0.7054 -0.0129 -0.814 0.1146 -0.5673 -0.0496
