rt-uaw rt-uax rt-uay rt-uaz rt-faw rt-fax rt-fay rt-faz rt-thw rt-thx rt-thy rt-thz rt-llw rt-llx rt-lly rt-llz rt-ftw rt-ftx rt-fty rt-ftz lt-uaw lt-uax lt-uay lt-uaz lt-faw lt-fax lt-fay lt-faz lt-thw lt-thx lt-thy lt-thz lt-llw lt-llx lt-lly lt-llz lt-ftw lt-ftx lt-fty lt-ftz 
-0.7546 0.1609 0.6285 0.0981 -0.3799 0.7297 0.1781 0.5399 -0.7635 0.0844 0.6254 0.1368 -0.7391 -0.145 0.6573 0.0273 -0.6428 -0.1697 0.7228 -0.1886 -0.7409 -0.0709 0.6678 -0.0071 -0.9457 -0.0417 -0.3184 0.0507 -0.6865 0.1929 0.6931 0.1049 -0.7038 0.1414 0.6907 0.0874 -0.9494 0.0018 -0.313 -0.0265
-0.7546 0.1609 0.6285 0.0981 -0.3799 0.7297 0.1781 0.5399 -0.7635 0.0844 0.6254 0.1368 -0.7391 -0.145 0.6573 0.0273 -0.6428 -0.1697 0.7228 -0.1886 -0.7409 -0.0709 0.6678 -0.0071 -0.9457 -0.0417 -0.3184 0.0507 -0.6865 0.1929 0.6931 0.1049 -0.7038 0.1414 0.6907 0.0874 -0.9494 0.0018 -0.313 -0.0265
-0.7544 0.1614 0.6286 0.0986 -0.3793 0.7299 0.1781 0.54 -0.764 0.0845 0.625 0.136 -0.7391 -0.145 0.6573 0.0273 -0.6404 -0.1674 0.7261 -0.1862 -0.7409 -0.0709 0.6678 -0.0071 -0.9457 -0.0417 -0.3184 0.0507 -0.6852 0.1978 0.692 0.1124 -0.7017 0.1502 0.6904 0.0919 -0.949 0.0019 -0.314 -0.0264
-0.7544 0.1614 0.6286 0.0986 -0.3793 0.7299 0.1781 0.54 -0.764 0.0845 0.625 0.136 -0.7391 -0.145 0.6573 0.0273 -0.6404 -0.1674 0.7261 -0.1862 -0.7409 -0.0709 0.6678 -0.0071 -0.9457 -0.0417 -0.3184 0.0507 -0.6852 0.1978 0.692 0.1124 -0.7017 0.1502 0.6904 0.0919 -0.949 0.0019 -0.314 -0.0264
-0.7544 0.1614 0.6286 0.0986 -0.3793 0.7299 0.1781 0.54 -0.764 0.0845 0.625 0.136 -0.7391 -0.145 0.6573 0.0273 -0.6404 -0.1674 0.7261 -0.1862 -0.7409 -0.0709 0.6678 -0.0071 -0.9457 -0.0417 -0.3184 0.0507 -0.6852 0.1978 0.692 0.1124 -0.7017 0.1502 0.6904 0.0919 -0.949 0.0019 -0.314 -0.0264
-0.7544 0.1614 0.6286 0.0986 -0.3793 0.7299 0.1781 0.54 -0.764 0.0845 0.625 0.136 -0.7391 -0.145 0.6573 0.0273 -0.6404 -0.1674 0.7261 -0.1862 -0.7409 -0.0709 0.6678 -0.0071 -0.9457 -0.0417 -0.3184 0.0507 -0.6852 0.1978 0.692 0.1124 -0.7017 0.1502 0.6904 0.0919 -0.949 0.0019 -0.314 -0.0264
-0.7544 0.1614 0.6286 0.0986 -0.3793 0.7299 0.1781 0.54 -0.764 0.0845 0.625 0.136 -0.7374 -0.1479 0.6586 0.0273 -0.6404 -0.1674 0.7261 -0.1862 -0.7458 -0.0883 0.6603 -0.0072 -0.9446 -0.0551 -0.3202 0.0466 -0.6852 0.1978 0.692 0.1124 -0.7017 0.1502 0.6904 0.0919 -0.949 0.0019 -0.314 -0.0264
-0.7544 0.1614 0.6286 0.0986 -0.3793 0.7299 0.1781 0.54 -0.764 0.0845 0.625 0.136 -0.7374 -0.1479 0.6586 0.0273 -0.6404 -0.1674 0.7261 -0.1862 -0.7458 -0.0883 0.6603 -0.0072 -0.9446 -0.0551 -0.3202 0.0466 -0.6852 0.1978 0.692 0.1124 -0.7017 0.1502 0.6904 0.0919 -0.949 0.0019 -0.314 -0.0264
-0.7531 0.1628 0.6289 0.1041 -0.3738 0.7314 0.1757 0.5425 -0.764 0.0845 0.625 0.136 -0.7374 -0.1479 0.6586 0.0273 -0.6243 -0.1634 0.7353 -0.2072 -0.7458 -0.0883 0.6603 -0.0072 -0.9446 -0.0551 -0.3202 0.0466 -0.6852 0.1978 0.692 0.1124 -0.7017 0.1502 0.6904 0.0919 -0.9539 8.0E-4 -0.2993 -0.0231
-0.7531 0.1628 0.6289 0.1041 -0.3738 0.7314 0.1757 0.5425 -0.7652 0.0878 0.6239 0.1323 -0.7374 -0.1479 0.6586 0.0273 -0.6243 -0.1634 0.7353 -0.2072 -0.7458 -0.0883 0.6603 -0.0072 -0.9446 -0.0551 -0.3202 0.0466 -0.6852 0.1978 0.692 0.1124 -0.7008 0.194 0.6786 0.1031 -0.9539 8.0E-4 -0.2993 -0.0231
-0.7531 0.1628 0.6289 0.1041 -0.3738 0.7314 0.1757 0.5425 -0.7652 0.0878 0.6239 0.1323 -0.7374 -0.1479 0.6586 0.0273 -0.6243 -0.1634 0.7353 -0.2072 -0.7458 -0.0883 0.6603 -0.0072 -0.9446 -0.0551 -0.3202 0.0466 -0.6852 0.1978 0.692 0.1124 -0.7008 0.194 0.6786 0.1031 -0.9539 8.0E-4 -0.2993 -0.0231
-0.7531 0.1628 0.6289 0.1041 -0.3738 0.7314 0.1757 0.5425 -0.7652 0.0878 0.6239 0.1323 -0.7374 -0.1479 0.6586 0.0273 -0.6243 -0.1634 0.7353 -0.2072 -0.7458 -0.0883 0.6603 -0.0072 -0.9446 -0.0551 -0.3202 0.0466 -0.6852 0.1978 0.692 0.1124 -0.7008 0.194 0.6786 0.1031 -0.9539 8.0E-4 -0.2993 -0.0231
-0.7531 0.1628 0.6289 0.1041 -0.3738 0.7314 0.1757 0.5425 -0.7652 0.0878 0.6239 0.1323 -0.7374 -0.1479 0.6586 0.0273 -0.6243 -0.1634 0.7353 -0.2072 -0.7458 -0.0883 0.6603 -0.0072 -0.9446 -0.0551 -0.3202 0.0466 -0.6852 0.1978 0.692 0.1124 -0.7008 0.194 0.6786 0.1031 -0.9539 8.0E-4 -0.2993 -0.0231
-0.7531 0.1628 0.6289 0.1041 -0.3738 0.7314 0.1757 0.5425 -0.7652 0.0878 0.6239 0.1323 -0.7323 -0.1489 0.6641 0.0233 -0.6243 -0.1634 0.7353 -0.2072 -0.7594 -0.1133 0.6406 0.0076 -0.947 -0.0646 -0.3118 0.0434 -0.6852 0.1978 0.692 0.1124 -0.7008 0.194 0.6786 0.1031 -0.9539 8.0E-4 -0.2993 -0.0231
-0.7531 0.1628 0.6289 0.1041 -0.3738 0.7314 0.1757 0.5425 -0.7652 0.0878 0.6239 0.1323 -0.7323 -0.1489 0.6641 0.0233 -0.6243 -0.1634 0.7353 -0.2072 -0.7594 -0.1133 0.6406 0.0076 -0.947 -0.0646 -0.3118 0.0434 -0.6852 0.1978 0.692 0.1124 -0.7008 0.194 0.6786 0.1031 -0.9605 -0.0037 -0.2773 -0.0222
-0.7504 0.1638 0.6284 0.1234 -0.3738 0.7314 0.1757 0.5425 -0.7652 0.0878 0.6239 0.1323 -0.7323 -0.1489 0.6641 0.0233 -0.6243 -0.1634 0.7353 -0.2072 -0.7594 -0.1133 0.6406 0.0076 -0.947 -0.0646 -0.3118 0.0434 -0.6852 0.1978 0.692 0.1124 -0.7008 0.194 0.6786 0.1031 -0.9605 -0.0037 -0.2773 -0.0222
-0.7504 0.1638 0.6284 0.1234 -0.3738 0.7314 0.1757 0.5425 -0.7635 0.0937 0.6241 0.1365 -0.7323 -0.1489 0.6641 0.0233 -0.6243 -0.1634 0.7353 -0.2072 -0.7594 -0.1133 0.6406 0.0076 -0.947 -0.0646 -0.3118 0.0434 -0.6852 0.1978 0.692 0.1124 -0.7008 0.194 0.6786 0.1031 -0.9605 -0.0037 -0.2773 -0.0222
-0.7504 0.1638 0.6284 0.1234 -0.3738 0.7314 0.1757 0.5425 -0.7635 0.0937 0.6241 0.1365 -0.7323 -0.1489 0.6641 0.0233 -0.6243 -0.1634 0.7353 -0.2072 -0.7594 -0.1133 0.6406 0.0076 -0.947 -0.0646 -0.3118 0.0434 -0.6852 0.1978 0.692 0.1124 -0.7008 0.194 0.6786 0.1031 -0.9605 -0.0037 -0.2773 -0.0222
-0.7504 0.1638 0.6284 0.1234 -0.3738 0.7314 0.1757 0.5425 -0.7635 0.0937 0.6241 0.1365 -0.7323 -0.1489 0.6641 0.0233 -0.6243 -0.1634 0.7353 -0.2072 -0.7594 -0.1133 0.6406 0.0076 -0.947 -0.0646 -0.3118 0.0434 -0.6852 0.1978 0.692 0.1124 -0.7008 0.194 0.6786 0.1031 -0.9605 -0.0037 -0.2773 -0.0222
-0.7504 0.1638 0.6284 0.1234 -0.3738 0.7314 0.1757 0.5425 -0.7635 0.0937 0.6241 0.1365 -0.7323 -0.1489 0.6641 0.0233 -0.6243 -0.1634 0.7353 -0.2072 -0.7608 -0.1483 0.6318 0.004 -0.947 -0.0646 -0.3118 0.0434 -0.6852 0.1978 0.692 0.1124 -0.7008 0.194 0.6786 0.1031 -0.9605 -0.0037 -0.2773 -0.0222
-0.7504 0.1638 0.6284 0.1234 -0.3738 0.7314 0.1757 0.5425 -0.7635 0.0937 0.6241 0.1365 -0.7286 -0.1451 0.6683 0.0366 -0.6243 -0.1634 0.7353 -0.2072 -0.7608 -0.1483 0.6318 0.004 -0.9493 -0.0649 -0.3055 0.0352 -0.6852 0.1978 0.692 0.1124 -0.7008 0.194 0.6786 0.1031 -0.9605 -0.0037 -0.2773 -0.0222
-0.7504 0.1638 0.6284 0.1234 -0.3738 0.7314 0.1757 0.5425 -0.7635 0.0937 0.6241 0.1365 -0.7286 -0.1451 0.6683 0.0366 -0.6243 -0.1634 0.7353 -0.2072 -0.7608 -0.1483 0.6318 0.004 -0.9493 -0.0649 -0.3055 0.0352 -0.6852 0.1978 0.692 0.1124 -0.7008 0.194 0.6786 0.1031 -0.9605 -0.0037 -0.2773 -0.0222
-0.7504 0.1638 0.6284 0.1234 -0.3738 0.7314 0.1757 0.5425 -0.7635 0.0937 0.6241 0.1365 -0.7286 -0.1451 0.6683 0.0366 -0.6243 -0.1634 0.7353 -0.2072 -0.7608 -0.1483 0.6318 0.004 -0.9493 -0.0649 -0.3055 0.0352 -0.6852 0.1978 0.692 0.1124 -0.7008 0.194 0.6786 0.1031 -0.9605 -0.0037 -0.2773 -0.0222
-0.7504 0.1638 0.6284 0.1234 -0.346 0.7255 0.1775 0.5678 -0.7587 0.1062 0.6255 0.1478 -0.7286 -0.1451 0.6683 0.0366 -0.6243 -0.1634 0.7353 -0.2072 -0.7608 -0.1483 0.6318 0.004 -0.9493 -0.0649 -0.3055 0.0352 -0.6904 0.2451 0.6676 0.1331 -0.7148 0.2068 0.6598 0.1049 -0.9605 -0.0037 -0.2773 -0.0222
-0.7504 0.1638 0.6284 0.1234 -0.346 0.7255 0.1775 0.5678 -0.7587 0.1062 0.6255 0.1478 -0.7286 -0.1451 0.6683 0.0366 -0.6243 -0.1634 0.7353 -0.2072 -0.7608 -0.1483 0.6318 0.004 -0.9493 -0.0649 -0.3055 0.0352 -0.6904 0.2451 0.6676 0.1331 -0.7148 0.2068 0.6598 0.1049 -0.9605 -0.0037 -0.2773 -0.0222
-0.7504 0.1638 0.6284 0.1234 -0.346 0.7255 0.1775 0.5678 -0.7587 0.1062 0.6255 0.1478 -0.7286 -0.1451 0.6683 0.0366 -0.6243 -0.1634 0.7353 -0.2072 -0.7608 -0.1483 0.6318 0.004 -0.9493 -0.0649 -0.3055 0.0352 -0.6904 0.2451 0.6676 0.1331 -0.7148 0.2068 0.6598 0.1049 -0.9605 -0.0037 -0.2773 -0.0222
-0.7504 0.1638 0.6284 0.1234 -0.346 0.7255 0.1775 0.5678 -0.7587 0.1062 0.6255 0.1478 -0.7286 -0.1451 0.6683 0.0366 -0.6243 -0.1634 0.7353 -0.2072 -0.7563 -0.1558 0.6351 0.02 -0.9493 -0.0649 -0.3055 0.0352 -0.6904 0.2451 0.6676 0.1331 -0.7148 0.2068 0.6598 0.1049 -0.9605 -0.0037 -0.2773 -0.0222
-0.7504 0.1638 0.6284 0.1234 -0.346 0.7255 0.1775 0.5678 -0.7587 0.1062 0.6255 0.1478 -0.7309 -0.1326 0.6685 0.0379 -0.6243 -0.1634 0.7353 -0.2072 -0.7563 -0.1558 0.6351 0.02 -0.9426 -0.063 -0.3267 0.028 -0.6904 0.2451 0.6676 0.1331 -0.7148 0.2068 0.6598 0.1049 -0.9605 -0.0037 -0.2773 -0.0222
-0.7504 0.1638 0.6284 0.1234 -0.346 0.7255 0.1775 0.5678 -0.7587 0.1062 0.6255 0.1478 -0.7309 -0.1326 0.6685 0.0379 -0.6243 -0.1634 0.7353 -0.2072 -0.7563 -0.1558 0.6351 0.02 -0.9426 -0.063 -0.3267 0.028 -0.6904 0.2451 0.6676 0.1331 -0.7148 0.2068 0.6598 0.1049 -0.9605 -0.0037 -0.2773 -0.0222
-0.7445 0.1779 0.6211 0.1682 -0.346 0.7255 0.1775 0.5678 -0.7587 0.1062 0.6255 0.1478 -0.7309 -0.1326 0.6685 0.0379 -0.6243 -0.1634 0.7353 -0.2072 -0.7563 -0.1558 0.6351 0.02 -0.9426 -0.063 -0.3267 0.028 -0.6904 0.2451 0.6676 0.1331 -0.7148 0.2068 0.6598 0.1049 -0.9605 -0.0037 -0.2773 -0.0222
-0.7445 0.1779 0.6211 0.1682 -0.346 0.7255 0.1775 0.5678 -0.7618 0.1273 0.6183 0.1452 -0.7309 -0.1326 0.6685 0.0379 -0.6243 -0.1634 0.7353 -0.2072 -0.7563 -0.1558 0.6351 0.02 -0.9426 -0.063 -0.3267 0.028 -0.702 0.2322 0.6603 0.1315 -0.749 0.2196 0.6235 0.0444 -0.9605 -0.0037 -0.2773 -0.0222
-0.7445 0.1779 0.6211 0.1682 -0.346 0.7255 0.1775 0.5678 -0.7618 0.1273 0.6183 0.1452 -0.7309 -0.1326 0.6685 0.0379 -0.6243 -0.1634 0.7353 -0.2072 -0.7563 -0.1558 0.6351 0.02 -0.9426 -0.063 -0.3267 0.028 -0.702 0.2322 0.6603 0.1315 -0.749 0.2196 0.6235 0.0444 -0.9605 -0.0037 -0.2773 -0.0222
-0.7445 0.1779 0.6211 0.1682 -0.346 0.7255 0.1775 0.5678 -0.7618 0.1273 0.6183 0.1452 -0.7309 -0.1326 0.6685 0.0379 -0.6243 -0.1634 0.7353 -0.2072 -0.7563 -0.1558 0.6351 0.02 -0.9426 -0.063 -0.3267 0.028 -0.702 0.2322 0.6603 0.1315 -0.749 0.2196 0.6235 0.0444 -0.9605 -0.0037 -0.2773 -0.0222
-0.7445 0.1779 0.6211 0.1682 -0.346 0.7255 0.1775 0.5678 -0.7618 0.1273 0.6183 0.1452 -0.7309 -0.1326 0.6685 0.0379 -0.6243 -0.1634 0.7353 -0.2072 -0.7563 -0.1558 0.6351 0.02 -0.9426 -0.063 -0.3267 0.028 -0.702 0.2322 0.6603 0.1315 -0.749 0.2196 0.6235 0.0444 -0.9605 -0.0037 -0.2773 -0.0222
-0.7445 0.1779 0.6211 0.1682 -0.346 0.7255 0.1775 0.5678 -0.7618 0.1273 0.6183 0.1452 -0.7323 -0.1212 0.6675 0.0583 -0.6243 -0.1634 0.7353 -0.2072 -0.7523 -0.1526 0.639 0.0504 -0.9386 -0.0545 -0.3398 0.0235 -0.702 0.2322 0.6603 0.1315 -0.749 0.2196 0.6235 0.0444 -0.9605 -0.0037 -0.2773 -0.0222
-0.7445 0.1779 0.6211 0.1682 -0.346 0.7255 0.1775 0.5678 -0.7618 0.1273 0.6183 0.1452 -0.7323 -0.1212 0.6675 0.0583 -0.6243 -0.1634 0.7353 -0.2072 -0.7523 -0.1526 0.639 0.0504 -0.9386 -0.0545 -0.3398 0.0235 -0.702 0.2322 0.6603 0.1315 -0.749 0.2196 0.6235 0.0444 -0.9132 -0.0496 -0.3983 -0.0711
-0.7445 0.1779 0.6211 0.1682 -0.346 0.7255 0.1775 0.5678 -0.7618 0.1273 0.6183 0.1452 -0.7323 -0.1212 0.6675 0.0583 -0.6243 -0.1634 0.7353 -0.2072 -0.7523 -0.1526 0.639 0.0504 -0.9386 -0.0545 -0.3398 0.0235 -0.702 0.2322 0.6603 0.1315 -0.749 0.2196 0.6235 0.0444 -0.9132 -0.0496 -0.3983 -0.0711
-0.7488 0.1718 0.6155 0.1762 -0.3248 0.7262 0.1764 0.5797 -0.7684 0.1347 0.6133 0.124 -0.7323 -0.1212 0.6675 0.0583 -0.6243 -0.1634 0.7353 -0.2072 -0.7523 -0.1526 0.639 0.0504 -0.9386 -0.0545 -0.3398 0.0235 -0.6935 0.185 0.6548 0.2369 -0.7687 0.2766 0.5744 -0.051 -0.9132 -0.0496 -0.3983 -0.0711
-0.7488 0.1718 0.6155 0.1762 -0.3248 0.7262 0.1764 0.5797 -0.7684 0.1347 0.6133 0.124 -0.7323 -0.1212 0.6675 0.0583 -0.6243 -0.1634 0.7353 -0.2072 -0.7523 -0.1526 0.639 0.0504 -0.9386 -0.0545 -0.3398 0.0235 -0.6935 0.185 0.6548 0.2369 -0.7687 0.2766 0.5744 -0.051 -0.9132 -0.0496 -0.3983 -0.0711
-0.7488 0.1718 0.6155 0.1762 -0.3248 0.7262 0.1764 0.5797 -0.7684 0.1347 0.6133 0.124 -0.7323 -0.1212 0.6675 0.0583 -0.6243 -0.1634 0.7353 -0.2072 -0.7523 -0.1526 0.639 0.0504 -0.9386 -0.0545 -0.3398 0.0235 -0.6935 0.185 0.6548 0.2369 -0.7687 0.2766 0.5744 -0.051 -0.9132 -0.0496 -0.3983 -0.0711
-0.7488 0.1718 0.6155 0.1762 -0.3248 0.7262 0.1764 0.5797 -0.7684 0.1347 0.6133 0.124 -0.7323 -0.1212 0.6675 0.0583 -0.6243 -0.1634 0.7353 -0.2072 -0.7546 -0.1478 0.6335 0.0862 -0.9386 -0.0545 -0.3398 0.0235 -0.6935 0.185 0.6548 0.2369 -0.7687 0.2766 0.5744 -0.051 -0.9132 -0.0496 -0.3983 -0.0711
-0.7488 0.1718 0.6155 0.1762 -0.3248 0.7262 0.1764 0.5797 -0.7684 0.1347 0.6133 0.124 -0.7363 -0.1218 0.6638 0.0491 -0.6243 -0.1634 0.7353 -0.2072 -0.7546 -0.1478 0.6335 0.0862 -0.9386 -0.0545 -0.3398 0.0235 -0.6935 0.185 0.6548 0.2369 -0.7687 0.2766 0.5744 -0.051 -0.9132 -0.0496 -0.3983 -0.0711
-0.7488 0.1718 0.6155 0.1762 -0.3248 0.7262 0.1764 0.5797 -0.7684 0.1347 0.6133 0.124 -0.7363 -0.1218 0.6638 0.0491 -0.6243 -0.1634 0.7353 -0.2072 -0.7546 -0.1478 0.6335 0.0862 -0.9386 -0.0545 -0.3398 0.0235 -0.6935 0.185 0.6548 0.2369 -0.7687 0.2766 0.5744 -0.051 -0.9271 0.0045 -0.3734 -0.0326
-0.7488 0.1718 0.6155 0.1762 -0.3248 0.7262 0.1764 0.5797 -0.7684 0.1347 0.6133 0.124 -0.7363 -0.1218 0.6638 0.0491 -0.6243 -0.1634 0.7353 -0.2072 -0.7546 -0.1478 0.6335 0.0862 -0.9386 -0.0545 -0.3398 0.0235 -0.6935 0.185 0.6548 0.2369 -0.7687 0.2766 0.5744 -0.051 -0.9271 0.0045 -0.3734 -0.0326
-0.7488 0.1718 0.6155 0.1762 -0.3248 0.7262 0.1764 0.5797 -0.7792 0.1329 0.6072 0.0801 -0.7363 -0.1218 0.6638 0.0491 -0.6243 -0.1634 0.7353 -0.2072 -0.7546 -0.1478 0.6335 0.0862 -0.9386 -0.0545 -0.3398 0.0235 -0.6935 0.185 0.6548 0.2369 -0.7145 0.2072 0.6683 0.0026 -0.9271 0.0045 -0.3734 -0.0326
-0.7488 0.1718 0.6155 0.1762 -0.3248 0.7262 0.1764 0.5797 -0.7792 0.1329 0.6072 0.0801 -0.7363 -0.1218 0.6638 0.0491 -0.6243 -0.1634 0.7353 -0.2072 -0.7546 -0.1478 0.6335 0.0862 -0.9386 -0.0545 -0.3398 0.0235 -0.6935 0.185 0.6548 0.2369 -0.7145 0.2072 0.6683 0.0026 -0.9271 0.0045 -0.3734 -0.0326
-0.7488 0.1718 0.6155 0.1762 -0.3248 0.7262 0.1764 0.5797 -0.7792 0.1329 0.6072 0.0801 -0.7363 -0.1218 0.6638 0.0491 -0.6243 -0.1634 0.7353 -0.2072 -0.7546 -0.1478 0.6335 0.0862 -0.9386 -0.0545 -0.3398 0.0235 -0.6935 0.185 0.6548 0.2369 -0.7145 0.2072 0.6683 0.0026 -0.9271 0.0045 -0.3734 -0.0326
-0.7488 0.1718 0.6155 0.1762 -0.3248 0.7262 0.1764 0.5797 -0.7792 0.1329 0.6072 0.0801 -0.7363 -0.1218 0.6638 0.0491 -0.6243 -0.1634 0.7353 -0.2072 -0.7546 -0.1478 0.6335 0.0862 -0.9386 -0.0545 -0.3398 0.0235 -0.6935 0.185 0.6548 0.2369 -0.7145 0.2072 0.6683 0.0026 -0.9271 0.0045 -0.3734 -0.0326
-0.7488 0.1718 0.6155 0.1762 -0.3248 0.7262 0.1764 0.5797 -0.7792 0.1329 0.6072 0.0801 -0.7419 -0.1257 0.6586 0.0024 -0.6243 -0.1634 0.7353 -0.2072 -0.7613 -0.1508 0.6189 0.1212 -0.9191 -0.0762 -0.3845 0.0415 -0.6935 0.185 0.6548 0.2369 -0.7145 0.2072 0.6683 0.0026 -0.9271 0.0045 -0.3734 -0.0326
-0.7488 0.1718 0.6155 0.1762 -0.3248 0.7262 0.1764 0.5797 -0.7792 0.1329 0.6072 0.0801 -0.7419 -0.1257 0.6586 0.0024 -0.6243 -0.1634 0.7353 -0.2072 -0.7613 -0.1508 0.6189 0.1212 -0.9191 -0.0762 -0.3845 0.0415 -0.6935 0.185 0.6548 0.2369 -0.7145 0.2072 0.6683 0.0026 -0.9271 0.0045 -0.3734 -0.0326
-0.7711 0.1342 0.611 0.1186 -0.3248 0.7262 0.1764 0.5797 -0.7792 0.1329 0.6072 0.0801 -0.7419 -0.1257 0.6586 0.0024 -0.6243 -0.1634 0.7353 -0.2072 -0.7613 -0.1508 0.6189 0.1212 -0.9191 -0.0762 -0.3845 0.0415 -0.6935 0.185 0.6548 0.2369 -0.7145 0.2072 0.6683 0.0026 -0.9271 0.0045 -0.3734 -0.0326
-0.7711 0.1342 0.611 0.1186 -0.3248 0.7262 0.1764 0.5797 -0.7896 0.1359 0.5975 0.0345 -0.7419 -0.1257 0.6586 0.0024 -0.6243 -0.1634 0.7353 -0.2072 -0.7613 -0.1508 0.6189 0.1212 -0.9191 -0.0762 -0.3845 0.0415 -0.6935 0.185 0.6548 0.2369 -0.7145 0.2072 0.6683 0.0026 -0.9271 0.0045 -0.3734 -0.0326
-0.7711 0.1342 0.611 0.1186 -0.3248 0.7262 0.1764 0.5797 -0.7896 0.1359 0.5975 0.0345 -0.7419 -0.1257 0.6586 0.0024 -0.6243 -0.1634 0.7353 -0.2072 -0.7613 -0.1508 0.6189 0.1212 -0.9191 -0.0762 -0.3845 0.0415 -0.6935 0.185 0.6548 0.2369 -0.7145 0.2072 0.6683 0.0026 -0.9271 0.0045 -0.3734 -0.0326
-0.7711 0.1342 0.611 0.1186 -0.3248 0.7262 0.1764 0.5797 -0.7896 0.1359 0.5975 0.0345 -0.7419 -0.1257 0.6586 0.0024 -0.6243 -0.1634 0.7353 -0.2072 -0.7613 -0.1508 0.6189 0.1212 -0.9191 -0.0762 -0.3845 0.0415 -0.6935 0.185 0.6548 0.2369 -0.7145 0.2072 0.6683 0.0026 -0.9271 0.0045 -0.3734 -0.0326
-0.7711 0.1342 0.611 0.1186 -0.3248 0.7262 0.1764 0.5797 -0.7896 0.1359 0.5975 0.0345 -0.7419 -0.1257 0.6586 0.0024 -0.6243 -0.1634 0.7353 -0.2072 -0.7723 -0.165 0.5907 0.1653 -0.9191 -0.0762 -0.3845 0.0415 -0.6935 0.185 0.6548 0.2369 -0.7145 0.2072 0.6683 0.0026 -0.9271 0.0045 -0.3734 -0.0326
-0.7711 0.1342 0.611 0.1186 -0.3248 0.7262 0.1764 0.5797 -0.7896 0.1359 0.5975 0.0345 -0.741 -0.1215 0.6567 -0.0702 -0.6243 -0.1634 0.7353 -0.2072 -0.7723 -0.165 0.5907 0.1653 -0.8927 -0.0653 -0.4417 0.0607 -0.6935 0.185 0.6548 0.2369 -0.7145 0.2072 0.6683 0.0026 -0.9271 0.0045 -0.3734 -0.0326
-0.7809 0.1443 0.6016 0.0862 -0.3248 0.7262 0.1764 0.5797 -0.7896 0.1359 0.5975 0.0345 -0.741 -0.1215 0.6567 -0.0702 -0.6243 -0.1634 0.7353 -0.2072 -0.7723 -0.165 0.5907 0.1653 -0.8927 -0.0653 -0.4417 0.0607 -0.6935 0.185 0.6548 0.2369 -0.7145 0.2072 0.6683 0.0026 -0.9271 0.0045 -0.3734 -0.0326
-0.7809 0.1443 0.6016 0.0862 -0.3248 0.7262 0.1764 0.5797 -0.7896 0.1359 0.5975 0.0345 -0.741 -0.1215 0.6567 -0.0702 -0.6243 -0.1634 0.7353 -0.2072 -0.7723 -0.165 0.5907 0.1653 -0.8927 -0.0653 -0.4417 0.0607 -0.6935 0.185 0.6548 0.2369 -0.7145 0.2072 0.6683 0.0026 -0.9271 0.0045 -0.3734 -0.0326
-0.7809 0.1443 0.6016 0.0862 -0.4073 0.7779 0.2187 0.4256 -0.7903 0.1229 0.6002 -0.0074 -0.741 -0.1215 0.6567 -0.0702 -0.6243 -0.1634 0.7353 -0.2072 -0.7723 -0.165 0.5907 0.1653 -0.8927 -0.0653 -0.4417 0.0607 -0.6537 0.1667 0.5997 0.4304 -0.6078 0.0826 0.7363 0.2858 -0.9271 0.0045 -0.3734 -0.0326
-0.7809 0.1443 0.6016 0.0862 -0.4073 0.7779 0.2187 0.4256 -0.7903 0.1229 0.6002 -0.0074 -0.741 -0.1215 0.6567 -0.0702 -0.6243 -0.1634 0.7353 -0.2072 -0.7723 -0.165 0.5907 0.1653 -0.8927 -0.0653 -0.4417 0.0607 -0.6537 0.1667 0.5997 0.4304 -0.6078 0.0826 0.7363 0.2858 -0.9271 0.0045 -0.3734 -0.0326
-0.7809 0.1443 0.6016 0.0862 -0.4073 0.7779 0.2187 0.4256 -0.7903 0.1229 0.6002 -0.0074 -0.741 -0.1215 0.6567 -0.0702 -0.6243 -0.1634 0.7353 -0.2072 -0.7723 -0.165 0.5907 0.1653 -0.8927 -0.0653 -0.4417 0.0607 -0.6537 0.1667 0.5997 0.4304 -0.6078 0.0826 0.7363 0.2858 -0.9271 0.0045 -0.3734 -0.0326
-0.7809 0.1443 0.6016 0.0862 -0.4073 0.7779 0.2187 0.4256 -0.7903 0.1229 0.6002 -0.0074 -0.741 -0.1215 0.6567 -0.0702 -0.6243 -0.1634 0.7353 -0.2072 -0.7927 -0.2106 0.5306 0.2141 -0.8927 -0.0653 -0.4417 0.0607 -0.6537 0.1667 0.5997 0.4304 -0.6078 0.0826 0.7363 0.2858 -0.9271 0.0045 -0.3734 -0.0326
-0.7809 0.1443 0.6016 0.0862 -0.4073 0.7779 0.2187 0.4256 -0.7903 0.1229 0.6002 -0.0074 -0.7375 -0.1072 0.6524 -0.1379 -0.6243 -0.1634 0.7353 -0.2072 -0.7927 -0.2106 0.5306 0.2141 -0.7808 -0.0386 -0.6177 0.0857 -0.6537 0.1667 0.5997 0.4304 -0.6078 0.0826 0.7363 0.2858 -0.9271 0.0045 -0.3734 -0.0326
-0.7809 0.1443 0.6016 0.0862 -0.4073 0.7779 0.2187 0.4256 -0.7903 0.1229 0.6002 -0.0074 -0.7375 -0.1072 0.6524 -0.1379 -0.6243 -0.1634 0.7353 -0.2072 -0.7927 -0.2106 0.5306 0.2141 -0.7808 -0.0386 -0.6177 0.0857 -0.6537 0.1667 0.5997 0.4304 -0.6078 0.0826 0.7363 0.2858 -0.9271 0.0045 -0.3734 -0.0326
-0.7809 0.1443 0.6016 0.0862 -0.4073 0.7779 0.2187 0.4256 -0.7903 0.1229 0.6002 -0.0074 -0.7375 -0.1072 0.6524 -0.1379 -0.6243 -0.1634 0.7353 -0.2072 -0.7927 -0.2106 0.5306 0.2141 -0.7808 -0.0386 -0.6177 0.0857 -0.6537 0.1667 0.5997 0.4304 -0.6078 0.0826 0.7363 0.2858 -0.9271 0.0045 -0.3734 -0.0326
-0.7809 0.1443 0.6016 0.0862 -0.4073 0.7779 0.2187 0.4256 -0.7745 0.0992 0.6248 0.006 -0.7375 -0.1072 0.6524 -0.1379 -0.6243 -0.1634 0.7353 -0.2072 -0.7927 -0.2106 0.5306 0.2141 -0.7808 -0.0386 -0.6177 0.0857 -0.6537 0.1667 0.5997 0.4304 -0.6269 0.2213 0.7059 0.2444 -0.9271 0.0045 -0.3734 -0.0326
-0.7809 0.1443 0.6016 0.0862 -0.4073 0.7779 0.2187 0.4256 -0.7745 0.0992 0.6248 0.006 -0.7375 -0.1072 0.6524 -0.1379 -0.6243 -0.1634 0.7353 -0.2072 -0.7927 -0.2106 0.5306 0.2141 -0.7808 -0.0386 -0.6177 0.0857 -0.6537 0.1667 0.5997 0.4304 -0.6269 0.2213 0.7059 0.2444 -0.9271 0.0045 -0.3734 -0.0326
-0.7809 0.1443 0.6016 0.0862 -0.4073 0.7779 0.2187 0.4256 -0.7745 0.0992 0.6248 0.006 -0.7375 -0.1072 0.6524 -0.1379 -0.6243 -0.1634 0.7353 -0.2072 -0.7927 -0.2106 0.5306 0.2141 -0.7808 -0.0386 -0.6177 0.0857 -0.6537 0.1667 0.5997 0.4304 -0.6269 0.2213 0.7059 0.2444 -0.9271 0.0045 -0.3734 -0.0326
-0.7809 0.1443 0.6016 0.0862 -0.4073 0.7779 0.2187 0.4256 -0.7745 0.0992 0.6248 0.006 -0.7375 -0.1072 0.6524 -0.1379 -0.6243 -0.1634 0.7353 -0.2072 -0.7927 -0.2106 0.5306 0.2141 -0.7808 -0.0386 -0.6177 0.0857 -0.6537 0.1667 0.5997 0.4304 -0.6269 0.2213 0.7059 0.2444 -0.9271 0.0045 -0.3734 -0.0326
-0.7809 0.1443 0.6016 0.0862 -0.4073 0.7779 0.2187 0.4256 -0.7745 0.0992 0.6248 0.006 -0.7478 -0.0897 0.6466 -0.1212 -0.6243 -0.1634 0.7353 -0.2072 -0.8112 -0.2706 0.4197 0.3044 -0.5235 -0.0226 -0.8292 0.1945 -0.6537 0.1667 0.5997 0.4304 -0.6269 0.2213 0.7059 0.2444 -0.9271 0.0045 -0.3734 -0.0326
-0.7809 0.1443 0.6016 0.0862 -0.4073 0.7779 0.2187 0.4256 -0.7745 0.0992 0.6248 0.006 -0.7478 -0.0897 0.6466 -0.1212 -0.6243 -0.1634 0.7353 -0.2072 -0.8112 -0.2706 0.4197 0.3044 -0.5235 -0.0226 -0.8292 0.1945 -0.6537 0.1667 0.5997 0.4304 -0.6269 0.2213 0.7059 0.2444 -0.9271 0.0045 -0.3734 -0.0326
-0.7771 0.18 0.5932 0.1089 -0.3932 0.7469 0.1775 0.506 -0.7745 0.0992 0.6248 0.006 -0.7478 -0.0897 0.6466 -0.1212 -0.6243 -0.1634 0.7353 -0.2072 -0.8112 -0.2706 0.4197 0.3044 -0.5235 -0.0226 -0.8292 0.1945 -0.6537 0.1667 0.5997 0.4304 -0.6269 0.2213 0.7059 0.2444 -0.9642 -0.0305 -0.2611 0.0353
-0.7771 0.18 0.5932 0.1089 -0.3932 0.7469 0.1775 0.506 -0.7745 0.0992 0.6248 0.006 -0.7478 -0.0897 0.6466 -0.1212 -0.6243 -0.1634 0.7353 -0.2072 -0.8112 -0.2706 0.4197 0.3044 -0.5235 -0.0226 -0.8292 0.1945 -0.6537 0.1667 0.5997 0.4304 -0.6269 0.2213 0.7059 0.2444 -0.9642 -0.0305 -0.2611 0.0353
-0.7771 0.18 0.5932 0.1089 -0.3932 0.7469 0.1775 0.506 -0.7745 0.0992 0.6248 0.006 -0.7478 -0.0897 0.6466 -0.1212 -0.6243 -0.1634 0.7353 -0.2072 -0.8112 -0.2706 0.4197 0.3044 -0.5235 -0.0226 -0.8292 0.1945 -0.6537 0.1667 0.5997 0.4304 -0.6269 0.2213 0.7059 0.2444 -0.9642 -0.0305 -0.2611 0.0353
-0.7771 0.18 0.5932 0.1089 -0.3932 0.7469 0.1775 0.506 -0.7745 0.0992 0.6248 0.006 -0.7478 -0.0897 0.6466 -0.1212 -0.6243 -0.1634 0.7353 -0.2072 -0.8112 -0.2706 0.4197 0.3044 -0.5235 -0.0226 -0.8292 0.1945 -0.6537 0.1667 0.5997 0.4304 -0.6269 0.2213 0.7059 0.2444 -0.9642 -0.0305 -0.2611 0.0353
-0.7771 0.18 0.5932 0.1089 -0.3932 0.7469 0.1775 0.506 -0.7745 0.0992 0.6248 0.006 -0.7478 -0.0897 0.6466 -0.1212 -0.6243 -0.1634 0.7353 -0.2072 -0.8112 -0.2706 0.4197 0.3044 -0.5235 -0.0226 -0.8292 0.1945 -0.6537 0.1667 0.5997 0.4304 -0.6269 0.2213 0.7059 0.2444 -0.9642 -0.0305 -0.2611 0.0353
-0.7771 0.18 0.5932 0.1089 -0.3932 0.7469 0.1775 0.506 -0.7745 0.0992 0.6248 0.006 -0.7512 -0.1436 0.6436 0.0284 -0.6243 -0.1634 0.7353 -0.2072 -0.7912 -0.3187 0.4474 0.2688 -0.726 0.0189 -0.6734 0.1385 -0.6537 0.1667 0.5997 0.4304 -0.6269 0.2213 0.7059 0.2444 -0.9642 -0.0305 -0.2611 0.0353
-0.7771 0.18 0.5932 0.1089 -0.3932 0.7469 0.1775 0.506 -0.7745 0.0992 0.6248 0.006 -0.7512 -0.1436 0.6436 0.0284 -0.6243 -0.1634 0.7353 -0.2072 -0.7912 -0.3187 0.4474 0.2688 -0.726 0.0189 -0.6734 0.1385 -0.6537 0.1667 0.5997 0.4304 -0.6269 0.2213 0.7059 0.2444 -0.9642 -0.0305 -0.2611 0.0353
-0.7771 0.18 0.5932 0.1089 -0.3932 0.7469 0.1775 0.506 -0.7745 0.0992 0.6248 0.006 -0.7512 -0.1436 0.6436 0.0284 -0.6243 -0.1634 0.7353 -0.2072 -0.7912 -0.3187 0.4474 0.2688 -0.726 0.0189 -0.6734 0.1385 -0.6537 0.1667 0.5997 0.4304 -0.6269 0.2213 0.7059 0.2444 -0.9642 -0.0305 -0.2611 0.0353
-0.7771 0.18 0.5932 0.1089 -0.3858 0.7324 0.1711 0.5344 -0.7784 0.0832 0.6003 0.1639 -0.7512 -0.1436 0.6436 0.0284 -0.6243 -0.1634 0.7353 -0.2072 -0.7912 -0.3187 0.4474 0.2688 -0.726 0.0189 -0.6734 0.1385 -0.6462 0.2048 0.7011 0.2211 -0.6538 0.276 0.6932 0.1261 -0.9642 -0.0305 -0.2611 0.0353
-0.7771 0.18 0.5932 0.1089 -0.3858 0.7324 0.1711 0.5344 -0.7784 0.0832 0.6003 0.1639 -0.7512 -0.1436 0.6436 0.0284 -0.6243 -0.1634 0.7353 -0.2072 -0.7912 -0.3187 0.4474 0.2688 -0.726 0.0189 -0.6734 0.1385 -0.6462 0.2048 0.7011 0.2211 -0.6538 0.276 0.6932 0.1261 -0.9642 -0.0305 -0.2611 0.0353
-0.7771 0.18 0.5932 0.1089 -0.3858 0.7324 0.1711 0.5344 -0.7784 0.0832 0.6003 0.1639 -0.7512 -0.1436 0.6436 0.0284 -0.6243 -0.1634 0.7353 -0.2072 -0.7912 -0.3187 0.4474 0.2688 -0.726 0.0189 -0.6734 0.1385 -0.6462 0.2048 0.7011 0.2211 -0.6538 0.276 0.6932 0.1261 -0.9642 -0.0305 -0.2611 0.0353
-0.7771 0.18 0.5932 0.1089 -0.3858 0.7324 0.1711 0.5344 -0.7784 0.0832 0.6003 0.1639 -0.7512 -0.1436 0.6436 0.0284 -0.6243 -0.1634 0.7353 -0.2072 -0.7912 -0.3187 0.4474 0.2688 -0.8951 -0.0666 -0.431 0.092 -0.6462 0.2048 0.7011 0.2211 -0.6538 0.276 0.6932 0.1261 -0.9642 -0.0305 -0.2611 0.0353
-0.7771 0.18 0.5932 0.1089 -0.3858 0.7324 0.1711 0.5344 -0.7784 0.0832 0.6003 0.1639 -0.7268 -0.2509 0.6221 0.1475 -0.6243 -0.1634 0.7353 -0.2072 -0.7646 -0.1659 0.6124 0.113 -0.8951 -0.0666 -0.431 0.092 -0.6462 0.2048 0.7011 0.2211 -0.6538 0.276 0.6932 0.1261 -0.9642 -0.0305 -0.2611 0.0353
-0.7771 0.18 0.5932 0.1089 -0.3858 0.7324 0.1711 0.5344 -0.7784 0.0832 0.6003 0.1639 -0.7268 -0.2509 0.6221 0.1475 -0.6243 -0.1634 0.7353 -0.2072 -0.7646 -0.1659 0.6124 0.113 -0.8951 -0.0666 -0.431 0.092 -0.6462 0.2048 0.7011 0.2211 -0.6538 0.276 0.6932 0.1261 -0.9642 -0.0305 -0.2611 0.0353
-0.7771 0.18 0.5932 0.1089 -0.3858 0.7324 0.1711 0.5344 -0.7784 0.0832 0.6003 0.1639 -0.7268 -0.2509 0.6221 0.1475 -0.6243 -0.1634 0.7353 -0.2072 -0.7646 -0.1659 0.6124 0.113 -0.8951 -0.0666 -0.431 0.092 -0.6462 0.2048 0.7011 0.2211 -0.6769 0.2891 0.6748 0.0531 -0.9642 -0.0305 -0.2611 0.0353
-0.7771 0.18 0.5932 0.1089 -0.3858 0.7324 0.1711 0.5344 -0.7855 0.0639 0.5831 0.1975 -0.7268 -0.2509 0.6221 0.1475 -0.6243 -0.1634 0.7353 -0.2072 -0.7646 -0.1659 0.6124 0.113 -0.8951 -0.0666 -0.431 0.092 -0.6462 0.2048 0.7011 0.2211 -0.6769 0.2891 0.6748 0.0531 -0.9642 -0.0305 -0.2611 0.0353
-0.7771 0.18 0.5932 0.1089 -0.3858 0.7324 0.1711 0.5344 -0.7855 0.0639 0.5831 0.1975 -0.7268 -0.2509 0.6221 0.1475 -0.6243 -0.1634 0.7353 -0.2072 -0.7646 -0.1659 0.6124 0.113 -0.8951 -0.0666 -0.431 0.092 -0.6462 0.2048 0.7011 0.2211 -0.6769 0.2891 0.6748 0.0531 -0.9642 -0.0305 -0.2611 0.0353
-0.7771 0.18 0.5932 0.1089 -0.3858 0.7324 0.1711 0.5344 -0.7855 0.0639 0.5831 0.1975 -0.7268 -0.2509 0.6221 0.1475 -0.6243 -0.1634 0.7353 -0.2072 -0.7646 -0.1659 0.6124 0.113 -0.8951 -0.0666 -0.431 0.092 -0.6462 0.2048 0.7011 0.2211 -0.6769 0.2891 0.6748 0.0531 -0.9642 -0.0305 -0.2611 0.0353
-0.7771 0.18 0.5932 0.1089 -0.3858 0.7324 0.1711 0.5344 -0.7855 0.0639 0.5831 0.1975 -0.7268 -0.2509 0.6221 0.1475 -0.6243 -0.1634 0.7353 -0.2072 -0.7646 -0.1659 0.6124 0.113 -0.8951 -0.0666 -0.431 0.092 -0.6462 0.2048 0.7011 0.2211 -0.6769 0.2891 0.6748 0.0531 -0.9642 -0.0305 -0.2611 0.0353
-0.7771 0.18 0.5932 0.1089 -0.3858 0.7324 0.1711 0.5344 -0.7855 0.0639 0.5831 0.1975 -0.6977 -0.3032 0.6059 0.2328 -0.6243 -0.1634 0.7353 -0.2072 -0.6803 0.0527 0.7284 -0.0624 -0.9771 -0.1523 -0.14 0.0496 -0.6462 0.2048 0.7011 0.2211 -0.6769 0.2891 0.6748 0.0531 -0.9642 -0.0305 -0.2611 0.0353
-0.7771 0.18 0.5932 0.1089 -0.3858 0.7324 0.1711 0.5344 -0.7855 0.0639 0.5831 0.1975 -0.6977 -0.3032 0.6059 0.2328 -0.6243 -0.1634 0.7353 -0.2072 -0.6803 0.0527 0.7284 -0.0624 -0.9771 -0.1523 -0.14 0.0496 -0.6462 0.2048 0.7011 0.2211 -0.6769 0.2891 0.6748 0.0531 -0.9642 -0.0305 -0.2611 0.0353
-0.7771 0.18 0.5932 0.1089 -0.3858 0.7324 0.1711 0.5344 -0.7855 0.0639 0.5831 0.1975 -0.6977 -0.3032 0.6059 0.2328 -0.6243 -0.1634 0.7353 -0.2072 -0.6803 0.0527 0.7284 -0.0624 -0.9771 -0.1523 -0.14 0.0496 -0.6462 0.2048 0.7011 0.2211 -0.6769 0.2891 0.6748 0.0531 -0.9642 -0.0305 -0.2611 0.0353
-0.7771 0.18 0.5932 0.1089 -0.3431 0.7158 0.1431 0.5911 -0.7858 0.0535 0.5778 0.2141 -0.6977 -0.3032 0.6059 0.2328 -0.6243 -0.1634 0.7353 -0.2072 -0.6803 0.0527 0.7284 -0.0624 -0.9771 -0.1523 -0.14 0.0496 -0.6558 0.2195 0.7223 0.0014 -0.7073 0.3053 0.6366 -0.0364 -0.9642 -0.0305 -0.2611 0.0353
-0.7771 0.18 0.5932 0.1089 -0.3431 0.7158 0.1431 0.5911 -0.7858 0.0535 0.5778 0.2141 -0.6977 -0.3032 0.6059 0.2328 -0.6243 -0.1634 0.7353 -0.2072 -0.6803 0.0527 0.7284 -0.0624 -0.9771 -0.1523 -0.14 0.0496 -0.6558 0.2195 0.7223 0.0014 -0.7073 0.3053 0.6366 -0.0364 -0.9642 -0.0305 -0.2611 0.0353
-0.7771 0.18 0.5932 0.1089 -0.3431 0.7158 0.1431 0.5911 -0.7858 0.0535 0.5778 0.2141 -0.6977 -0.3032 0.6059 0.2328 -0.6243 -0.1634 0.7353 -0.2072 -0.6803 0.0527 0.7284 -0.0624 -0.9771 -0.1523 -0.14 0.0496 -0.6558 0.2195 0.7223 0.0014 -0.7073 0.3053 0.6366 -0.0364 -0.9642 -0.0305 -0.2611 0.0353
-0.7771 0.18 0.5932 0.1089 -0.3431 0.7158 0.1431 0.5911 -0.7858 0.0535 0.5778 0.2141 -0.6977 -0.3032 0.6059 0.2328 -0.6243 -0.1634 0.7353 -0.2072 -0.6803 0.0527 0.7284 -0.0624 -0.9771 -0.1523 -0.14 0.0496 -0.6558 0.2195 0.7223 0.0014 -0.7073 0.3053 0.6366 -0.0364 -0.9642 -0.0305 -0.2611 0.0353
-0.7771 0.18 0.5932 0.1089 -0.3431 0.7158 0.1431 0.5911 -0.7858 0.0535 0.5778 0.2141 -0.6909 -0.2782 0.6309 0.2174 -0.6243 -0.1634 0.7353 -0.2072 -0.6512 0.0845 0.7495 -0.0834 -0.9747 -0.2097 -0.0733 -0.0243 -0.6558 0.2195 0.7223 0.0014 -0.7073 0.3053 0.6366 -0.0364 -0.9642 -0.0305 -0.2611 0.0353
-0.7495 0.2061 0.5906 0.2167 -0.3431 0.7158 0.1431 0.5911 -0.7858 0.0535 0.5778 0.2141 -0.6909 -0.2782 0.6309 0.2174 -0.6243 -0.1634 0.7353 -0.2072 -0.6512 0.0845 0.7495 -0.0834 -0.9747 -0.2097 -0.0733 -0.0243 -0.6558 0.2195 0.7223 0.0014 -0.7073 0.3053 0.6366 -0.0364 -0.9642 -0.0305 -0.2611 0.0353
-0.7495 0.2061 0.5906 0.2167 -0.3431 0.7158 0.1431 0.5911 -0.7858 0.0535 0.5778 0.2141 -0.6909 -0.2782 0.6309 0.2174 -0.6243 -0.1634 0.7353 -0.2072 -0.6512 0.0845 0.7495 -0.0834 -0.9747 -0.2097 -0.0733 -0.0243 -0.6558 0.2195 0.7223 0.0014 -0.7073 0.3053 0.6366 -0.0364 -0.9642 -0.0305 -0.2611 0.0353
-0.7495 0.2061 0.5906 0.2167 -0.3191 0.7094 0.1314 0.6146 -0.7827 0.0683 0.5855 0.2 -0.6909 -0.2782 0.6309 0.2174 -0.6243 -0.1634 0.7353 -0.2072 -0.6512 0.0845 0.7495 -0.0834 -0.9747 -0.2097 -0.0733 -0.0243 -0.6919 0.1885 0.6953 -0.0491 -0.7354 0.3787 0.5309 -0.184 -0.9642 -0.0305 -0.2611 0.0353
-0.7495 0.2061 0.5906 0.2167 -0.3191 0.7094 0.1314 0.6146 -0.7827 0.0683 0.5855 0.2 -0.6909 -0.2782 0.6309 0.2174 -0.6243 -0.1634 0.7353 -0.2072 -0.6512 0.0845 0.7495 -0.0834 -0.9747 -0.2097 -0.0733 -0.0243 -0.6919 0.1885 0.6953 -0.0491 -0.7354 0.3787 0.5309 -0.184 -0.9642 -0.0305 -0.2611 0.0353
-0.7495 0.2061 0.5906 0.2167 -0.3191 0.7094 0.1314 0.6146 -0.7827 0.0683 0.5855 0.2 -0.6909 -0.2782 0.6309 0.2174 -0.6243 -0.1634 0.7353 -0.2072 -0.6512 0.0845 0.7495 -0.0834 -0.9747 -0.2097 -0.0733 -0.0243 -0.6919 0.1885 0.6953 -0.0491 -0.7354 0.3787 0.5309 -0.184 -0.9642 -0.0305 -0.2611 0.0353
-0.7495 0.2061 0.5906 0.2167 -0.3191 0.7094 0.1314 0.6146 -0.7827 0.0683 0.5855 0.2 -0.6909 -0.2782 0.6309 0.2174 -0.6243 -0.1634 0.7353 -0.2072 -0.6512 0.0845 0.7495 -0.0834 -0.9747 -0.2097 -0.0733 -0.0243 -0.6919 0.1885 0.6953 -0.0491 -0.7354 0.3787 0.5309 -0.184 -0.9642 -0.0305 -0.2611 0.0353
-0.7495 0.2061 0.5906 0.2167 -0.3191 0.7094 0.1314 0.6146 -0.7827 0.0683 0.5855 0.2 -0.7216 -0.1713 0.6595 0.1226 -0.6243 -0.1634 0.7353 -0.2072 -0.6834 -0.1048 0.7101 -0.1328 -0.9579 -0.0607 -0.2796 0.0208 -0.6919 0.1885 0.6953 -0.0491 -0.7354 0.3787 0.5309 -0.184 -0.9642 -0.0305 -0.2611 0.0353
-0.7429 0.2043 0.6121 0.1783 -0.3191 0.7094 0.1314 0.6146 -0.7827 0.0683 0.5855 0.2 -0.7216 -0.1713 0.6595 0.1226 -0.6243 -0.1634 0.7353 -0.2072 -0.6834 -0.1048 0.7101 -0.1328 -0.9579 -0.0607 -0.2796 0.0208 -0.6919 0.1885 0.6953 -0.0491 -0.7354 0.3787 0.5309 -0.184 -0.9642 -0.0305 -0.2611 0.0353
-0.7429 0.2043 0.6121 0.1783 -0.3191 0.7094 0.1314 0.6146 -0.7827 0.0683 0.5855 0.2 -0.7216 -0.1713 0.6595 0.1226 -0.6243 -0.1634 0.7353 -0.2072 -0.6834 -0.1048 0.7101 -0.1328 -0.9579 -0.0607 -0.2796 0.0208 -0.6919 0.1885 0.6953 -0.0491 -0.7354 0.3787 0.5309 -0.184 -0.9642 -0.0305 -0.2611 0.0353
-0.7429 0.2043 0.6121 0.1783 -0.3065 0.7183 0.1211 0.6127 -0.7819 0.082 0.5974 0.1581 -0.7216 -0.1713 0.6595 0.1226 -0.6243 -0.1634 0.7353 -0.2072 -0.6834 -0.1048 0.7101 -0.1328 -0.9579 -0.0607 -0.2796 0.0208 -0.727 0.095 0.6724 0.1016 -0.6687 0.5151 0.468 -0.2616 -0.9642 -0.0305 -0.2611 0.0353
-0.7429 0.2043 0.6121 0.1783 -0.3065 0.7183 0.1211 0.6127 -0.7819 0.082 0.5974 0.1581 -0.7216 -0.1713 0.6595 0.1226 -0.6243 -0.1634 0.7353 -0.2072 -0.6834 -0.1048 0.7101 -0.1328 -0.9579 -0.0607 -0.2796 0.0208 -0.727 0.095 0.6724 0.1016 -0.6687 0.5151 0.468 -0.2616 -0.9642 -0.0305 -0.2611 0.0353
-0.7429 0.2043 0.6121 0.1783 -0.3065 0.7183 0.1211 0.6127 -0.7819 0.082 0.5974 0.1581 -0.7216 -0.1713 0.6595 0.1226 -0.6243 -0.1634 0.7353 -0.2072 -0.6834 -0.1048 0.7101 -0.1328 -0.9579 -0.0607 -0.2796 0.0208 -0.727 0.095 0.6724 0.1016 -0.6687 0.5151 0.468 -0.2616 -0.9642 -0.0305 -0.2611 0.0353
-0.7429 0.2043 0.6121 0.1783 -0.3065 0.7183 0.1211 0.6127 -0.7819 0.082 0.5974 0.1581 -0.7216 -0.1713 0.6595 0.1226 -0.6243 -0.1634 0.7353 -0.2072 -0.7084 -0.1204 0.6945 -0.0368 -0.9579 -0.0607 -0.2796 0.0208 -0.727 0.095 0.6724 0.1016 -0.6687 0.5151 0.468 -0.2616 -0.9642 -0.0305 -0.2611 0.0353
-0.7429 0.2043 0.6121 0.1783 -0.3065 0.7183 0.1211 0.6127 -0.7819 0.082 0.5974 0.1581 -0.7513 -0.1105 0.6503 0.0219 -0.6243 -0.1634 0.7353 -0.2072 -0.7084 -0.1204 0.6945 -0.0368 -0.9442 -0.0477 -0.3256 0.0162 -0.727 0.095 0.6724 0.1016 -0.6687 0.5151 0.468 -0.2616 -0.9642 -0.0305 -0.2611 0.0353
-0.7429 0.2043 0.6121 0.1783 -0.3065 0.7183 0.1211 0.6127 -0.7819 0.082 0.5974 0.1581 -0.7513 -0.1105 0.6503 0.0219 -0.6243 -0.1634 0.7353 -0.2072 -0.7084 -0.1204 0.6945 -0.0368 -0.9442 -0.0477 -0.3256 0.0162 -0.727 0.095 0.6724 0.1016 -0.6687 0.5151 0.468 -0.2616 -0.731 0.0059 -0.6821 0.0178
-0.7429 0.2043 0.6121 0.1783 -0.3965 0.7383 0.1751 0.5167 -0.7819 0.082 0.5974 0.1581 -0.7513 -0.1105 0.6503 0.0219 -0.6243 -0.1634 0.7353 -0.2072 -0.7084 -0.1204 0.6945 -0.0368 -0.9442 -0.0477 -0.3256 0.0162 -0.727 0.095 0.6724 0.1016 -0.6687 0.5151 0.468 -0.2616 -0.731 0.0059 -0.6821 0.0178
-0.7429 0.2043 0.6121 0.1783 -0.3965 0.7383 0.1751 0.5167 -0.7819 0.082 0.5974 0.1581 -0.7513 -0.1105 0.6503 0.0219 -0.6243 -0.1634 0.7353 -0.2072 -0.7084 -0.1204 0.6945 -0.0368 -0.9442 -0.0477 -0.3256 0.0162 -0.727 0.095 0.6724 0.1016 -0.6687 0.5151 0.468 -0.2616 -0.731 0.0059 -0.6821 0.0178
-0.7429 0.2043 0.6121 0.1783 -0.3965 0.7383 0.1751 0.5167 -0.7809 0.0862 0.6082 0.1132 -0.7513 -0.1105 0.6503 0.0219 -0.6243 -0.1634 0.7353 -0.2072 -0.7084 -0.1204 0.6945 -0.0368 -0.9442 -0.0477 -0.3256 0.0162 -0.727 0.095 0.6724 0.1016 -0.7207 0.4219 0.5094 -0.2076 -0.731 0.0059 -0.6821 0.0178
-0.7429 0.2043 0.6121 0.1783 -0.3965 0.7383 0.1751 0.5167 -0.7809 0.0862 0.6082 0.1132 -0.7513 -0.1105 0.6503 0.0219 -0.6243 -0.1634 0.7353 -0.2072 -0.7084 -0.1204 0.6945 -0.0368 -0.9442 -0.0477 -0.3256 0.0162 -0.727 0.095 0.6724 0.1016 -0.7207 0.4219 0.5094 -0.2076 -0.731 0.0059 -0.6821 0.0178
-0.7429 0.2043 0.6121 0.1783 -0.3965 0.7383 0.1751 0.5167 -0.7809 0.0862 0.6082 0.1132 -0.7513 -0.1105 0.6503 0.0219 -0.6243 -0.1634 0.7353 -0.2072 -0.7084 -0.1204 0.6945 -0.0368 -0.9442 -0.0477 -0.3256 0.0162 -0.727 0.095 0.6724 0.1016 -0.7207 0.4219 0.5094 -0.2076 -0.731 0.0059 -0.6821 0.0178
-0.7429 0.2043 0.6121 0.1783 -0.3965 0.7383 0.1751 0.5167 -0.7809 0.0862 0.6082 0.1132 -0.7535 -0.1348 0.6409 -0.0587 -0.6243 -0.1634 0.7353 -0.2072 -0.7242 -0.1212 0.6787 0.0123 -0.9409 -0.0461 -0.335 0.02 -0.727 0.095 0.6724 0.1016 -0.7207 0.4219 0.5094 -0.2076 -0.731 0.0059 -0.6821 0.0178
-0.7429 0.2043 0.6121 0.1783 -0.3965 0.7383 0.1751 0.5167 -0.7809 0.0862 0.6082 0.1132 -0.7535 -0.1348 0.6409 -0.0587 -0.6243 -0.1634 0.7353 -0.2072 -0.7242 -0.1212 0.6787 0.0123 -0.9409 -0.0461 -0.335 0.02 -0.727 0.095 0.6724 0.1016 -0.7207 0.4219 0.5094 -0.2076 -0.731 0.0059 -0.6821 0.0178
-0.7429 0.2043 0.6121 0.1783 -0.3965 0.7383 0.1751 0.5167 -0.7809 0.0862 0.6082 0.1132 -0.7535 -0.1348 0.6409 -0.0587 -0.6243 -0.1634 0.7353 -0.2072 -0.7242 -0.1212 0.6787 0.0123 -0.9409 -0.0461 -0.335 0.02 -0.727 0.095 0.6724 0.1016 -0.7207 0.4219 0.5094 -0.2076 -0.731 0.0059 -0.6821 0.0178
-0.7429 0.2043 0.6121 0.1783 -0.4119 0.788 0.1487 0.4326 -0.7934 0.1002 0.597 0.0638 -0.7535 -0.1348 0.6409 -0.0587 -0.6243 -0.1634 0.7353 -0.2072 -0.7242 -0.1212 0.6787 0.0123 -0.9409 -0.0461 -0.335 0.02 -0.683 -0.16 0.5171 0.4904 -0.6881 0.2053 0.6953 0.0301 -0.731 0.0059 -0.6821 0.0178
-0.7429 0.2043 0.6121 0.1783 -0.4119 0.788 0.1487 0.4326 -0.7934 0.1002 0.597 0.0638 -0.7535 -0.1348 0.6409 -0.0587 -0.6243 -0.1634 0.7353 -0.2072 -0.7242 -0.1212 0.6787 0.0123 -0.9409 -0.0461 -0.335 0.02 -0.683 -0.16 0.5171 0.4904 -0.6881 0.2053 0.6953 0.0301 -0.731 0.0059 -0.6821 0.0178
-0.7429 0.2043 0.6121 0.1783 -0.4119 0.788 0.1487 0.4326 -0.7934 0.1002 0.597 0.0638 -0.7535 -0.1348 0.6409 -0.0587 -0.6243 -0.1634 0.7353 -0.2072 -0.7242 -0.1212 0.6787 0.0123 -0.9409 -0.0461 -0.335 0.02 -0.683 -0.16 0.5171 0.4904 -0.6881 0.2053 0.6953 0.0301 -0.731 0.0059 -0.6821 0.0178
-0.7429 0.2043 0.6121 0.1783 -0.4119 0.788 0.1487 0.4326 -0.7934 0.1002 0.597 0.0638 -0.7535 -0.1348 0.6409 -0.0587 -0.6243 -0.1634 0.7353 -0.2072 -0.7242 -0.1212 0.6787 0.0123 -0.9409 -0.0461 -0.335 0.02 -0.683 -0.16 0.5171 0.4904 -0.6881 0.2053 0.6953 0.0301 -0.731 0.0059 -0.6821 0.0178
-0.7429 0.2043 0.6121 0.1783 -0.4119 0.788 0.1487 0.4326 -0.7934 0.1002 0.597 0.0638 -0.7603 -0.1271 0.6309 -0.0889 -0.6243 -0.1634 0.7353 -0.2072 -0.7473 -0.1523 0.6435 0.0656 -0.936 -0.0412 -0.3488 0.0231 -0.683 -0.16 0.5171 0.4904 -0.6881 0.2053 0.6953 0.0301 -0.731 0.0059 -0.6821 0.0178
-0.7429 0.2043 0.6121 0.1783 -0.4119 0.788 0.1487 0.4326 -0.7934 0.1002 0.597 0.0638 -0.7603 -0.1271 0.6309 -0.0889 -0.6243 -0.1634 0.7353 -0.2072 -0.7473 -0.1523 0.6435 0.0656 -0.936 -0.0412 -0.3488 0.0231 -0.683 -0.16 0.5171 0.4904 -0.6881 0.2053 0.6953 0.0301 -0.731 0.0059 -0.6821 0.0178
-0.7429 0.2043 0.6121 0.1783 -0.4119 0.788 0.1487 0.4326 -0.7966 0.1062 0.5933 0.0456 -0.7603 -0.1271 0.6309 -0.0889 -0.6243 -0.1634 0.7353 -0.2072 -0.7473 -0.1523 0.6435 0.0656 -0.936 -0.0412 -0.3488 0.0231 -0.683 -0.16 0.5171 0.4904 -0.6881 0.2053 0.6953 0.0301 -0.731 0.0059 -0.6821 0.0178
-0.7429 0.2043 0.6121 0.1783 -0.4119 0.788 0.1487 0.4326 -0.7966 0.1062 0.5933 0.0456 -0.7603 -0.1271 0.6309 -0.0889 -0.6243 -0.1634 0.7353 -0.2072 -0.7473 -0.1523 0.6435 0.0656 -0.936 -0.0412 -0.3488 0.0231 -0.683 -0.16 0.5171 0.4904 -0.6056 0.045 0.7423 0.2831 -0.731 0.0059 -0.6821 0.0178
-0.7429 0.2043 0.6121 0.1783 -0.4119 0.788 0.1487 0.4326 -0.7966 0.1062 0.5933 0.0456 -0.7603 -0.1271 0.6309 -0.0889 -0.6243 -0.1634 0.7353 -0.2072 -0.7473 -0.1523 0.6435 0.0656 -0.936 -0.0412 -0.3488 0.0231 -0.683 -0.16 0.5171 0.4904 -0.6056 0.045 0.7423 0.2831 -0.731 0.0059 -0.6821 0.0178
-0.7429 0.2043 0.6121 0.1783 -0.4119 0.788 0.1487 0.4326 -0.7966 0.1062 0.5933 0.0456 -0.7603 -0.1271 0.6309 -0.0889 -0.6243 -0.1634 0.7353 -0.2072 -0.7473 -0.1523 0.6435 0.0656 -0.936 -0.0412 -0.3488 0.0231 -0.683 -0.16 0.5171 0.4904 -0.6056 0.045 0.7423 0.2831 -0.731 0.0059 -0.6821 0.0178
-0.7429 0.2043 0.6121 0.1783 -0.4119 0.788 0.1487 0.4326 -0.7966 0.1062 0.5933 0.0456 -0.7603 -0.1271 0.6309 -0.0889 -0.6243 -0.1634 0.7353 -0.2072 -0.7473 -0.1523 0.6435 0.0656 -0.936 -0.0412 -0.3488 0.0231 -0.683 -0.16 0.5171 0.4904 -0.6056 0.045 0.7423 0.2831 -0.731 0.0059 -0.6821 0.0178
-0.7429 0.2043 0.6121 0.1783 -0.4119 0.788 0.1487 0.4326 -0.7966 0.1062 0.5933 0.0456 -0.7527 -0.1558 0.6318 -0.1 -0.6243 -0.1634 0.7353 -0.2072 -0.7739 -0.1891 0.5811 0.1663 -0.9052 -0.0381 -0.42 0.053 -0.683 -0.16 0.5171 0.4904 -0.6056 0.045 0.7423 0.2831 -0.731 0.0059 -0.6821 0.0178
-0.7429 0.2043 0.6121 0.1783 -0.4119 0.788 0.1487 0.4326 -0.7966 0.1062 0.5933 0.0456 -0.7527 -0.1558 0.6318 -0.1 -0.6243 -0.1634 0.7353 -0.2072 -0.7739 -0.1891 0.5811 0.1663 -0.9052 -0.0381 -0.42 0.053 -0.683 -0.16 0.5171 0.4904 -0.6056 0.045 0.7423 0.2831 -0.731 0.0059 -0.6821 0.0178
-0.7429 0.2043 0.6121 0.1783 -0.4119 0.788 0.1487 0.4326 -0.7966 0.1062 0.5933 0.0456 -0.7527 -0.1558 0.6318 -0.1 -0.6243 -0.1634 0.7353 -0.2072 -0.7739 -0.1891 0.5811 0.1663 -0.9052 -0.0381 -0.42 0.053 -0.683 -0.16 0.5171 0.4904 -0.6056 0.045 0.7423 0.2831 -0.731 0.0059 -0.6821 0.0178
-0.7989 0.1616 0.5685 0.1116 -0.4188 0.8093 0.16 0.3796 -0.7977 0.0777 0.5976 0.0217 -0.7527 -0.1558 0.6318 -0.1 -0.6243 -0.1634 0.7353 -0.2072 -0.7739 -0.1891 0.5811 0.1663 -0.9052 -0.0381 -0.42 0.053 -0.6717 0.0364 0.587 0.4504 -0.6182 0.0826 0.7312 0.2762 -0.731 0.0059 -0.6821 0.0178
-0.7989 0.1616 0.5685 0.1116 -0.4188 0.8093 0.16 0.3796 -0.7977 0.0777 0.5976 0.0217 -0.7527 -0.1558 0.6318 -0.1 -0.6243 -0.1634 0.7353 -0.2072 -0.7739 -0.1891 0.5811 0.1663 -0.9052 -0.0381 -0.42 0.053 -0.6717 0.0364 0.587 0.4504 -0.6182 0.0826 0.7312 0.2762 -0.731 0.0059 -0.6821 0.0178
-0.7989 0.1616 0.5685 0.1116 -0.4188 0.8093 0.16 0.3796 -0.7977 0.0777 0.5976 0.0217 -0.7527 -0.1558 0.6318 -0.1 -0.6243 -0.1634 0.7353 -0.2072 -0.7739 -0.1891 0.5811 0.1663 -0.9052 -0.0381 -0.42 0.053 -0.6717 0.0364 0.587 0.4504 -0.6182 0.0826 0.7312 0.2762 -0.731 0.0059 -0.6821 0.0178
-0.7989 0.1616 0.5685 0.1116 -0.4188 0.8093 0.16 0.3796 -0.7977 0.0777 0.5976 0.0217 -0.7527 -0.1558 0.6318 -0.1 -0.6243 -0.1634 0.7353 -0.2072 -0.7938 -0.2435 0.4945 0.2569 -0.9052 -0.0381 -0.42 0.053 -0.6717 0.0364 0.587 0.4504 -0.6182 0.0826 0.7312 0.2762 -0.731 0.0059 -0.6821 0.0178
-0.7989 0.1616 0.5685 0.1116 -0.4188 0.8093 0.16 0.3796 -0.7977 0.0777 0.5976 0.0217 -0.7342 -0.179 0.6462 -0.107 -0.6243 -0.1634 0.7353 -0.2072 -0.7938 -0.2435 0.4945 0.2569 -0.7834 -0.0127 -0.6155 0.0847 -0.6717 0.0364 0.587 0.4504 -0.6182 0.0826 0.7312 0.2762 -0.731 0.0059 -0.6821 0.0178
-0.7989 0.1616 0.5685 0.1116 -0.4188 0.8093 0.16 0.3796 -0.7977 0.0777 0.5976 0.0217 -0.7342 -0.179 0.6462 -0.107 -0.6243 -0.1634 0.7353 -0.2072 -0.7938 -0.2435 0.4945 0.2569 -0.7834 -0.0127 -0.6155 0.0847 -0.6717 0.0364 0.587 0.4504 -0.6182 0.0826 0.7312 0.2762 -0.731 0.0059 -0.6821 0.0178
-0.7864 0.2089 0.5518 0.1828 -0.3915 0.777 0.1273 0.4763 -0.7977 0.0777 0.5976 0.0217 -0.7342 -0.179 0.6462 -0.107 -0.6243 -0.1634 0.7353 -0.2072 -0.7938 -0.2435 0.4945 0.2569 -0.7834 -0.0127 -0.6155 0.0847 -0.6717 0.0364 0.587 0.4504 -0.6182 0.0826 0.7312 0.2762 -0.9883 -0.02 -0.1491 0.0256
-0.7864 0.2089 0.5518 0.1828 -0.3915 0.777 0.1273 0.4763 -0.7977 0.0777 0.5976 0.0217 -0.7342 -0.179 0.6462 -0.107 -0.6243 -0.1634 0.7353 -0.2072 -0.7938 -0.2435 0.4945 0.2569 -0.7834 -0.0127 -0.6155 0.0847 -0.6717 0.0364 0.587 0.4504 -0.6257 0.2166 0.7108 0.2376 -0.9883 -0.02 -0.1491 0.0256
-0.7864 0.2089 0.5518 0.1828 -0.3915 0.777 0.1273 0.4763 -0.7977 0.0777 0.5976 0.0217 -0.7342 -0.179 0.6462 -0.107 -0.6243 -0.1634 0.7353 -0.2072 -0.7938 -0.2435 0.4945 0.2569 -0.7834 -0.0127 -0.6155 0.0847 -0.6717 0.0364 0.587 0.4504 -0.6257 0.2166 0.7108 0.2376 -0.9883 -0.02 -0.1491 0.0256
-0.7864 0.2089 0.5518 0.1828 -0.3915 0.777 0.1273 0.4763 -0.7977 0.0777 0.5976 0.0217 -0.7342 -0.179 0.6462 -0.107 -0.6243 -0.1634 0.7353 -0.2072 -0.7938 -0.2435 0.4945 0.2569 -0.7834 -0.0127 -0.6155 0.0847 -0.6717 0.0364 0.587 0.4504 -0.6257 0.2166 0.7108 0.2376 -0.9883 -0.02 -0.1491 0.0256
-0.7864 0.2089 0.5518 0.1828 -0.3915 0.777 0.1273 0.4763 -0.7977 0.0777 0.5976 0.0217 -0.7342 -0.179 0.6462 -0.107 -0.6243 -0.1634 0.7353 -0.2072 -0.7938 -0.2435 0.4945 0.2569 -0.7834 -0.0127 -0.6155 0.0847 -0.6717 0.0364 0.587 0.4504 -0.6257 0.2166 0.7108 0.2376 -0.9883 -0.02 -0.1491 0.0256
-0.7864 0.2089 0.5518 0.1828 -0.3915 0.777 0.1273 0.4763 -0.7977 0.0777 0.5976 0.0217 -0.7462 -0.1391 0.651 0.0096 -0.6243 -0.1634 0.7353 -0.2072 -0.7864 -0.3226 0.3543 0.3898 -0.5701 0.0732 -0.7736 0.2668 -0.6717 0.0364 0.587 0.4504 -0.6257 0.2166 0.7108 0.2376 -0.9883 -0.02 -0.1491 0.0256
-0.7864 0.2089 0.5518 0.1828 -0.3915 0.777 0.1273 0.4763 -0.7977 0.0777 0.5976 0.0217 -0.7462 -0.1391 0.651 0.0096 -0.6243 -0.1634 0.7353 -0.2072 -0.7864 -0.3226 0.3543 0.3898 -0.5701 0.0732 -0.7736 0.2668 -0.6717 0.0364 0.587 0.4504 -0.6257 0.2166 0.7108 0.2376 -0.9883 -0.02 -0.1491 0.0256
-0.7864 0.2089 0.5518 0.1828 -0.3915 0.777 0.1273 0.4763 -0.7977 0.0777 0.5976 0.0217 -0.7462 -0.1391 0.651 0.0096 -0.6243 -0.1634 0.7353 -0.2072 -0.7864 -0.3226 0.3543 0.3898 -0.5701 0.0732 -0.7736 0.2668 -0.6717 0.0364 0.587 0.4504 -0.6257 0.2166 0.7108 0.2376 -0.9883 -0.02 -0.1491 0.0256
-0.7864 0.2089 0.5518 0.1828 -0.3461 0.7411 0.1102 0.5646 -0.7748 0.0983 0.5968 0.1841 -0.7462 -0.1391 0.651 0.0096 -0.668 -0.1023 0.7112 -0.194 -0.7864 -0.3226 0.3543 0.3898 -0.5701 0.0732 -0.7736 0.2668 -0.665 0.1162 0.6614 0.3268 -0.6555 0.2242 0.7067 0.1436 -0.963 -0.0058 -0.2662 0.0418
-0.7864 0.2089 0.5518 0.1828 -0.3461 0.7411 0.1102 0.5646 -0.7748 0.0983 0.5968 0.1841 -0.7462 -0.1391 0.651 0.0096 -0.668 -0.1023 0.7112 -0.194 -0.7864 -0.3226 0.3543 0.3898 -0.5701 0.0732 -0.7736 0.2668 -0.665 0.1162 0.6614 0.3268 -0.6555 0.2242 0.7067 0.1436 -0.963 -0.0058 -0.2662 0.0418
-0.7864 0.2089 0.5518 0.1828 -0.3461 0.7411 0.1102 0.5646 -0.7748 0.0983 0.5968 0.1841 -0.7462 -0.1391 0.651 0.0096 -0.668 -0.1023 0.7112 -0.194 -0.7864 -0.3226 0.3543 0.3898 -0.5701 0.0732 -0.7736 0.2668 -0.665 0.1162 0.6614 0.3268 -0.6555 0.2242 0.7067 0.1436 -0.963 -0.0058 -0.2662 0.0418
-0.7864 0.2089 0.5518 0.1828 -0.3461 0.7411 0.1102 0.5646 -0.7748 0.0983 0.5968 0.1841 -0.7462 -0.1391 0.651 0.0096 -0.668 -0.1023 0.7112 -0.194 -0.8041 -0.3613 0.2811 0.3792 -0.5701 0.0732 -0.7736 0.2668 -0.665 0.1162 0.6614 0.3268 -0.6555 0.2242 0.7067 0.1436 -0.963 -0.0058 -0.2662 0.0418
-0.7864 0.2089 0.5518 0.1828 -0.3461 0.7411 0.1102 0.5646 -0.7748 0.0983 0.5968 0.1841 -0.7429 -0.2238 0.6198 0.1183 -0.668 -0.1023 0.7112 -0.194 -0.8041 -0.3613 0.2811 0.3792 -0.6846 0.166 -0.6669 0.243 -0.665 0.1162 0.6614 0.3268 -0.6555 0.2242 0.7067 0.1436 -0.963 -0.0058 -0.2662 0.0418
-0.7864 0.2089 0.5518 0.1828 -0.3461 0.7411 0.1102 0.5646 -0.7748 0.0983 0.5968 0.1841 -0.7429 -0.2238 0.6198 0.1183 -0.668 -0.1023 0.7112 -0.194 -0.8041 -0.3613 0.2811 0.3792 -0.6846 0.166 -0.6669 0.243 -0.665 0.1162 0.6614 0.3268 -0.6555 0.2242 0.7067 0.1436 -0.963 -0.0058 -0.2662 0.0418
-0.7864 0.2089 0.5518 0.1828 -0.3461 0.7411 0.1102 0.5646 -0.7748 0.0983 0.5968 0.1841 -0.7429 -0.2238 0.6198 0.1183 -0.668 -0.1023 0.7112 -0.194 -0.8041 -0.3613 0.2811 0.3792 -0.6846 0.166 -0.6669 0.243 -0.665 0.1162 0.6614 0.3268 -0.6555 0.2242 0.7067 0.1436 -0.963 -0.0058 -0.2662 0.0418
-0.7864 0.2089 0.5518 0.1828 -0.3387 0.7319 0.122 0.5786 -0.7865 0.0569 0.5778 0.2105 -0.7429 -0.2238 0.6198 0.1183 -0.668 -0.1023 0.7112 -0.194 -0.8041 -0.3613 0.2811 0.3792 -0.6846 0.166 -0.6669 0.243 -0.6707 0.1512 0.6945 0.2124 -0.6682 0.2363 0.6992 0.0936 -0.963 -0.0058 -0.2662 0.0418
-0.7864 0.2089 0.5518 0.1828 -0.3387 0.7319 0.122 0.5786 -0.7865 0.0569 0.5778 0.2105 -0.7429 -0.2238 0.6198 0.1183 -0.668 -0.1023 0.7112 -0.194 -0.8041 -0.3613 0.2811 0.3792 -0.6846 0.166 -0.6669 0.243 -0.6707 0.1512 0.6945 0.2124 -0.6682 0.2363 0.6992 0.0936 -0.963 -0.0058 -0.2662 0.0418
-0.7864 0.2089 0.5518 0.1828 -0.3387 0.7319 0.122 0.5786 -0.7865 0.0569 0.5778 0.2105 -0.7429 -0.2238 0.6198 0.1183 -0.668 -0.1023 0.7112 -0.194 -0.8041 -0.3613 0.2811 0.3792 -0.6846 0.166 -0.6669 0.243 -0.6707 0.1512 0.6945 0.2124 -0.6682 0.2363 0.6992 0.0936 -0.963 -0.0058 -0.2662 0.0418
-0.7864 0.2089 0.5518 0.1828 -0.3387 0.7319 0.122 0.5786 -0.7865 0.0569 0.5778 0.2105 -0.7429 -0.2238 0.6198 0.1183 -0.668 -0.1023 0.7112 -0.194 -0.7884 -0.278 0.5114 0.199 -0.6846 0.166 -0.6669 0.243 -0.6707 0.1512 0.6945 0.2124 -0.6682 0.2363 0.6992 0.0936 -0.963 -0.0058 -0.2662 0.0418
-0.7864 0.2089 0.5518 0.1828 -0.3387 0.7319 0.122 0.5786 -0.7865 0.0569 0.5778 0.2105 -0.7429 -0.2238 0.6198 0.1183 -0.668 -0.1023 0.7112 -0.194 -0.7884 -0.278 0.5114 0.199 -0.6846 0.166 -0.6669 0.243 -0.6707 0.1512 0.6945 0.2124 -0.6682 0.2363 0.6992 0.0936 -0.963 -0.0058 -0.2662 0.0418
-0.7864 0.2089 0.5518 0.1828 -0.3387 0.7319 0.122 0.5786 -0.7865 0.0569 0.5778 0.2105 -0.7085 -0.3055 0.5997 0.2125 -0.668 -0.1023 0.7112 -0.194 -0.7884 -0.278 0.5114 0.199 -0.8722 -0.0385 -0.4711 0.1259 -0.6707 0.1512 0.6945 0.2124 -0.6682 0.2363 0.6992 0.0936 -0.963 -0.0058 -0.2662 0.0418
-0.7864 0.2089 0.5518 0.1828 -0.3406 0.7261 0.1255 0.5839 -0.7855 0.0697 0.5608 0.2523 -0.7085 -0.3055 0.5997 0.2125 -0.668 -0.1023 0.7112 -0.194 -0.7884 -0.278 0.5114 0.199 -0.8722 -0.0385 -0.4711 0.1259 -0.6707 0.1512 0.6945 0.2124 -0.6682 0.2363 0.6992 0.0936 -0.963 -0.0058 -0.2662 0.0418
-0.7864 0.2089 0.5518 0.1828 -0.3406 0.7261 0.1255 0.5839 -0.7855 0.0697 0.5608 0.2523 -0.7085 -0.3055 0.5997 0.2125 -0.668 -0.1023 0.7112 -0.194 -0.7884 -0.278 0.5114 0.199 -0.8722 -0.0385 -0.4711 0.1259 -0.6707 0.1512 0.6945 0.2124 -0.6682 0.2363 0.6992 0.0936 -0.963 -0.0058 -0.2662 0.0418
-0.7864 0.2089 0.5518 0.1828 -0.3406 0.7261 0.1255 0.5839 -0.7855 0.0697 0.5608 0.2523 -0.7085 -0.3055 0.5997 0.2125 -0.668 -0.1023 0.7112 -0.194 -0.7884 -0.278 0.5114 0.199 -0.8722 -0.0385 -0.4711 0.1259 -0.6707 0.1512 0.6945 0.2124 -0.6791 0.2831 0.6747 0.0592 -0.963 -0.0058 -0.2662 0.0418
-0.7864 0.2089 0.5518 0.1828 -0.3406 0.7261 0.1255 0.5839 -0.7855 0.0697 0.5608 0.2523 -0.7085 -0.3055 0.5997 0.2125 -0.668 -0.1023 0.7112 -0.194 -0.7884 -0.278 0.5114 0.199 -0.8722 -0.0385 -0.4711 0.1259 -0.6707 0.1512 0.6945 0.2124 -0.6791 0.2831 0.6747 0.0592 -0.963 -0.0058 -0.2662 0.0418
-0.7864 0.2089 0.5518 0.1828 -0.3406 0.7261 0.1255 0.5839 -0.7855 0.0697 0.5608 0.2523 -0.7085 -0.3055 0.5997 0.2125 -0.668 -0.1023 0.7112 -0.194 -0.7884 -0.278 0.5114 0.199 -0.8722 -0.0385 -0.4711 0.1259 -0.6707 0.1512 0.6945 0.2124 -0.6791 0.2831 0.6747 0.0592 -0.963 -0.0058 -0.2662 0.0418
-0.7864 0.2089 0.5518 0.1828 -0.3406 0.7261 0.1255 0.5839 -0.7855 0.0697 0.5608 0.2523 -0.7007 -0.2772 0.6061 0.2544 -0.668 -0.1023 0.7112 -0.194 -0.6929 0.0235 0.7197 -0.0385 -0.9726 -0.2148 -0.0888 0.0085 -0.6707 0.1512 0.6945 0.2124 -0.6791 0.2831 0.6747 0.0592 -0.963 -0.0058 -0.2662 0.0418
-0.7864 0.2089 0.5518 0.1828 -0.3406 0.7261 0.1255 0.5839 -0.7855 0.0697 0.5608 0.2523 -0.7007 -0.2772 0.6061 0.2544 -0.668 -0.1023 0.7112 -0.194 -0.6929 0.0235 0.7197 -0.0385 -0.9726 -0.2148 -0.0888 0.0085 -0.6707 0.1512 0.6945 0.2124 -0.6791 0.2831 0.6747 0.0592 -0.9305 -0.0049 -0.3649 0.0307
-0.7864 0.2089 0.5518 0.1828 -0.3406 0.7261 0.1255 0.5839 -0.7855 0.0697 0.5608 0.2523 -0.7007 -0.2772 0.6061 0.2544 -0.668 -0.1023 0.7112 -0.194 -0.6929 0.0235 0.7197 -0.0385 -0.9726 -0.2148 -0.0888 0.0085 -0.6582 0.2075 0.723 0.0331 -0.6791 0.2831 0.6747 0.0592 -0.9305 -0.0049 -0.3649 0.0307
-0.7864 0.2089 0.5518 0.1828 -0.3406 0.7261 0.1255 0.5839 -0.7855 0.0697 0.5608 0.2523 -0.7007 -0.2772 0.6061 0.2544 -0.668 -0.1023 0.7112 -0.194 -0.6929 0.0235 0.7197 -0.0385 -0.9726 -0.2148 -0.0888 0.0085 -0.6582 0.2075 0.723 0.0331 -0.7061 0.3178 0.632 -0.0321 -0.9305 -0.0049 -0.3649 0.0307
-0.7864 0.2089 0.5518 0.1828 -0.3406 0.7261 0.1255 0.5839 -0.7855 0.0697 0.5608 0.2523 -0.7007 -0.2772 0.6061 0.2544 -0.668 -0.1023 0.7112 -0.194 -0.6929 0.0235 0.7197 -0.0385 -0.9726 -0.2148 -0.0888 0.0085 -0.6582 0.2075 0.723 0.0331 -0.7061 0.3178 0.632 -0.0321 -0.9305 -0.0049 -0.3649 0.0307
-0.7864 0.2089 0.5518 0.1828 -0.3406 0.7261 0.1255 0.5839 -0.7855 0.0697 0.5608 0.2523 -0.7007 -0.2772 0.6061 0.2544 -0.668 -0.1023 0.7112 -0.194 -0.6929 0.0235 0.7197 -0.0385 -0.9726 -0.2148 -0.0888 0.0085 -0.6582 0.2075 0.723 0.0331 -0.7061 0.3178 0.632 -0.0321 -0.9305 -0.0049 -0.3649 0.0307
-0.7864 0.2089 0.5518 0.1828 -0.3406 0.7261 0.1255 0.5839 -0.7855 0.0697 0.5608 0.2523 -0.7007 -0.2772 0.6061 0.2544 -0.668 -0.1023 0.7112 -0.194 -0.6737 -0.0038 0.7333 -0.0911 -0.9726 -0.2148 -0.0888 0.0085 -0.6582 0.2075 0.723 0.0331 -0.7061 0.3178 0.632 -0.0321 -0.9305 -0.0049 -0.3649 0.0307
-0.7864 0.2089 0.5518 0.1828 -0.3406 0.7261 0.1255 0.5839 -0.7855 0.0697 0.5608 0.2523 -0.7007 -0.2772 0.6061 0.2544 -0.668 -0.1023 0.7112 -0.194 -0.6737 -0.0038 0.7333 -0.0911 -0.9726 -0.2148 -0.0888 0.0085 -0.6582 0.2075 0.723 0.0331 -0.7061 0.3178 0.632 -0.0321 -0.9305 -0.0049 -0.3649 0.0307
-0.7864 0.2089 0.5518 0.1828 -0.3406 0.7261 0.1255 0.5839 -0.7855 0.0697 0.5608 0.2523 -0.7139 -0.2045 0.6433 0.1861 -0.668 -0.1023 0.7112 -0.194 -0.6737 -0.0038 0.7333 -0.0911 -0.9726 -0.2148 -0.0888 0.0085 -0.6582 0.2075 0.723 0.0331 -0.7061 0.3178 0.632 -0.0321 -0.9305 -0.0049 -0.3649 0.0307
-0.7483 0.2009 0.5865 0.236 -0.3406 0.7261 0.1255 0.5839 -0.7855 0.0697 0.5608 0.2523 -0.7139 -0.2045 0.6433 0.1861 -0.668 -0.1023 0.7112 -0.194 -0.6737 -0.0038 0.7333 -0.0911 -0.9726 -0.2148 -0.0888 0.0085 -0.6582 0.2075 0.723 0.0331 -0.7061 0.3178 0.632 -0.0321 -0.9305 -0.0049 -0.3649 0.0307
-0.7483 0.2009 0.5865 0.236 -0.3406 0.7261 0.1255 0.5839 -0.7797 0.0906 0.5856 0.2024 -0.7139 -0.2045 0.6433 0.1861 -0.668 -0.1023 0.7112 -0.194 -0.6737 -0.0038 0.7333 -0.0911 -0.9726 -0.2148 -0.0888 0.0085 -0.6582 0.2075 0.723 0.0331 -0.7284 0.3991 0.5156 -0.2104 -0.9305 -0.0049 -0.3649 0.0307
-0.7483 0.2009 0.5865 0.236 -0.3406 0.7261 0.1255 0.5839 -0.7797 0.0906 0.5856 0.2024 -0.7139 -0.2045 0.6433 0.1861 -0.668 -0.1023 0.7112 -0.194 -0.6737 -0.0038 0.7333 -0.0911 -0.9726 -0.2148 -0.0888 0.0085 -0.6582 0.2075 0.723 0.0331 -0.7284 0.3991 0.5156 -0.2104 -0.9305 -0.0049 -0.3649 0.0307
-0.7483 0.2009 0.5865 0.236 -0.3406 0.7261 0.1255 0.5839 -0.7797 0.0906 0.5856 0.2024 -0.7139 -0.2045 0.6433 0.1861 -0.668 -0.1023 0.7112 -0.194 -0.6737 -0.0038 0.7333 -0.0911 -0.9726 -0.2148 -0.0888 0.0085 -0.6582 0.2075 0.723 0.0331 -0.7284 0.3991 0.5156 -0.2104 -0.9305 -0.0049 -0.3649 0.0307
-0.7483 0.2009 0.5865 0.236 -0.3406 0.7261 0.1255 0.5839 -0.7797 0.0906 0.5856 0.2024 -0.7139 -0.2045 0.6433 0.1861 -0.668 -0.1023 0.7112 -0.194 -0.6996 -0.1265 0.6993 -0.0746 -0.9726 -0.2148 -0.0888 0.0085 -0.6582 0.2075 0.723 0.0331 -0.7284 0.3991 0.5156 -0.2104 -0.9305 -0.0049 -0.3649 0.0307
-0.7483 0.2009 0.5865 0.236 -0.3406 0.7261 0.1255 0.5839 -0.7797 0.0906 0.5856 0.2024 -0.745 -0.0893 0.6591 0.0504 -0.668 -0.1023 0.7112 -0.194 -0.6996 -0.1265 0.6993 -0.0746 -0.9726 -0.2148 -0.0888 0.0085 -0.6582 0.2075 0.723 0.0331 -0.7284 0.3991 0.5156 -0.2104 -0.9305 -0.0049 -0.3649 0.0307
-0.7483 0.2009 0.5865 0.236 -0.3406 0.7261 0.1255 0.5839 -0.7797 0.0906 0.5856 0.2024 -0.745 -0.0893 0.6591 0.0504 -0.668 -0.1023 0.7112 -0.194 -0.6996 -0.1265 0.6993 -0.0746 -0.9726 -0.2148 -0.0888 0.0085 -0.6582 0.2075 0.723 0.0331 -0.7284 0.3991 0.5156 -0.2104 -0.9305 -0.0049 -0.3649 0.0307
-0.755 0.1802 0.6077 0.1681 -0.3406 0.7261 0.1255 0.5839 -0.7797 0.0906 0.5856 0.2024 -0.745 -0.0893 0.6591 0.0504 -0.668 -0.1023 0.7112 -0.194 -0.6996 -0.1265 0.6993 -0.0746 -0.9726 -0.2148 -0.0888 0.0085 -0.6582 0.2075 0.723 0.0331 -0.7284 0.3991 0.5156 -0.2104 -0.5925 0.0355 -0.8048 0.0019
-0.755 0.1802 0.6077 0.1681 -0.3406 0.7261 0.1255 0.5839 -0.7785 0.1005 0.6044 0.1362 -0.745 -0.0893 0.6591 0.0504 -0.668 -0.1023 0.7112 -0.194 -0.6996 -0.1265 0.6993 -0.0746 -0.9726 -0.2148 -0.0888 0.0085 -0.6582 0.2075 0.723 0.0331 -0.6832 0.48 0.4739 -0.2798 -0.5925 0.0355 -0.8048 0.0019
-0.755 0.1802 0.6077 0.1681 -0.3406 0.7261 0.1255 0.5839 -0.7785 0.1005 0.6044 0.1362 -0.745 -0.0893 0.6591 0.0504 -0.668 -0.1023 0.7112 -0.194 -0.6996 -0.1265 0.6993 -0.0746 -0.9726 -0.2148 -0.0888 0.0085 -0.6582 0.2075 0.723 0.0331 -0.6832 0.48 0.4739 -0.2798 -0.5925 0.0355 -0.8048 0.0019
-0.755 0.1802 0.6077 0.1681 -0.3406 0.7261 0.1255 0.5839 -0.7785 0.1005 0.6044 0.1362 -0.745 -0.0893 0.6591 0.0504 -0.668 -0.1023 0.7112 -0.194 -0.6996 -0.1265 0.6993 -0.0746 -0.9726 -0.2148 -0.0888 0.0085 -0.6582 0.2075 0.723 0.0331 -0.6832 0.48 0.4739 -0.2798 -0.5925 0.0355 -0.8048 0.0019
-0.755 0.1802 0.6077 0.1681 -0.3406 0.7261 0.1255 0.5839 -0.7785 0.1005 0.6044 0.1362 -0.745 -0.0893 0.6591 0.0504 -0.668 -0.1023 0.7112 -0.194 -0.6996 -0.1265 0.6993 -0.0746 -0.9726 -0.2148 -0.0888 0.0085 -0.6582 0.2075 0.723 0.0331 -0.6832 0.48 0.4739 -0.2798 -0.5925 0.0355 -0.8048 0.0019
-0.755 0.1802 0.6077 0.1681 -0.3406 0.7261 0.1255 0.5839 -0.7785 0.1005 0.6044 0.1362 -0.7604 -0.0923 0.64 -0.0609 -0.668 -0.1023 0.7112 -0.194 -0.6996 -0.1265 0.6993 -0.0746 -0.9726 -0.2148 -0.0888 0.0085 -0.6582 0.2075 0.723 0.0331 -0.6832 0.48 0.4739 -0.2798 -0.5925 0.0355 -0.8048 0.0019
-0.755 0.1802 0.6077 0.1681 -0.3406 0.7261 0.1255 0.5839 -0.7785 0.1005 0.6044 0.1362 -0.7604 -0.0923 0.64 -0.0609 -0.668 -0.1023 0.7112 -0.194 -0.6996 -0.1265 0.6993 -0.0746 -0.9726 -0.2148 -0.0888 0.0085 -0.6582 0.2075 0.723 0.0331 -0.6832 0.48 0.4739 -0.2798 -0.5925 0.0355 -0.8048 0.0019
-0.755 0.1802 0.6077 0.1681 -0.4124 0.7608 0.1692 0.4717 -0.7964 0.0802 0.5977 0.0464 -0.7604 -0.0923 0.64 -0.0609 -0.668 -0.1023 0.7112 -0.194 -0.6996 -0.1265 0.6993 -0.0746 -0.9726 -0.2148 -0.0888 0.0085 -0.6582 0.2075 0.723 0.0331 -0.6955 0.4147 0.567 -0.1515 -0.5925 0.0355 -0.8048 0.0019
-0.755 0.1802 0.6077 0.1681 -0.4124 0.7608 0.1692 0.4717 -0.7964 0.0802 0.5977 0.0464 -0.7604 -0.0923 0.64 -0.0609 -0.668 -0.1023 0.7112 -0.194 -0.6996 -0.1265 0.6993 -0.0746 -0.9726 -0.2148 -0.0888 0.0085 -0.6582 0.2075 0.723 0.0331 -0.6955 0.4147 0.567 -0.1515 -0.5925 0.0355 -0.8048 0.0019
-0.755 0.1802 0.6077 0.1681 -0.4124 0.7608 0.1692 0.4717 -0.7964 0.0802 0.5977 0.0464 -0.7604 -0.0923 0.64 -0.0609 -0.668 -0.1023 0.7112 -0.194 -0.6996 -0.1265 0.6993 -0.0746 -0.9726 -0.2148 -0.0888 0.0085 -0.6582 0.2075 0.723 0.0331 -0.6955 0.4147 0.567 -0.1515 -0.5925 0.0355 -0.8048 0.0019
-0.755 0.1802 0.6077 0.1681 -0.4124 0.7608 0.1692 0.4717 -0.7964 0.0802 0.5977 0.0464 -0.7604 -0.0923 0.64 -0.0609 -0.668 -0.1023 0.7112 -0.194 -0.6996 -0.1265 0.6993 -0.0746 -0.9726 -0.2148 -0.0888 0.0085 -0.6582 0.2075 0.723 0.0331 -0.6955 0.4147 0.567 -0.1515 -0.5925 0.0355 -0.8048 0.0019
-0.755 0.1802 0.6077 0.1681 -0.4124 0.7608 0.1692 0.4717 -0.7964 0.0802 0.5977 0.0464 -0.7604 -0.0923 0.64 -0.0609 -0.668 -0.1023 0.7112 -0.194 -0.7397 -0.164 0.6504 0.054 -0.9726 -0.2148 -0.0888 0.0085 -0.6582 0.2075 0.723 0.0331 -0.6955 0.4147 0.567 -0.1515 -0.5925 0.0355 -0.8048 0.0019
-0.755 0.1802 0.6077 0.1681 -0.4124 0.7608 0.1692 0.4717 -0.7964 0.0802 0.5977 0.0464 -0.7637 -0.1165 0.6238 -0.1185 -0.668 -0.1023 0.7112 -0.194 -0.7397 -0.164 0.6504 0.054 -0.9395 -0.0457 -0.3393 0.0115 -0.6582 0.2075 0.723 0.0331 -0.6955 0.4147 0.567 -0.1515 -0.5925 0.0355 -0.8048 0.0019
-0.755 0.1802 0.6077 0.1681 -0.4124 0.7608 0.1692 0.4717 -0.7964 0.0802 0.5977 0.0464 -0.7637 -0.1165 0.6238 -0.1185 -0.668 -0.1023 0.7112 -0.194 -0.7397 -0.164 0.6504 0.054 -0.9395 -0.0457 -0.3393 0.0115 -0.6582 0.2075 0.723 0.0331 -0.6955 0.4147 0.567 -0.1515 -0.5925 0.0355 -0.8048 0.0019
-0.755 0.1802 0.6077 0.1681 -0.4294 0.7956 0.1562 0.3978 -0.8076 0.09 0.5828 0.0023 -0.7637 -0.1165 0.6238 -0.1185 -0.61 -0.2265 0.7441 -0.1514 -0.7397 -0.164 0.6504 0.054 -0.9395 -0.0457 -0.3393 0.0115 -0.6723 -0.1851 0.5058 0.5079 -0.6818 0.2023 0.6992 0.0737 -0.5925 0.0355 -0.8048 0.0019
-0.755 0.1802 0.6077 0.1681 -0.4294 0.7956 0.1562 0.3978 -0.8076 0.09 0.5828 0.0023 -0.7637 -0.1165 0.6238 -0.1185 -0.61 -0.2265 0.7441 -0.1514 -0.7397 -0.164 0.6504 0.054 -0.9395 -0.0457 -0.3393 0.0115 -0.6723 -0.1851 0.5058 0.5079 -0.6818 0.2023 0.6992 0.0737 -0.5925 0.0355 -0.8048 0.0019
-0.755 0.1802 0.6077 0.1681 -0.4294 0.7956 0.1562 0.3978 -0.8076 0.09 0.5828 0.0023 -0.7637 -0.1165 0.6238 -0.1185 -0.61 -0.2265 0.7441 -0.1514 -0.7397 -0.164 0.6504 0.054 -0.9395 -0.0457 -0.3393 0.0115 -0.6723 -0.1851 0.5058 0.5079 -0.6818 0.2023 0.6992 0.0737 -0.5925 0.0355 -0.8048 0.0019
-0.755 0.1802 0.6077 0.1681 -0.4294 0.7956 0.1562 0.3978 -0.8076 0.09 0.5828 0.0023 -0.7637 -0.1165 0.6238 -0.1185 -0.61 -0.2265 0.7441 -0.1514 -0.7397 -0.164 0.6504 0.054 -0.9395 -0.0457 -0.3393 0.0115 -0.6723 -0.1851 0.5058 0.5079 -0.6818 0.2023 0.6992 0.0737 -0.5925 0.0355 -0.8048 0.0019
-0.755 0.1802 0.6077 0.1681 -0.4294 0.7956 0.1562 0.3978 -0.8076 0.09 0.5828 0.0023 -0.7637 -0.1165 0.6238 -0.1185 -0.61 -0.2265 0.7441 -0.1514 -0.7603 -0.1974 0.6039 0.1356 -0.9395 -0.0457 -0.3393 0.0115 -0.6723 -0.1851 0.5058 0.5079 -0.6818 0.2023 0.6992 0.0737 -0.5925 0.0355 -0.8048 0.0019
-0.755 0.1802 0.6077 0.1681 -0.4294 0.7956 0.1562 0.3978 -0.8076 0.09 0.5828 0.0023 -0.767 -0.1157 0.6159 -0.1381 -0.61 -0.2265 0.7441 -0.1514 -0.7603 -0.1974 0.6039 0.1356 -0.9395 -0.0457 -0.3393 0.0115 -0.6723 -0.1851 0.5058 0.5079 -0.6818 0.2023 0.6992 0.0737 -0.5925 0.0355 -0.8048 0.0019
-0.755 0.1802 0.6077 0.1681 -0.4294 0.7956 0.1562 0.3978 -0.8076 0.09 0.5828 0.0023 -0.767 -0.1157 0.6159 -0.1381 -0.61 -0.2265 0.7441 -0.1514 -0.7603 -0.1974 0.6039 0.1356 -0.9395 -0.0457 -0.3393 0.0115 -0.6723 -0.1851 0.5058 0.5079 -0.6818 0.2023 0.6992 0.0737 -0.5925 0.0355 -0.8048 0.0019
-0.7925 0.1689 0.5818 0.0699 -0.4267 0.8061 0.1601 0.3775 -0.8068 0.0793 0.5854 9.0E-4 -0.767 -0.1157 0.6159 -0.1381 -0.6448 -0.2327 0.7228 -0.0878 -0.7603 -0.1974 0.6039 0.1356 -0.9395 -0.0457 -0.3393 0.0115 -0.6899 -0.0324 0.5378 0.4834 -0.6818 0.2023 0.6992 0.0737 -0.9974 0.0383 -0.0582 0.018
-0.7925 0.1689 0.5818 0.0699 -0.4267 0.8061 0.1601 0.3775 -0.8068 0.0793 0.5854 9.0E-4 -0.767 -0.1157 0.6159 -0.1381 -0.6448 -0.2327 0.7228 -0.0878 -0.7603 -0.1974 0.6039 0.1356 -0.9395 -0.0457 -0.3393 0.0115 -0.6899 -0.0324 0.5378 0.4834 -0.6162 0.1033 0.7325 0.2701 -0.9974 0.0383 -0.0582 0.018
-0.7925 0.1689 0.5818 0.0699 -0.4267 0.8061 0.1601 0.3775 -0.8068 0.0793 0.5854 9.0E-4 -0.767 -0.1157 0.6159 -0.1381 -0.6448 -0.2327 0.7228 -0.0878 -0.7603 -0.1974 0.6039 0.1356 -0.9395 -0.0457 -0.3393 0.0115 -0.6899 -0.0324 0.5378 0.4834 -0.6162 0.1033 0.7325 0.2701 -0.9974 0.0383 -0.0582 0.018
-0.7925 0.1689 0.5818 0.0699 -0.4267 0.8061 0.1601 0.3775 -0.8068 0.0793 0.5854 9.0E-4 -0.767 -0.1157 0.6159 -0.1381 -0.6448 -0.2327 0.7228 -0.0878 -0.7603 -0.1974 0.6039 0.1356 -0.9395 -0.0457 -0.3393 0.0115 -0.6899 -0.0324 0.5378 0.4834 -0.6162 0.1033 0.7325 0.2701 -0.9974 0.0383 -0.0582 0.018
-0.7925 0.1689 0.5818 0.0699 -0.4267 0.8061 0.1601 0.3775 -0.8068 0.0793 0.5854 9.0E-4 -0.767 -0.1157 0.6159 -0.1381 -0.6448 -0.2327 0.7228 -0.0878 -0.7603 -0.1974 0.6039 0.1356 -0.9395 -0.0457 -0.3393 0.0115 -0.6899 -0.0324 0.5378 0.4834 -0.6162 0.1033 0.7325 0.2701 -0.9974 0.0383 -0.0582 0.018
-0.7925 0.1689 0.5818 0.0699 -0.4267 0.8061 0.1601 0.3775 -0.8068 0.0793 0.5854 9.0E-4 -0.7516 -0.145 0.63 -0.1312 -0.6448 -0.2327 0.7228 -0.0878 -0.7603 -0.1974 0.6039 0.1356 -0.9395 -0.0457 -0.3393 0.0115 -0.6899 -0.0324 0.5378 0.4834 -0.6162 0.1033 0.7325 0.2701 -0.9974 0.0383 -0.0582 0.018
-0.7925 0.1689 0.5818 0.0699 -0.4267 0.8061 0.1601 0.3775 -0.8068 0.0793 0.5854 9.0E-4 -0.7516 -0.145 0.63 -0.1312 -0.6448 -0.2327 0.7228 -0.0878 -0.7603 -0.1974 0.6039 0.1356 -0.9395 -0.0457 -0.3393 0.0115 -0.6899 -0.0324 0.5378 0.4834 -0.6162 0.1033 0.7325 0.2701 -0.9974 0.0383 -0.0582 0.018
-0.7925 0.1689 0.5818 0.0699 -0.4267 0.8061 0.1601 0.3775 -0.8068 0.0793 0.5854 9.0E-4 -0.7516 -0.145 0.63 -0.1312 -0.6448 -0.2327 0.7228 -0.0878 -0.7603 -0.1974 0.6039 0.1356 -0.9395 -0.0457 -0.3393 0.0115 -0.6899 -0.0324 0.5378 0.4834 -0.6162 0.1033 0.7325 0.2701 -0.9974 0.0383 -0.0582 0.018
-0.7956 0.1941 0.5629 0.1118 -0.4267 0.8061 0.1601 0.3775 -0.7926 0.0571 0.607 0.0106 -0.7516 -0.145 0.63 -0.1312 -0.6448 -0.2327 0.7228 -0.0878 -0.7603 -0.1974 0.6039 0.1356 -0.9395 -0.0457 -0.3393 0.0115 -0.6899 -0.0324 0.5378 0.4834 -0.619 0.1764 0.7192 0.2615 -0.9974 0.0383 -0.0582 0.018
-0.7956 0.1941 0.5629 0.1118 -0.4267 0.8061 0.1601 0.3775 -0.7926 0.0571 0.607 0.0106 -0.7516 -0.145 0.63 -0.1312 -0.6448 -0.2327 0.7228 -0.0878 -0.7603 -0.1974 0.6039 0.1356 -0.9395 -0.0457 -0.3393 0.0115 -0.6899 -0.0324 0.5378 0.4834 -0.619 0.1764 0.7192 0.2615 -0.9974 0.0383 -0.0582 0.018
-0.7956 0.1941 0.5629 0.1118 -0.4267 0.8061 0.1601 0.3775 -0.7926 0.0571 0.607 0.0106 -0.7516 -0.145 0.63 -0.1312 -0.6448 -0.2327 0.7228 -0.0878 -0.7603 -0.1974 0.6039 0.1356 -0.9395 -0.0457 -0.3393 0.0115 -0.6899 -0.0324 0.5378 0.4834 -0.619 0.1764 0.7192 0.2615 -0.9974 0.0383 -0.0582 0.018
-0.7956 0.1941 0.5629 0.1118 -0.4267 0.8061 0.1601 0.3775 -0.7926 0.0571 0.607 0.0106 -0.7516 -0.145 0.63 -0.1312 -0.6448 -0.2327 0.7228 -0.0878 -0.7603 -0.1974 0.6039 0.1356 -0.9395 -0.0457 -0.3393 0.0115 -0.6899 -0.0324 0.5378 0.4834 -0.619 0.1764 0.7192 0.2615 -0.9974 0.0383 -0.0582 0.018
-0.7956 0.1941 0.5629 0.1118 -0.4267 0.8061 0.1601 0.3775 -0.7926 0.0571 0.607 0.0106 -0.7551 -0.1152 0.6442 -0.0405 -0.6448 -0.2327 0.7228 -0.0878 -0.7707 -0.3223 0.4126 0.3632 -0.9395 -0.0457 -0.3393 0.0115 -0.6899 -0.0324 0.5378 0.4834 -0.619 0.1764 0.7192 0.2615 -0.9974 0.0383 -0.0582 0.018
-0.7956 0.1941 0.5629 0.1118 -0.3721 0.7508 0.142 0.527 -0.7926 0.0571 0.607 0.0106 -0.7551 -0.1152 0.6442 -0.0405 -0.6448 -0.2327 0.7228 -0.0878 -0.7707 -0.3223 0.4126 0.3632 -0.9395 -0.0457 -0.3393 0.0115 -0.6899 -0.0324 0.5378 0.4834 -0.619 0.1764 0.7192 0.2615 -0.9974 0.0383 -0.0582 0.018
-0.7956 0.1941 0.5629 0.1118 -0.3721 0.7508 0.142 0.527 -0.7755 0.0836 0.6073 0.1514 -0.7551 -0.1152 0.6442 -0.0405 -0.6448 -0.2327 0.7228 -0.0878 -0.7707 -0.3223 0.4126 0.3632 -0.9395 -0.0457 -0.3393 0.0115 -0.6899 -0.0324 0.5378 0.4834 -0.619 0.1764 0.7192 0.2615 -0.9974 0.0383 -0.0582 0.018
-0.7956 0.1941 0.5629 0.1118 -0.3721 0.7508 0.142 0.527 -0.7755 0.0836 0.6073 0.1514 -0.7551 -0.1152 0.6442 -0.0405 -0.6448 -0.2327 0.7228 -0.0878 -0.7707 -0.3223 0.4126 0.3632 -0.9395 -0.0457 -0.3393 0.0115 -0.6899 -0.0324 0.5378 0.4834 -0.639 0.2819 0.6871 0.2 -0.9974 0.0383 -0.0582 0.018
-0.7956 0.1941 0.5629 0.1118 -0.3721 0.7508 0.142 0.527 -0.7755 0.0836 0.6073 0.1514 -0.7551 -0.1152 0.6442 -0.0405 -0.6448 -0.2327 0.7228 -0.0878 -0.7707 -0.3223 0.4126 0.3632 -0.9395 -0.0457 -0.3393 0.0115 -0.6899 -0.0324 0.5378 0.4834 -0.639 0.2819 0.6871 0.2 -0.9974 0.0383 -0.0582 0.018
-0.7956 0.1941 0.5629 0.1118 -0.3721 0.7508 0.142 0.527 -0.7755 0.0836 0.6073 0.1514 -0.7551 -0.1152 0.6442 -0.0405 -0.6448 -0.2327 0.7228 -0.0878 -0.7707 -0.3223 0.4126 0.3632 -0.9395 -0.0457 -0.3393 0.0115 -0.6899 -0.0324 0.5378 0.4834 -0.639 0.2819 0.6871 0.2 -0.9974 0.0383 -0.0582 0.018
-0.7956 0.1941 0.5629 0.1118 -0.3721 0.7508 0.142 0.527 -0.7755 0.0836 0.6073 0.1514 -0.7551 -0.1152 0.6442 -0.0405 -0.6448 -0.2327 0.7228 -0.0878 -0.7707 -0.3223 0.4126 0.3632 -0.9395 -0.0457 -0.3393 0.0115 -0.6899 -0.0324 0.5378 0.4834 -0.639 0.2819 0.6871 0.2 -0.9974 0.0383 -0.0582 0.018
-0.7956 0.1941 0.5629 0.1118 -0.3721 0.7508 0.142 0.527 -0.7755 0.0836 0.6073 0.1514 -0.7451 -0.1981 0.6268 0.1128 -0.6448 -0.2327 0.7228 -0.0878 -0.7656 -0.3655 0.2442 0.4696 -0.9395 -0.0457 -0.3393 0.0115 -0.6899 -0.0324 0.5378 0.4834 -0.639 0.2819 0.6871 0.2 -0.9974 0.0383 -0.0582 0.018
-0.7956 0.1941 0.5629 0.1118 -0.3721 0.7508 0.142 0.527 -0.7755 0.0836 0.6073 0.1514 -0.7451 -0.1981 0.6268 0.1128 -0.6173 -0.0422 0.7349 -0.2777 -0.7656 -0.3655 0.2442 0.4696 -0.9395 -0.0457 -0.3393 0.0115 -0.6899 -0.0324 0.5378 0.4834 -0.639 0.2819 0.6871 0.2 -0.9974 0.0383 -0.0582 0.018
-0.7956 0.1941 0.5629 0.1118 -0.3721 0.7508 0.142 0.527 -0.7755 0.0836 0.6073 0.1514 -0.7451 -0.1981 0.6268 0.1128 -0.6173 -0.0422 0.7349 -0.2777 -0.7656 -0.3655 0.2442 0.4696 -0.9395 -0.0457 -0.3393 0.0115 -0.6899 -0.0324 0.5378 0.4834 -0.639 0.2819 0.6871 0.2 -0.9974 0.0383 -0.0582 0.018
-0.7956 0.1941 0.5629 0.1118 -0.3721 0.7508 0.142 0.527 -0.7791 0.0676 0.5759 0.2383 -0.7451 -0.1981 0.6268 0.1128 -0.6173 -0.0422 0.7349 -0.2777 -0.7656 -0.3655 0.2442 0.4696 -0.9395 -0.0457 -0.3393 0.0115 -0.6899 -0.0324 0.5378 0.4834 -0.6497 0.2956 0.6857 0.1423 -0.9974 0.0383 -0.0582 0.018
-0.7956 0.1941 0.5629 0.1118 -0.3721 0.7508 0.142 0.527 -0.7791 0.0676 0.5759 0.2383 -0.7451 -0.1981 0.6268 0.1128 -0.6173 -0.0422 0.7349 -0.2777 -0.7656 -0.3655 0.2442 0.4696 -0.9395 -0.0457 -0.3393 0.0115 -0.6899 -0.0324 0.5378 0.4834 -0.6497 0.2956 0.6857 0.1423 -0.9974 0.0383 -0.0582 0.018
-0.7956 0.1941 0.5629 0.1118 -0.3721 0.7508 0.142 0.527 -0.7791 0.0676 0.5759 0.2383 -0.7451 -0.1981 0.6268 0.1128 -0.6173 -0.0422 0.7349 -0.2777 -0.7656 -0.3655 0.2442 0.4696 -0.9395 -0.0457 -0.3393 0.0115 -0.6899 -0.0324 0.5378 0.4834 -0.6497 0.2956 0.6857 0.1423 -0.9974 0.0383 -0.0582 0.018
-0.7956 0.1941 0.5629 0.1118 -0.3721 0.7508 0.142 0.527 -0.7791 0.0676 0.5759 0.2383 -0.7451 -0.1981 0.6268 0.1128 -0.6173 -0.0422 0.7349 -0.2777 -0.7656 -0.3655 0.2442 0.4696 -0.9395 -0.0457 -0.3393 0.0115 -0.6899 -0.0324 0.5378 0.4834 -0.6497 0.2956 0.6857 0.1423 -0.9974 0.0383 -0.0582 0.018
-0.7956 0.1941 0.5629 0.1118 -0.3721 0.7508 0.142 0.527 -0.7791 0.0676 0.5759 0.2383 -0.7079 -0.2869 0.5994 0.2393 -0.6173 -0.0422 0.7349 -0.2777 -0.7857 -0.318 0.399 0.3497 -0.9395 -0.0457 -0.3393 0.0115 -0.6899 -0.0324 0.5378 0.4834 -0.6497 0.2956 0.6857 0.1423 -0.9479 -0.0338 -0.3119 0.0562
-0.7956 0.1941 0.5629 0.1118 -0.351 0.6874 0.1426 0.6197 -0.7791 0.0676 0.5759 0.2383 -0.7079 -0.2869 0.5994 0.2393 -0.6173 -0.0422 0.7349 -0.2777 -0.7857 -0.318 0.399 0.3497 -0.9395 -0.0457 -0.3393 0.0115 -0.6899 -0.0324 0.5378 0.4834 -0.6497 0.2956 0.6857 0.1423 -0.9479 -0.0338 -0.3119 0.0562
-0.7956 0.1941 0.5629 0.1118 -0.351 0.6874 0.1426 0.6197 -0.7791 0.0676 0.5759 0.2383 -0.7079 -0.2869 0.5994 0.2393 -0.6173 -0.0422 0.7349 -0.2777 -0.7857 -0.318 0.399 0.3497 -0.9395 -0.0457 -0.3393 0.0115 -0.6899 -0.0324 0.5378 0.4834 -0.6497 0.2956 0.6857 0.1423 -0.9479 -0.0338 -0.3119 0.0562
-0.7956 0.1941 0.5629 0.1118 -0.351 0.6874 0.1426 0.6197 -0.7787 0.05 0.5577 0.2828 -0.7079 -0.2869 0.5994 0.2393 -0.6173 -0.0422 0.7349 -0.2777 -0.7857 -0.318 0.399 0.3497 -0.9395 -0.0457 -0.3393 0.0115 -0.659 0.1858 0.7077 0.1742 -0.6609 0.3339 0.6645 0.1008 -0.9479 -0.0338 -0.3119 0.0562
-0.7956 0.1941 0.5629 0.1118 -0.351 0.6874 0.1426 0.6197 -0.7787 0.05 0.5577 0.2828 -0.7079 -0.2869 0.5994 0.2393 -0.6173 -0.0422 0.7349 -0.2777 -0.7857 -0.318 0.399 0.3497 -0.9395 -0.0457 -0.3393 0.0115 -0.659 0.1858 0.7077 0.1742 -0.6609 0.3339 0.6645 0.1008 -0.9479 -0.0338 -0.3119 0.0562
-0.7956 0.1941 0.5629 0.1118 -0.351 0.6874 0.1426 0.6197 -0.7787 0.05 0.5577 0.2828 -0.7079 -0.2869 0.5994 0.2393 -0.6173 -0.0422 0.7349 -0.2777 -0.7857 -0.318 0.399 0.3497 -0.9395 -0.0457 -0.3393 0.0115 -0.659 0.1858 0.7077 0.1742 -0.6609 0.3339 0.6645 0.1008 -0.9479 -0.0338 -0.3119 0.0562
-0.7956 0.1941 0.5629 0.1118 -0.351 0.6874 0.1426 0.6197 -0.7787 0.05 0.5577 0.2828 -0.7079 -0.2869 0.5994 0.2393 -0.6173 -0.0422 0.7349 -0.2777 -0.734 0.0252 0.6704 0.1057 -0.9395 -0.0457 -0.3393 0.0115 -0.659 0.1858 0.7077 0.1742 -0.6609 0.3339 0.6645 0.1008 -0.9479 -0.0338 -0.3119 0.0562
-0.7956 0.1941 0.5629 0.1118 -0.351 0.6874 0.1426 0.6197 -0.7787 0.05 0.5577 0.2828 -0.6763 -0.2981 0.5941 0.3173 -0.6173 -0.0422 0.7349 -0.2777 -0.734 0.0252 0.6704 0.1057 -0.9395 -0.0457 -0.3393 0.0115 -0.659 0.1858 0.7077 0.1742 -0.6609 0.3339 0.6645 0.1008 -0.9479 -0.0338 -0.3119 0.0562
-0.7956 0.1941 0.5629 0.1118 -0.351 0.6874 0.1426 0.6197 -0.7787 0.05 0.5577 0.2828 -0.6763 -0.2981 0.5941 0.3173 -0.6173 -0.0422 0.7349 -0.2777 -0.734 0.0252 0.6704 0.1057 -0.9395 -0.0457 -0.3393 0.0115 -0.659 0.1858 0.7077 0.1742 -0.6609 0.3339 0.6645 0.1008 -0.9479 -0.0338 -0.3119 0.0562
-0.7956 0.1941 0.5629 0.1118 -0.351 0.6874 0.1426 0.6197 -0.7787 0.05 0.5577 0.2828 -0.6763 -0.2981 0.5941 0.3173 -0.6173 -0.0422 0.7349 -0.2777 -0.734 0.0252 0.6704 0.1057 -0.9395 -0.0457 -0.3393 0.0115 -0.659 0.1858 0.7077 0.1742 -0.6609 0.3339 0.6645 0.1008 -0.9479 -0.0338 -0.3119 0.0562
-0.7956 0.1941 0.5629 0.1118 -0.351 0.6874 0.1426 0.6197 -0.769 0.0627 0.5569 0.3074 -0.6763 -0.2981 0.5941 0.3173 -0.6173 -0.0422 0.7349 -0.2777 -0.734 0.0252 0.6704 0.1057 -0.9395 -0.0457 -0.3393 0.0115 -0.6653 0.2026 0.7122 0.0952 -0.6609 0.3339 0.6645 0.1008 -0.9479 -0.0338 -0.3119 0.0562
-0.7956 0.1941 0.5629 0.1118 -0.351 0.6874 0.1426 0.6197 -0.769 0.0627 0.5569 0.3074 -0.6763 -0.2981 0.5941 0.3173 -0.6173 -0.0422 0.7349 -0.2777 -0.734 0.0252 0.6704 0.1057 -0.9395 -0.0457 -0.3393 0.0115 -0.6653 0.2026 0.7122 0.0952 -0.6609 0.3339 0.6645 0.1008 -0.9479 -0.0338 -0.3119 0.0562
-0.7956 0.1941 0.5629 0.1118 -0.351 0.6874 0.1426 0.6197 -0.769 0.0627 0.5569 0.3074 -0.6763 -0.2981 0.5941 0.3173 -0.6173 -0.0422 0.7349 -0.2777 -0.734 0.0252 0.6704 0.1057 -0.9395 -0.0457 -0.3393 0.0115 -0.6653 0.2026 0.7122 0.0952 -0.6609 0.3339 0.6645 0.1008 -0.9479 -0.0338 -0.3119 0.0562
-0.7956 0.1941 0.5629 0.1118 -0.351 0.6874 0.1426 0.6197 -0.769 0.0627 0.5569 0.3074 -0.6763 -0.2981 0.5941 0.3173 -0.6173 -0.0422 0.7349 -0.2777 -0.734 0.0252 0.6704 0.1057 -0.9395 -0.0457 -0.3393 0.0115 -0.6653 0.2026 0.7122 0.0952 -0.6609 0.3339 0.6645 0.1008 -0.9479 -0.0338 -0.3119 0.0562
-0.7956 0.1941 0.5629 0.1118 -0.351 0.6874 0.1426 0.6197 -0.769 0.0627 0.5569 0.3074 -0.6801 -0.2256 0.6307 0.298 -0.6173 -0.0422 0.7349 -0.2777 -0.734 0.0252 0.6704 0.1057 -0.9395 -0.0457 -0.3393 0.0115 -0.6653 0.2026 0.7122 0.0952 -0.6609 0.3339 0.6645 0.1008 -0.9479 -0.0338 -0.3119 0.0562
-0.7956 0.1941 0.5629 0.1118 -0.351 0.6874 0.1426 0.6197 -0.769 0.0627 0.5569 0.3074 -0.6801 -0.2256 0.6307 0.298 -0.6173 -0.0422 0.7349 -0.2777 -0.734 0.0252 0.6704 0.1057 -0.9395 -0.0457 -0.3393 0.0115 -0.6653 0.2026 0.7122 0.0952 -0.6609 0.3339 0.6645 0.1008 -0.8351 -0.0028 -0.544 0.0808
-0.7956 0.1941 0.5629 0.1118 -0.351 0.6874 0.1426 0.6197 -0.7734 0.0799 0.5653 0.2753 -0.6801 -0.2256 0.6307 0.298 -0.5359 -0.0762 0.7742 -0.3279 -0.734 0.0252 0.6704 0.1057 -0.9395 -0.0457 -0.3393 0.0115 -0.6653 0.2026 0.7122 0.0952 -0.7252 0.4262 0.5265 -0.1234 -0.8351 -0.0028 -0.544 0.0808
-0.7956 0.1941 0.5629 0.1118 -0.351 0.6874 0.1426 0.6197 -0.7734 0.0799 0.5653 0.2753 -0.6801 -0.2256 0.6307 0.298 -0.5359 -0.0762 0.7742 -0.3279 -0.734 0.0252 0.6704 0.1057 -0.9395 -0.0457 -0.3393 0.0115 -0.6653 0.2026 0.7122 0.0952 -0.7252 0.4262 0.5265 -0.1234 -0.8351 -0.0028 -0.544 0.0808
-0.7956 0.1941 0.5629 0.1118 -0.351 0.6874 0.1426 0.6197 -0.7734 0.0799 0.5653 0.2753 -0.6801 -0.2256 0.6307 0.298 -0.5359 -0.0762 0.7742 -0.3279 -0.734 0.0252 0.6704 0.1057 -0.9395 -0.0457 -0.3393 0.0115 -0.6653 0.2026 0.7122 0.0952 -0.7252 0.4262 0.5265 -0.1234 -0.8351 -0.0028 -0.544 0.0808
-0.7956 0.1941 0.5629 0.1118 -0.351 0.6874 0.1426 0.6197 -0.7734 0.0799 0.5653 0.2753 -0.6801 -0.2256 0.6307 0.298 -0.5359 -0.0762 0.7742 -0.3279 -0.734 0.0252 0.6704 0.1057 -0.9395 -0.0457 -0.3393 0.0115 -0.6653 0.2026 0.7122 0.0952 -0.7252 0.4262 0.5265 -0.1234 -0.8351 -0.0028 -0.544 0.0808
-0.7956 0.1941 0.5629 0.1118 -0.351 0.6874 0.1426 0.6197 -0.7734 0.0799 0.5653 0.2753 -0.6801 -0.2256 0.6307 0.298 -0.5359 -0.0762 0.7742 -0.3279 -0.734 0.0252 0.6704 0.1057 -0.9395 -0.0457 -0.3393 0.0115 -0.6653 0.2026 0.7122 0.0952 -0.7252 0.4262 0.5265 -0.1234 -0.8351 -0.0028 -0.544 0.0808
-0.7956 0.1941 0.5629 0.1118 -0.351 0.6874 0.1426 0.6197 -0.7734 0.0799 0.5653 0.2753 -0.7239 -0.0858 0.6633 0.169 -0.5359 -0.0762 0.7742 -0.3279 -0.7195 -0.1156 0.6848 0.0061 -0.9532 -0.0818 -0.2885 0.0392 -0.6653 0.2026 0.7122 0.0952 -0.7252 0.4262 0.5265 -0.1234 -0.8351 -0.0028 -0.544 0.0808
-0.7956 0.1941 0.5629 0.1118 -0.351 0.6874 0.1426 0.6197 -0.7734 0.0799 0.5653 0.2753 -0.7239 -0.0858 0.6633 0.169 -0.5653 -0.1033 0.7733 -0.2679 -0.7195 -0.1156 0.6848 0.0061 -0.9532 -0.0818 -0.2885 0.0392 -0.6653 0.2026 0.7122 0.0952 -0.7252 0.4262 0.5265 -0.1234 -0.8351 -0.0028 -0.544 0.0808
-0.7956 0.1941 0.5629 0.1118 -0.3304 0.738 0.1096 0.5781 -0.7711 0.1022 0.5951 0.2019 -0.7239 -0.0858 0.6633 0.169 -0.5653 -0.1033 0.7733 -0.2679 -0.7195 -0.1156 0.6848 0.0061 -0.9532 -0.0818 -0.2885 0.0392 -0.6653 0.2026 0.7122 0.0952 -0.7366 0.4355 0.4609 -0.2352 -0.8351 -0.0028 -0.544 0.0808
-0.7956 0.1941 0.5629 0.1118 -0.3304 0.738 0.1096 0.5781 -0.7711 0.1022 0.5951 0.2019 -0.7239 -0.0858 0.6633 0.169 -0.5653 -0.1033 0.7733 -0.2679 -0.7195 -0.1156 0.6848 0.0061 -0.9532 -0.0818 -0.2885 0.0392 -0.6653 0.2026 0.7122 0.0952 -0.7366 0.4355 0.4609 -0.2352 -0.8351 -0.0028 -0.544 0.0808
-0.7956 0.1941 0.5629 0.1118 -0.3304 0.738 0.1096 0.5781 -0.7711 0.1022 0.5951 0.2019 -0.7239 -0.0858 0.6633 0.169 -0.5653 -0.1033 0.7733 -0.2679 -0.7195 -0.1156 0.6848 0.0061 -0.9532 -0.0818 -0.2885 0.0392 -0.6653 0.2026 0.7122 0.0952 -0.7366 0.4355 0.4609 -0.2352 -0.8351 -0.0028 -0.544 0.0808
-0.7956 0.1941 0.5629 0.1118 -0.3304 0.738 0.1096 0.5781 -0.7711 0.1022 0.5951 0.2019 -0.7239 -0.0858 0.6633 0.169 -0.5653 -0.1033 0.7733 -0.2679 -0.7195 -0.1156 0.6848 0.0061 -0.9532 -0.0818 -0.2885 0.0392 -0.6653 0.2026 0.7122 0.0952 -0.7366 0.4355 0.4609 -0.2352 -0.8351 -0.0028 -0.544 0.0808
-0.7956 0.1941 0.5629 0.1118 -0.3304 0.738 0.1096 0.5781 -0.7711 0.1022 0.5951 0.2019 -0.7239 -0.0858 0.6633 0.169 -0.5653 -0.1033 0.7733 -0.2679 -0.7195 -0.1156 0.6848 0.0061 -0.9532 -0.0818 -0.2885 0.0392 -0.6653 0.2026 0.7122 0.0952 -0.7366 0.4355 0.4609 -0.2352 -0.8351 -0.0028 -0.544 0.0808
-0.7956 0.1941 0.5629 0.1118 -0.3304 0.738 0.1096 0.5781 -0.7711 0.1022 0.5951 0.2019 -0.7623 -0.0373 0.6459 0.0184 -0.5653 -0.1033 0.7733 -0.2679 -0.7358 -0.141 0.6589 0.0676 -0.9417 -0.0671 -0.3276 0.0382 -0.6653 0.2026 0.7122 0.0952 -0.7366 0.4355 0.4609 -0.2352 -0.8351 -0.0028 -0.544 0.0808
-0.7956 0.1941 0.5629 0.1118 -0.3304 0.738 0.1096 0.5781 -0.7711 0.1022 0.5951 0.2019 -0.7623 -0.0373 0.6459 0.0184 -0.5653 -0.1033 0.7733 -0.2679 -0.7358 -0.141 0.6589 0.0676 -0.9417 -0.0671 -0.3276 0.0382 -0.6653 0.2026 0.7122 0.0952 -0.7366 0.4355 0.4609 -0.2352 -0.7449 -0.0265 -0.6624 -0.076
-0.7956 0.1941 0.5629 0.1118 -0.3304 0.738 0.1096 0.5781 -0.7711 0.1022 0.5951 0.2019 -0.7623 -0.0373 0.6459 0.0184 -0.5653 -0.1033 0.7733 -0.2679 -0.7358 -0.141 0.6589 0.0676 -0.9417 -0.0671 -0.3276 0.0382 -0.6653 0.2026 0.7122 0.0952 -0.7366 0.4355 0.4609 -0.2352 -0.7449 -0.0265 -0.6624 -0.076
-0.7956 0.1941 0.5629 0.1118 -0.3918 0.7613 0.1469 0.4953 -0.7963 0.0789 0.5937 0.0846 -0.7623 -0.0373 0.6459 0.0184 -0.5653 -0.1033 0.7733 -0.2679 -0.7358 -0.141 0.6589 0.0676 -0.9417 -0.0671 -0.3276 0.0382 -0.6653 0.2026 0.7122 0.0952 -0.7534 0.2671 0.5809 -0.1534 -0.7449 -0.0265 -0.6624 -0.076
-0.7956 0.1941 0.5629 0.1118 -0.3918 0.7613 0.1469 0.4953 -0.7963 0.0789 0.5937 0.0846 -0.7623 -0.0373 0.6459 0.0184 -0.5653 -0.1033 0.7733 -0.2679 -0.7358 -0.141 0.6589 0.0676 -0.9417 -0.0671 -0.3276 0.0382 -0.6653 0.2026 0.7122 0.0952 -0.7534 0.2671 0.5809 -0.1534 -0.7449 -0.0265 -0.6624 -0.076
-0.7956 0.1941 0.5629 0.1118 -0.3918 0.7613 0.1469 0.4953 -0.7963 0.0789 0.5937 0.0846 -0.7623 -0.0373 0.6459 0.0184 -0.5653 -0.1033 0.7733 -0.2679 -0.7358 -0.141 0.6589 0.0676 -0.9417 -0.0671 -0.3276 0.0382 -0.6653 0.2026 0.7122 0.0952 -0.7534 0.2671 0.5809 -0.1534 -0.7449 -0.0265 -0.6624 -0.076
-0.7956 0.1941 0.5629 0.1118 -0.3918 0.7613 0.1469 0.4953 -0.7963 0.0789 0.5937 0.0846 -0.7623 -0.0373 0.6459 0.0184 -0.5653 -0.1033 0.7733 -0.2679 -0.7358 -0.141 0.6589 0.0676 -0.9358 -0.0616 -0.3441 0.045 -0.6653 0.2026 0.7122 0.0952 -0.7534 0.2671 0.5809 -0.1534 -0.7449 -0.0265 -0.6624 -0.076
-0.7956 0.1941 0.5629 0.1118 -0.3918 0.7613 0.1469 0.4953 -0.7963 0.0789 0.5937 0.0846 -0.7623 -0.0373 0.6459 0.0184 -0.5653 -0.1033 0.7733 -0.2679 -0.7358 -0.141 0.6589 0.0676 -0.9358 -0.0616 -0.3441 0.045 -0.6653 0.2026 0.7122 0.0952 -0.7534 0.2671 0.5809 -0.1534 -0.7449 -0.0265 -0.6624 -0.076
-0.7956 0.1941 0.5629 0.1118 -0.3918 0.7613 0.1469 0.4953 -0.7963 0.0789 0.5937 0.0846 -0.7623 -0.0373 0.6459 0.0184 -0.5653 -0.1033 0.7733 -0.2679 -0.7358 -0.141 0.6589 0.0676 -0.9358 -0.0616 -0.3441 0.045 -0.6653 0.2026 0.7122 0.0952 -0.7534 0.2671 0.5809 -0.1534 -0.7449 -0.0265 -0.6624 -0.076
-0.7886 0.1898 0.579 0.0829 -0.4423 0.7858 0.1589 0.4022 -0.8224 0.0529 0.566 -0.0243 -0.7782 -0.1177 0.6005 -0.1413 -0.6245 -0.2284 0.7331 -0.1428 -0.7358 -0.141 0.6589 0.0676 -0.9358 -0.0616 -0.3441 0.045 -0.6653 0.2026 0.7122 0.0952 -0.7534 0.2671 0.5809 -0.1534 -0.9384 0.0239 -0.3417 -0.0456
-0.7886 0.1898 0.579 0.0829 -0.4423 0.7858 0.1589 0.4022 -0.8224 0.0529 0.566 -0.0243 -0.7782 -0.1177 0.6005 -0.1413 -0.6245 -0.2284 0.7331 -0.1428 -0.7358 -0.141 0.6589 0.0676 -0.9358 -0.0616 -0.3441 0.045 -0.6653 0.2026 0.7122 0.0952 -0.6539 0.1157 0.7337 0.1442 -0.9384 0.0239 -0.3417 -0.0456
-0.7886 0.1898 0.579 0.0829 -0.4423 0.7858 0.1589 0.4022 -0.8224 0.0529 0.566 -0.0243 -0.7782 -0.1177 0.6005 -0.1413 -0.6245 -0.2284 0.7331 -0.1428 -0.7358 -0.141 0.6589 0.0676 -0.9358 -0.0616 -0.3441 0.045 -0.6653 0.2026 0.7122 0.0952 -0.6539 0.1157 0.7337 0.1442 -0.9384 0.0239 -0.3417 -0.0456
-0.7886 0.1898 0.579 0.0829 -0.4423 0.7858 0.1589 0.4022 -0.8224 0.0529 0.566 -0.0243 -0.7782 -0.1177 0.6005 -0.1413 -0.6245 -0.2284 0.7331 -0.1428 -0.7358 -0.141 0.6589 0.0676 -0.9358 -0.0616 -0.3441 0.045 -0.6653 0.2026 0.7122 0.0952 -0.6539 0.1157 0.7337 0.1442 -0.9384 0.0239 -0.3417 -0.0456
-0.7886 0.1898 0.579 0.0829 -0.4423 0.7858 0.1589 0.4022 -0.8224 0.0529 0.566 -0.0243 -0.7782 -0.1177 0.6005 -0.1413 -0.6245 -0.2284 0.7331 -0.1428 -0.7358 -0.141 0.6589 0.0676 -0.9228 -0.0623 -0.3762 0.0558 -0.6653 0.2026 0.7122 0.0952 -0.6539 0.1157 0.7337 0.1442 -0.9384 0.0239 -0.3417 -0.0456
-0.7886 0.1898 0.579 0.0829 -0.4423 0.7858 0.1589 0.4022 -0.8224 0.0529 0.566 -0.0243 -0.7806 -0.1256 0.5759 -0.2081 -0.6245 -0.2284 0.7331 -0.1428 -0.7358 -0.141 0.6589 0.0676 -0.9228 -0.0623 -0.3762 0.0558 -0.6653 0.2026 0.7122 0.0952 -0.6539 0.1157 0.7337 0.1442 -0.9384 0.0239 -0.3417 -0.0456
-0.7963 0.1973 0.5671 0.073 -0.452 0.7955 0.1437 0.3771 -0.8224 0.0529 0.566 -0.0243 -0.7806 -0.1256 0.5759 -0.2081 -0.6245 -0.2284 0.7331 -0.1428 -0.7358 -0.141 0.6589 0.0676 -0.9228 -0.0623 -0.3762 0.0558 -0.6653 0.2026 0.7122 0.0952 -0.6539 0.1157 0.7337 0.1442 -0.9955 0.0145 -0.0697 0.0626
-0.7963 0.1973 0.5671 0.073 -0.452 0.7955 0.1437 0.3771 -0.8224 0.0529 0.566 -0.0243 -0.7806 -0.1256 0.5759 -0.2081 -0.6245 -0.2284 0.7331 -0.1428 -0.7358 -0.141 0.6589 0.0676 -0.9228 -0.0623 -0.3762 0.0558 -0.6653 0.2026 0.7122 0.0952 -0.6539 0.1157 0.7337 0.1442 -0.9955 0.0145 -0.0697 0.0626
-0.7963 0.1973 0.5671 0.073 -0.452 0.7955 0.1437 0.3771 -0.8171 0.0414 0.5734 -0.042 -0.7806 -0.1256 0.5759 -0.2081 -0.6245 -0.2284 0.7331 -0.1428 -0.7358 -0.141 0.6589 0.0676 -0.9228 -0.0623 -0.3762 0.0558 -0.6653 0.2026 0.7122 0.0952 -0.6087 0.1177 0.7392 0.2631 -0.9955 0.0145 -0.0697 0.0626
-0.7963 0.1973 0.5671 0.073 -0.452 0.7955 0.1437 0.3771 -0.8171 0.0414 0.5734 -0.042 -0.7806 -0.1256 0.5759 -0.2081 -0.6245 -0.2284 0.7331 -0.1428 -0.7358 -0.141 0.6589 0.0676 -0.9228 -0.0623 -0.3762 0.0558 -0.6653 0.2026 0.7122 0.0952 -0.6087 0.1177 0.7392 0.2631 -0.9955 0.0145 -0.0697 0.0626
-0.7963 0.1973 0.5671 0.073 -0.452 0.7955 0.1437 0.3771 -0.8171 0.0414 0.5734 -0.042 -0.7806 -0.1256 0.5759 -0.2081 -0.6245 -0.2284 0.7331 -0.1428 -0.7358 -0.141 0.6589 0.0676 -0.9228 -0.0623 -0.3762 0.0558 -0.6653 0.2026 0.7122 0.0952 -0.6087 0.1177 0.7392 0.2631 -0.9955 0.0145 -0.0697 0.0626
-0.7963 0.1973 0.5671 0.073 -0.452 0.7955 0.1437 0.3771 -0.8171 0.0414 0.5734 -0.042 -0.7806 -0.1256 0.5759 -0.2081 -0.6245 -0.2284 0.7331 -0.1428 -0.7358 -0.141 0.6589 0.0676 -0.9228 -0.0623 -0.3762 0.0558 -0.6653 0.2026 0.7122 0.0952 -0.6087 0.1177 0.7392 0.2631 -0.9955 0.0145 -0.0697 0.0626
-0.7963 0.1973 0.5671 0.073 -0.452 0.7955 0.1437 0.3771 -0.8171 0.0414 0.5734 -0.042 -0.7806 -0.1256 0.5759 -0.2081 -0.6245 -0.2284 0.7331 -0.1428 -0.7358 -0.141 0.6589 0.0676 -0.9228 -0.0623 -0.3762 0.0558 -0.6653 0.2026 0.7122 0.0952 -0.6087 0.1177 0.7392 0.2631 -0.9584 -0.0126 -0.2737 0.0802
-0.7963 0.1973 0.5671 0.073 -0.4194 0.7761 0.136 0.4509 -0.8171 0.0414 0.5734 -0.042 -0.7806 -0.1256 0.5759 -0.2081 -0.6245 -0.2284 0.7331 -0.1428 -0.7358 -0.141 0.6589 0.0676 -0.9228 -0.0623 -0.3762 0.0558 -0.6653 0.2026 0.7122 0.0952 -0.6087 0.1177 0.7392 0.2631 -0.9584 -0.0126 -0.2737 0.0802
-0.7963 0.1973 0.5671 0.073 -0.4194 0.7761 0.136 0.4509 -0.8171 0.0414 0.5734 -0.042 -0.7806 -0.1256 0.5759 -0.2081 -0.6245 -0.2284 0.7331 -0.1428 -0.7358 -0.141 0.6589 0.0676 -0.9228 -0.0623 -0.3762 0.0558 -0.6653 0.2026 0.7122 0.0952 -0.6087 0.1177 0.7392 0.2631 -0.9584 -0.0126 -0.2737 0.0802
-0.7963 0.1973 0.5671 0.073 -0.4194 0.7761 0.136 0.4509 -0.7909 0.0314 0.6108 0.0221 -0.7806 -0.1256 0.5759 -0.2081 -0.6245 -0.2284 0.7331 -0.1428 -0.7358 -0.141 0.6589 0.0676 -0.9228 -0.0623 -0.3762 0.0558 -0.6653 0.2026 0.7122 0.0952 -0.6224 0.2625 0.6993 0.2336 -0.9584 -0.0126 -0.2737 0.0802
-0.7963 0.1973 0.5671 0.073 -0.4194 0.7761 0.136 0.4509 -0.7909 0.0314 0.6108 0.0221 -0.7806 -0.1256 0.5759 -0.2081 -0.6245 -0.2284 0.7331 -0.1428 -0.7358 -0.141 0.6589 0.0676 -0.9228 -0.0623 -0.3762 0.0558 -0.6653 0.2026 0.7122 0.0952 -0.6224 0.2625 0.6993 0.2336 -0.9584 -0.0126 -0.2737 0.0802
-0.7963 0.1973 0.5671 0.073 -0.4194 0.7761 0.136 0.4509 -0.7909 0.0314 0.6108 0.0221 -0.7806 -0.1256 0.5759 -0.2081 -0.6245 -0.2284 0.7331 -0.1428 -0.7358 -0.141 0.6589 0.0676 -0.9228 -0.0623 -0.3762 0.0558 -0.6653 0.2026 0.7122 0.0952 -0.6224 0.2625 0.6993 0.2336 -0.9584 -0.0126 -0.2737 0.0802
-0.7963 0.1973 0.5671 0.073 -0.4194 0.7761 0.136 0.4509 -0.7909 0.0314 0.6108 0.0221 -0.7806 -0.1256 0.5759 -0.2081 -0.6245 -0.2284 0.7331 -0.1428 -0.7358 -0.141 0.6589 0.0676 -0.9228 -0.0623 -0.3762 0.0558 -0.6653 0.2026 0.7122 0.0952 -0.6224 0.2625 0.6993 0.2336 -0.9584 -0.0126 -0.2737 0.0802
-0.7963 0.1973 0.5671 0.073 -0.4194 0.7761 0.136 0.4509 -0.7909 0.0314 0.6108 0.0221 -0.7606 -0.1411 0.629 -0.0779 -0.6245 -0.2284 0.7331 -0.1428 -0.7358 -0.141 0.6589 0.0676 -0.9228 -0.0623 -0.3762 0.0558 -0.6653 0.2026 0.7122 0.0952 -0.6224 0.2625 0.6993 0.2336 -0.9584 -0.0126 -0.2737 0.0802
-0.7963 0.1973 0.5671 0.073 -0.364 0.7468 0.1271 0.542 -0.7909 0.0314 0.6108 0.0221 -0.7606 -0.1411 0.629 -0.0779 -0.6493 -0.0692 0.7352 -0.1821 -0.7358 -0.141 0.6589 0.0676 -0.9228 -0.0623 -0.3762 0.0558 -0.6653 0.2026 0.7122 0.0952 -0.6224 0.2625 0.6993 0.2336 -0.9489 -0.0179 -0.3065 0.0742
-0.7963 0.1973 0.5671 0.073 -0.364 0.7468 0.1271 0.542 -0.7909 0.0314 0.6108 0.0221 -0.7606 -0.1411 0.629 -0.0779 -0.6493 -0.0692 0.7352 -0.1821 -0.7358 -0.141 0.6589 0.0676 -0.9228 -0.0623 -0.3762 0.0558 -0.6653 0.2026 0.7122 0.0952 -0.6224 0.2625 0.6993 0.2336 -0.9489 -0.0179 -0.3065 0.0742
-0.7963 0.1973 0.5671 0.073 -0.364 0.7468 0.1271 0.542 -0.7691 0.0719 0.615 0.1584 -0.7606 -0.1411 0.629 -0.0779 -0.6493 -0.0692 0.7352 -0.1821 -0.7358 -0.141 0.6589 0.0676 -0.9228 -0.0623 -0.3762 0.0558 -0.6653 0.2026 0.7122 0.0952 -0.6428 0.291 0.6896 0.1628 -0.9489 -0.0179 -0.3065 0.0742
-0.7963 0.1973 0.5671 0.073 -0.364 0.7468 0.1271 0.542 -0.7691 0.0719 0.615 0.1584 -0.7606 -0.1411 0.629 -0.0779 -0.6493 -0.0692 0.7352 -0.1821 -0.7358 -0.141 0.6589 0.0676 -0.9228 -0.0623 -0.3762 0.0558 -0.6653 0.2026 0.7122 0.0952 -0.6428 0.291 0.6896 0.1628 -0.9489 -0.0179 -0.3065 0.0742
-0.7963 0.1973 0.5671 0.073 -0.364 0.7468 0.1271 0.542 -0.7691 0.0719 0.615 0.1584 -0.7606 -0.1411 0.629 -0.0779 -0.6493 -0.0692 0.7352 -0.1821 -0.7358 -0.141 0.6589 0.0676 -0.9228 -0.0623 -0.3762 0.0558 -0.6653 0.2026 0.7122 0.0952 -0.6428 0.291 0.6896 0.1628 -0.9489 -0.0179 -0.3065 0.0742
-0.7963 0.1973 0.5671 0.073 -0.364 0.7468 0.1271 0.542 -0.7691 0.0719 0.615 0.1584 -0.7606 -0.1411 0.629 -0.0779 -0.6493 -0.0692 0.7352 -0.1821 -0.7358 -0.141 0.6589 0.0676 -0.7887 -0.0963 -0.5659 0.2203 -0.6653 0.2026 0.7122 0.0952 -0.6428 0.291 0.6896 0.1628 -0.9489 -0.0179 -0.3065 0.0742
-0.7963 0.1973 0.5671 0.073 -0.364 0.7468 0.1271 0.542 -0.7691 0.0719 0.615 0.1584 -0.7396 -0.1855 0.6298 0.1481 -0.6493 -0.0692 0.7352 -0.1821 -0.7358 -0.141 0.6589 0.0676 -0.7887 -0.0963 -0.5659 0.2203 -0.6653 0.2026 0.7122 0.0952 -0.6428 0.291 0.6896 0.1628 -0.9489 -0.0179 -0.3065 0.0742
-0.7963 0.1973 0.5671 0.073 -0.364 0.7468 0.1271 0.542 -0.7691 0.0719 0.615 0.1584 -0.7396 -0.1855 0.6298 0.1481 -0.6493 -0.0692 0.7352 -0.1821 -0.7358 -0.141 0.6589 0.0676 -0.7887 -0.0963 -0.5659 0.2203 -0.6653 0.2026 0.7122 0.0952 -0.6428 0.291 0.6896 0.1628 -0.9457 -0.0179 -0.3173 0.0682
-0.7963 0.1973 0.5671 0.073 -0.364 0.7468 0.1271 0.542 -0.7775 0.0735 0.5724 0.2499 -0.7396 -0.1855 0.6298 0.1481 -0.6493 -0.0692 0.7352 -0.1821 -0.7358 -0.141 0.6589 0.0676 -0.7887 -0.0963 -0.5659 0.2203 -0.6653 0.2026 0.7122 0.0952 -0.6428 0.291 0.6896 0.1628 -0.9457 -0.0179 -0.3173 0.0682
-0.7963 0.1973 0.5671 0.073 -0.364 0.7468 0.1271 0.542 -0.7775 0.0735 0.5724 0.2499 -0.7396 -0.1855 0.6298 0.1481 -0.6493 -0.0692 0.7352 -0.1821 -0.7358 -0.141 0.6589 0.0676 -0.7887 -0.0963 -0.5659 0.2203 -0.6653 0.2026 0.7122 0.0952 -0.6554 0.3109 0.6785 0.1157 -0.9457 -0.0179 -0.3173 0.0682
-0.7963 0.1973 0.5671 0.073 -0.364 0.7468 0.1271 0.542 -0.7775 0.0735 0.5724 0.2499 -0.7396 -0.1855 0.6298 0.1481 -0.6493 -0.0692 0.7352 -0.1821 -0.7358 -0.141 0.6589 0.0676 -0.7887 -0.0963 -0.5659 0.2203 -0.6653 0.2026 0.7122 0.0952 -0.6554 0.3109 0.6785 0.1157 -0.9457 -0.0179 -0.3173 0.0682
-0.7963 0.1973 0.5671 0.073 -0.364 0.7468 0.1271 0.542 -0.7775 0.0735 0.5724 0.2499 -0.7396 -0.1855 0.6298 0.1481 -0.6493 -0.0692 0.7352 -0.1821 -0.7358 -0.141 0.6589 0.0676 -0.7887 -0.0963 -0.5659 0.2203 -0.6653 0.2026 0.7122 0.0952 -0.6554 0.3109 0.6785 0.1157 -0.9457 -0.0179 -0.3173 0.0682
-0.7963 0.1973 0.5671 0.073 -0.364 0.7468 0.1271 0.542 -0.7775 0.0735 0.5724 0.2499 -0.6951 -0.2953 0.5905 0.2847 -0.6493 -0.0692 0.7352 -0.1821 -0.7358 -0.141 0.6589 0.0676 -0.7887 -0.0963 -0.5659 0.2203 -0.6653 0.2026 0.7122 0.0952 -0.6554 0.3109 0.6785 0.1157 -0.9457 -0.0179 -0.3173 0.0682
-0.7963 0.1973 0.5671 0.073 -0.364 0.7468 0.1271 0.542 -0.7775 0.0735 0.5724 0.2499 -0.6951 -0.2953 0.5905 0.2847 -0.6493 -0.0692 0.7352 -0.1821 -0.7358 -0.141 0.6589 0.0676 -0.7887 -0.0963 -0.5659 0.2203 -0.6653 0.2026 0.7122 0.0952 -0.6554 0.3109 0.6785 0.1157 -0.9457 -0.0179 -0.3173 0.0682
-0.7963 0.1973 0.5671 0.073 -0.364 0.7468 0.1271 0.542 -0.7775 0.0735 0.5724 0.2499 -0.6951 -0.2953 0.5905 0.2847 -0.5659 -0.0298 0.7727 -0.2861 -0.7358 -0.141 0.6589 0.0676 -0.7887 -0.0963 -0.5659 0.2203 -0.6653 0.2026 0.7122 0.0952 -0.6554 0.3109 0.6785 0.1157 -0.9417 -0.0184 -0.3295 0.0661
-0.7963 0.1973 0.5671 0.073 -0.364 0.7468 0.1271 0.542 -0.784 0.0394 0.551 0.2831 -0.6951 -0.2953 0.5905 0.2847 -0.5659 -0.0298 0.7727 -0.2861 -0.7358 -0.141 0.6589 0.0676 -0.7887 -0.0963 -0.5659 0.2203 -0.6653 0.2026 0.7122 0.0952 -0.6554 0.3109 0.6785 0.1157 -0.9417 -0.0184 -0.3295 0.0661
-0.7963 0.1973 0.5671 0.073 -0.364 0.7468 0.1271 0.542 -0.784 0.0394 0.551 0.2831 -0.6951 -0.2953 0.5905 0.2847 -0.5659 -0.0298 0.7727 -0.2861 -0.7358 -0.141 0.6589 0.0676 -0.7887 -0.0963 -0.5659 0.2203 -0.6653 0.2026 0.7122 0.0952 -0.6808 0.3441 0.6443 0.0536 -0.9417 -0.0184 -0.3295 0.0661
-0.7963 0.1973 0.5671 0.073 -0.364 0.7468 0.1271 0.542 -0.784 0.0394 0.551 0.2831 -0.6951 -0.2953 0.5905 0.2847 -0.5659 -0.0298 0.7727 -0.2861 -0.7358 -0.141 0.6589 0.0676 -0.7887 -0.0963 -0.5659 0.2203 -0.6653 0.2026 0.7122 0.0952 -0.6808 0.3441 0.6443 0.0536 -0.9417 -0.0184 -0.3295 0.0661
-0.7963 0.1973 0.5671 0.073 -0.364 0.7468 0.1271 0.542 -0.784 0.0394 0.551 0.2831 -0.6951 -0.2953 0.5905 0.2847 -0.5659 -0.0298 0.7727 -0.2861 -0.7358 -0.141 0.6589 0.0676 -0.7887 -0.0963 -0.5659 0.2203 -0.6653 0.2026 0.7122 0.0952 -0.6808 0.3441 0.6443 0.0536 -0.9417 -0.0184 -0.3295 0.0661
-0.7963 0.1973 0.5671 0.073 -0.364 0.7468 0.1271 0.542 -0.784 0.0394 0.551 0.2831 -0.6951 -0.2953 0.5905 0.2847 -0.5659 -0.0298 0.7727 -0.2861 -0.7358 -0.141 0.6589 0.0676 -0.7887 -0.0963 -0.5659 0.2203 -0.6653 0.2026 0.7122 0.0952 -0.6808 0.3441 0.6443 0.0536 -0.9417 -0.0184 -0.3295 0.0661
-0.7963 0.1973 0.5671 0.073 -0.364 0.7468 0.1271 0.542 -0.784 0.0394 0.551 0.2831 -0.6884 -0.3227 0.563 0.3241 -0.5659 -0.0298 0.7727 -0.2861 -0.6891 0.0872 0.7192 -0.0201 -0.9731 -0.2232 -0.0554 -0.0096 -0.6653 0.2026 0.7122 0.0952 -0.6808 0.3441 0.6443 0.0536 -0.9417 -0.0184 -0.3295 0.0661
-0.7288 0.2592 0.5835 0.2476 -0.364 0.7468 0.1271 0.542 -0.784 0.0394 0.551 0.2831 -0.6884 -0.3227 0.563 0.3241 -0.5659 -0.0298 0.7727 -0.2861 -0.6891 0.0872 0.7192 -0.0201 -0.9731 -0.2232 -0.0554 -0.0096 -0.6653 0.2026 0.7122 0.0952 -0.6808 0.3441 0.6443 0.0536 -0.9114 -0.0015 -0.4039 0.0781
-0.7288 0.2592 0.5835 0.2476 -0.364 0.7468 0.1271 0.542 -0.784 0.0394 0.551 0.2831 -0.6884 -0.3227 0.563 0.3241 -0.5659 -0.0298 0.7727 -0.2861 -0.6891 0.0872 0.7192 -0.0201 -0.9731 -0.2232 -0.0554 -0.0096 -0.6653 0.2026 0.7122 0.0952 -0.6808 0.3441 0.6443 0.0536 -0.9114 -0.0015 -0.4039 0.0781
-0.7288 0.2592 0.5835 0.2476 -0.364 0.7468 0.1271 0.542 -0.7809 0.0359 0.5511 0.2917 -0.6884 -0.3227 0.563 0.3241 -0.5659 -0.0298 0.7727 -0.2861 -0.6891 0.0872 0.7192 -0.0201 -0.9731 -0.2232 -0.0554 -0.0096 -0.6653 0.2026 0.7122 0.0952 -0.7101 0.405 0.5745 -0.0402 -0.9114 -0.0015 -0.4039 0.0781
-0.7288 0.2592 0.5835 0.2476 -0.364 0.7468 0.1271 0.542 -0.7809 0.0359 0.5511 0.2917 -0.6884 -0.3227 0.563 0.3241 -0.5659 -0.0298 0.7727 -0.2861 -0.6891 0.0872 0.7192 -0.0201 -0.9731 -0.2232 -0.0554 -0.0096 -0.6653 0.2026 0.7122 0.0952 -0.7101 0.405 0.5745 -0.0402 -0.9114 -0.0015 -0.4039 0.0781
-0.7288 0.2592 0.5835 0.2476 -0.364 0.7468 0.1271 0.542 -0.7809 0.0359 0.5511 0.2917 -0.6884 -0.3227 0.563 0.3241 -0.5659 -0.0298 0.7727 -0.2861 -0.6891 0.0872 0.7192 -0.0201 -0.9731 -0.2232 -0.0554 -0.0096 -0.6653 0.2026 0.7122 0.0952 -0.7101 0.405 0.5745 -0.0402 -0.9114 -0.0015 -0.4039 0.0781
-0.7288 0.2592 0.5835 0.2476 -0.364 0.7468 0.1271 0.542 -0.7809 0.0359 0.5511 0.2917 -0.6884 -0.3227 0.563 0.3241 -0.5659 -0.0298 0.7727 -0.2861 -0.6891 0.0872 0.7192 -0.0201 -0.9731 -0.2232 -0.0554 -0.0096 -0.6653 0.2026 0.7122 0.0952 -0.7101 0.405 0.5745 -0.0402 -0.9114 -0.0015 -0.4039 0.0781
-0.7288 0.2592 0.5835 0.2476 -0.364 0.7468 0.1271 0.542 -0.7809 0.0359 0.5511 0.2917 -0.7117 -0.2684 0.6024 0.2421 -0.5659 -0.0298 0.7727 -0.2861 -0.6891 0.0872 0.7192 -0.0201 -0.9731 -0.2232 -0.0554 -0.0096 -0.6653 0.2026 0.7122 0.0952 -0.7101 0.405 0.5745 -0.0402 -0.9114 -0.0015 -0.4039 0.0781
-0.7288 0.2592 0.5835 0.2476 -0.364 0.7468 0.1271 0.542 -0.7809 0.0359 0.5511 0.2917 -0.7117 -0.2684 0.6024 0.2421 -0.5659 -0.0298 0.7727 -0.2861 -0.6891 0.0872 0.7192 -0.0201 -0.9731 -0.2232 -0.0554 -0.0096 -0.6653 0.2026 0.7122 0.0952 -0.7101 0.405 0.5745 -0.0402 -0.9114 -0.0015 -0.4039 0.0781
-0.7288 0.2592 0.5835 0.2476 -0.2825 0.7172 0.0704 0.6331 -0.7809 0.0359 0.5511 0.2917 -0.7117 -0.2684 0.6024 0.2421 -0.5659 -0.0298 0.7727 -0.2861 -0.6891 0.0872 0.7192 -0.0201 -0.9731 -0.2232 -0.0554 -0.0096 -0.6653 0.2026 0.7122 0.0952 -0.7101 0.405 0.5745 -0.0402 -0.9114 -0.0015 -0.4039 0.0781
-0.7288 0.2592 0.5835 0.2476 -0.2825 0.7172 0.0704 0.6331 -0.7809 0.0359 0.5511 0.2917 -0.7117 -0.2684 0.6024 0.2421 -0.5659 -0.0298 0.7727 -0.2861 -0.6891 0.0872 0.7192 -0.0201 -0.9731 -0.2232 -0.0554 -0.0096 -0.6653 0.2026 0.7122 0.0952 -0.7476 0.3993 0.4851 -0.2152 -0.9114 -0.0015 -0.4039 0.0781
-0.7288 0.2592 0.5835 0.2476 -0.2825 0.7172 0.0704 0.6331 -0.7809 0.0359 0.5511 0.2917 -0.7117 -0.2684 0.6024 0.2421 -0.5659 -0.0298 0.7727 -0.2861 -0.6891 0.0872 0.7192 -0.0201 -0.9731 -0.2232 -0.0554 -0.0096 -0.6653 0.2026 0.7122 0.0952 -0.7476 0.3993 0.4851 -0.2152 -0.9114 -0.0015 -0.4039 0.0781
-0.7288 0.2592 0.5835 0.2476 -0.2825 0.7172 0.0704 0.6331 -0.7809 0.0359 0.5511 0.2917 -0.7117 -0.2684 0.6024 0.2421 -0.5659 -0.0298 0.7727 -0.2861 -0.6891 0.0872 0.7192 -0.0201 -0.9731 -0.2232 -0.0554 -0.0096 -0.6653 0.2026 0.7122 0.0952 -0.7476 0.3993 0.4851 -0.2152 -0.9114 -0.0015 -0.4039 0.0781
-0.7288 0.2592 0.5835 0.2476 -0.2825 0.7172 0.0704 0.6331 -0.7809 0.0359 0.5511 0.2917 -0.7117 -0.2684 0.6024 0.2421 -0.5659 -0.0298 0.7727 -0.2861 -0.6891 0.0872 0.7192 -0.0201 -0.9463 -0.0629 -0.3138 0.0463 -0.6653 0.2026 0.7122 0.0952 -0.7476 0.3993 0.4851 -0.2152 -0.9114 -0.0015 -0.4039 0.0781
-0.7288 0.2592 0.5835 0.2476 -0.2825 0.7172 0.0704 0.6331 -0.7809 0.0359 0.5511 0.2917 -0.7459 -0.1562 0.6425 0.0799 -0.5659 -0.0298 0.7727 -0.2861 -0.6891 0.0872 0.7192 -0.0201 -0.9463 -0.0629 -0.3138 0.0463 -0.6653 0.2026 0.7122 0.0952 -0.7476 0.3993 0.4851 -0.2152 -0.9114 -0.0015 -0.4039 0.0781
-0.7288 0.2592 0.5835 0.2476 -0.2825 0.7172 0.0704 0.6331 -0.7809 0.0359 0.5511 0.2917 -0.7459 -0.1562 0.6425 0.0799 -0.5659 -0.0298 0.7727 -0.2861 -0.6891 0.0872 0.7192 -0.0201 -0.9463 -0.0629 -0.3138 0.0463 -0.6653 0.2026 0.7122 0.0952 -0.7476 0.3993 0.4851 -0.2152 -0.6422 -5.0E-4 -0.7581 -0.1135
-0.7288 0.2592 0.5835 0.2476 -0.2825 0.7172 0.0704 0.6331 -0.7615 0.065 0.6129 0.2009 -0.7459 -0.1562 0.6425 0.0799 -0.5659 -0.0298 0.7727 -0.2861 -0.6891 0.0872 0.7192 -0.0201 -0.9463 -0.0629 -0.3138 0.0463 -0.6653 0.2026 0.7122 0.0952 -0.7476 0.3993 0.4851 -0.2152 -0.6422 -5.0E-4 -0.7581 -0.1135
